737 12.25000 47.75000 56138.31249 21.65000 299 0.02220 1.63032 g -1
647 353.43600 26.15000 56138.31608 21.65000 299 0.01922 1.34930 g -1
736 2.21291 47.75000 56138.31967 21.65000 299 0.01922 1.38399 g -1
599 354.12545 18.95000 56138.32326 21.65000 299 0.01434 1.38221 g -1
694 3.46860 40.55000 56138.32684 21.65000 299 0.01434 1.37688 g -1
808 33.33333 62.15000 56138.33043 21.65000 299 0.01125 1.87601 g -1
549 354.78937 11.75000 56138.33402 21.65000 299 0.00959 1.41136 g -1
648 0.57433 33.35000 56138.33761 21.65000 299 0.00932 1.29528 g -1
774 17.54512 54.95000 56138.34120 21.65000 299 0.00918 1.50404 g -1
548 347.80512 11.75000 56138.34478 21.65000 299 0.00899 1.24471 g -1
696 20.38973 40.55000 56138.34837 21.65000 299 0.00898 1.56406 g -1
693 352.79056 33.35000 56138.35196 21.65000 299 0.00732 1.14182 g -1
601 8.48720 26.15000 56138.35555 21.65000 299 0.00697 1.36400 g -1
499 1.77362 11.75000 56138.35914 21.65000 299 0.00653 1.37274 g -1
500 8.75787 11.75000 56138.36272 21.65000 299 0.00641 1.48785 g -1
738 22.28709 47.75000 56138.36631 21.65000 299 0.00637 1.43753 g -1
600 0.96160 26.15000 56138.36990 21.65000 299 0.00570 1.18228 g -1
602 16.01280 26.15000 56138.37349 21.65000 299 0.00558 1.38384 g -1
807 20.00000 62.15000 56138.37708 21.65000 299 0.00484 1.38661 g -1
550 1.37527 18.95000 56138.38066 21.65000 299 0.00465 1.18795 g -1
598 346.87564 18.95000 56138.38425 21.65000 299 0.00429 1.07099 g -1
775 28.13537 54.95000 56138.38784 21.65000 299 0.00414 1.40825 g -1
735 355.03720 40.55000 56138.39143 21.65000 299 0.00393 1.06075 g -1
806 6.66667 62.15000 56138.39501 21.65000 299 0.00374 1.23054 g -1
697 28.87947 40.55000 56138.39860 21.65000 299 0.00361 1.36895 g -1
804 345.77437 54.95000 56138.40219 21.65000 299 0.00344 1.08375 g -1
695 11.90000 40.40000 56138.40578 21.65000 299 0.00331 1.13508 g -1
650 16.14189 33.35000 56138.40937 21.65000 299 0.00320 1.16706 g -1
773 6.95487 54.95000 56138.41295 21.65000 299 0.00318 1.13950 g -1
805 356.36462 54.95000 56138.41654 21.65000 299 0.00312 1.09520 g -1
649 8.35811 33.35000 56138.42013 21.65000 299 0.00298 1.07408 g -1
772 352.17582 47.75000 56138.42372 21.65000 299 0.00287 1.03889 g -1
832 353.33333 62.15000 56138.42731 21.65000 299 0.00278 1.14688 g -1
547 340.82087 11.75000 56138.43089 21.65000 299 0.00277 1.07981 g -1
771 342.13873 47.75000 56138.43448 21.65000 299 0.00263 1.03571 g -1
551 8.62509 18.95000 56138.43807 21.65000 299 0.00259 1.08269 g -1
646 345.91040 26.15000 56138.44166 21.65000 299 0.00258 1.01019 g -1
645 338.38480 26.15000 56138.44525 21.65000 299 0.00192 1.02883 g -1
734 346.60580 40.55000 56138.44883 21.65000 299 0.00176 1.01216 g -1
552 15.87491 18.95000 56138.45242 21.65000 299 0.00152 1.09456 g -1
770 332.10164 47.75000 56138.45601 21.65000 299 0.00150 1.08504 g -1
692 345.00678 33.35000 56138.45960 21.65000 299 0.00142 1.01525 g -1
803 335.18412 54.95000 56138.46319 21.65000 299 0.00138 1.12216 g -1
1691 353.10079 29.75000 56138.46677 21.65000 299 0.00135 1.00647 g -1
1595 354.46304 15.35000 56138.47036 21.65000 299 0.00133 1.05653 g -1
651 23.92567 33.35000 56138.47395 21.65000 299 0.00133 1.05273 g -1
447 5.23912 4.55000 56138.47754 21.65000 299 0.00124 1.14100 g -1
1594 347.34826 15.35000 56138.48113 21.65000 299 0.00116 1.09312 g -1
495 337.19560 4.55000 56138.48471 21.65000 299 0.00113 1.29207 g -1
733 338.17440 40.55000 56138.48830 21.65000 299 0.00083 1.09667 g -1
1811 30.98986 58.55000 56138.49189 21.65000 299 0.00080 1.14760 g -1
691 337.22300 33.35000 56138.49548 21.65000 299 0.00079 1.12387 g -1
830 326.66667 62.15000 56139.15941 21.65000 299 0.00032 1.74343 g -1
831 340.00000 62.15000 56139.16300 21.65000 299 0.00078 2.03110 g -1
846 231.42857 69.35000 56139.16658 21.65000 299 0.00030 1.26557 g -1
732 329.74300 40.55000 56139.17017 21.65000 299 0.00028 1.96802 g -1
866 300.00000 76.55000 56139.17376 21.65000 299 0.00028 1.48869 g -1
688 313.87167 33.35000 56139.17735 21.65000 299 0.00027 1.48380 g -1
690 329.43922 33.35000 56139.18094 21.65000 299 0.00026 1.93454 g -1
853 351.42857 69.35000 56139.18452 21.65000 299 0.00023 1.99860 g -1
596 332.37600 18.95000 56139.20246 21.65000 299 0.00065 2.06606 g -1
1808 352.41120 51.35000 56139.21323 21.65000 299 0.00023 2.04364 g -1
597 339.62582 18.95000 56139.22399 21.65000 299 0.00067 2.03823 g -1
833 8.57143 69.35000 56139.23117 21.65000 299 0.00045 2.00598 g -1
1734 355.48700 36.95000 56139.24193 21.65000 299 0.00045 2.03843 g -1
1773 358.27277 44.15000 56139.24552 21.65000 299 0.00037 1.95521 g -1
443 333.59135 -2.65000 56139.24911 21.65000 299 0.00026 2.03007 g -1
1644 353.78071 22.55000 56139.25628 21.65000 299 0.00027 2.06464 g -1
496 344.20648 4.55000 56139.26346 21.65000 299 0.00036 2.01459 g -1
1735 7.65092 44.15000 56139.26705 21.65000 299 0.00064 2.02063 g -1
1645 0.76047 29.75000 56139.27064 21.65000 299 0.00057 1.96680 g -1
1775 12.04202 51.35000 56139.27422 21.65000 299 0.00051 1.95861 g -1
1692 3.86850 36.95000 56139.27781 21.65000 299 0.00034 1.84643 g -1
497 351.21736 4.55000 56139.28140 21.65000 299 0.00055 2.04147 g -1
855 36.00000 76.55000 56139.28499 21.65000 299 0.00048 2.01241 g -1
1810 18.98986 58.55000 56139.28857 21.65000 299 0.00030 1.91061 g -1
1736 16.84908 44.15000 56139.29216 21.65000 299 0.00068 2.02665 g -1
1545 1.57783 15.35000 56139.29575 21.65000 299 0.00050 1.94579 g -1
1646 8.59984 29.75000 56139.29934 21.65000 299 0.00028 1.85765 g -1
498 358.22824 4.55000 56139.30293 21.65000 299 0.00047 2.00344 g -1
834 25.71429 69.35000 56139.30651 21.65000 299 0.00025 1.81921 g -1
1546 8.53084 15.35000 56139.31010 21.65000 299 0.00023 2.03429 g -1
