0.0000000000 2.3920990375e-02 47.3151792488
0.0035879630 5.0535216307e-02 94.5254467919
0.0071759259 6.9126714785e-02 141.8930818935
0.0107638889 8.7524192117e-02 188.9459818782
0.0143518519 1.0474071291e-01 236.2087052741
0.0179398148 1.2128693677e-01 279.2749604440
0.0215277778 1.3912515275e-01 327.4294333380
0.0251157408 1.4924974702e-01 368.9220129231
0.0287037037 1.6274668217e-01 414.8208841456
0.0322916667 1.7427200391e-01 453.6382152366
0.0358796296 1.8565955629e-01 500.5862035156
0.0394675926 1.9653154979e-01 548.3734854398
0.0430555556 2.0676995132e-01 593.6428864284
0.0466435185 2.1658256015e-01 635.5551128362
0.0502314815 2.2435443980e-01 674.4773556328
0.0538194445 2.3077051851e-01 718.5402720064
0.0574074074 2.3871818653e-01 766.3275539306
0.0609953704 2.4346758635e-01 813.0132629455
0.0645833334 2.4765922513e-01 858.1252963756
0.0681712963 2.5215542979e-01 905.3355639187
0.0717592593 2.5636896443e-01 950.5525090545
0.0753472223 2.6054052175e-01 995.8219100430
0.0789351852 2.6354652579e-01 1038.8881652129
0.0825231482 2.6744359672e-01 1086.1508886089
0.0861111112 2.7141756900e-01 1125.0206755527
0.0896990741 2.7501445922e-01 1172.7030457713
0.0932870371 2.7853839835e-01 1220.0182250201
0.0968750001 2.8192096472e-01 1265.9695520954
0.1004629630 2.8500105216e-01 1311.2914089368
0.1040509260 2.8809727632e-01 1352.5741651106
0.1076388889 2.9104576361e-01 1396.6895373370
0.1112268519 2.9387644417e-01 1443.6375256160
0.1148148149 2.9598476083e-01 1485.1825610540
0.1184027778 2.9866460212e-01 1529.6126683974
0.1219907408 3.0127943767e-01 1576.9278476461
0.1255787038 3.0381632533e-01 1622.0923369291
0.1291666667 3.0588667257e-01 1663.6373723670
0.1327546297 3.0829988742e-01 1711.0574633214
0.1363425927 3.1066739743e-01 1757.1661579552
0.1399305556 3.1298769665e-01 1803.4846760003
0.1435185186 3.1524770843e-01 1851.3768696302
0.1471064816 3.1699141568e-01 1893.1841843323
0.1506944445 3.1894955731e-01 1937.3520124115
0.1542824075 3.2081502218e-01 1983.5656187509
0.1578703705 3.2251606042e-01 2029.6218575319
0.1614583334 3.2423553331e-01 2071.5340839396
0.1650462964 3.2585737634e-01 2118.6918956299
0.1686342594 3.2740201209e-01 2163.9612966185
0.1722222223 3.2900691178e-01 2211.0141966032
0.1758101853 3.3005589404e-01 2249.8839835470
0.1793981482 3.3139355794e-01 2295.3107520941
0.1829861112 3.3270196422e-01 2339.5310360261
0.1865740742 3.3404201222e-01 2386.4790243051
0.1901620371 3.3550373158e-01 2388.7870818295
0.1937500001 3.3671643513e-01 2430.6468523844
0.1973379631 3.3803006530e-01 2432.7975423502
0.2009259260 3.3923046041e-01 2479.8504423349
0.2045138890 3.4050190477e-01 2527.4803567006
0.2081018520 3.4162997116e-01 2570.2318767535
0.2116898149 3.4279350010e-01 2573.1169486590
0.2152777779 3.4391980221e-01 2614.6095282441
0.2188657409 3.4500238335e-01 2617.8093352665
0.2224537038 3.4604795396e-01 2664.9671469568
0.2260416668 3.4706812232e-01 2712.0200469414
0.2296296298 3.4799009249e-01 2749.6833492703
0.2332175927 3.4909426965e-01 2797.0509843719
0.2368055557 3.5006473404e-01 2844.2612519150
0.2403935187 3.5102976717e-01 2890.3174906960
0.2439814816 3.5199218693e-01 2937.3703906806
0.2475694446 3.5286627292e-01 2964.4900665915
0.2511574075 3.5371635401e-01 3003.3073976825
0.2547453705 3.5448912352e-01 3005.4056317955
0.8584795970 3.5985644550e-01 3052.6683551915
0.8620675599 3.6241065933e-01 3094.1084789238
0.8656555229 3.6425219777e-01 3132.9258100148
0.8692434859 3.6621404246e-01 3180.3459009692
0.8728314488 3.6728810740e-01 3224.8809200183
0.8764194118 3.6833137406e-01 3272.6682019425
0.8800073747 3.6934862925e-01 3319.8260136328
0.8835953377 3.7037290425e-01 3366.7215460589
0.8871833007 3.7137311128e-01 3411.9909470475
0.8907712636 3.7227560770e-01 3453.5359824855
0.8943592266 3.7323510292e-01 3498.2808249458
0.8979471896 3.7417429263e-01 3543.4453142287
0.9015351525 3.7504357272e-01 3586.5640252514
0.9051231155 3.7597681362e-01 3632.4104406211
0.9087110785 3.7690433708e-01 3677.7322974625
0.9122990414 3.7781160457e-01 3724.9425650056
0.9158870044 3.7872423341e-01 3771.0512596394
0.9194749674 3.7960733456e-01 3814.7994408961
0.9230629303 3.8050240995e-01 3862.0097084392
0.9266508933 3.8137373629e-01 3909.3248876880
0.9302388563 3.8224034395e-01 3955.4335823218
0.9338268192 3.8306417290e-01 4000.7554391632
0.9374147822 3.8388663816e-01 4045.9723842989
0.9410027452 3.8469045741e-01 4092.8679167251
0.9445907081 3.8534343251e-01 4128.6952642050
0.9481786711 3.8611027015e-01 4174.6990471332
0.9517666340 3.8705079886e-01 4221.7519471178
0.9553545970 3.8780869190e-01 4267.9130976044
0.9589425600 3.8856396843e-01 4315.5430119702
0.9625305229 3.8930720198e-01 4360.7599571059
0.9661184859 3.9005348895e-01 4408.3898714717
0.9697064489 3.9078348822e-01 4455.7575065733
0.9732944118 3.9150152033e-01 4502.8104065579
0.9768823748 3.9219824610e-01 4547.8175282824
0.9804703378 3.9299824883e-01 4595.1327075311
0.9840583007 3.9369713890e-01 4621.9901041779
0.9876462637 3.9439140504e-01 4669.2003717210
0.9912342267 3.9508316186e-01 4716.6729185283
0.9948221896 3.9576730568e-01 4762.5193338979
0.9984101526 3.9645118473e-01 4804.0643693359
