0.2988291692 8.9018792609e-04 47.2627233960
0.3203569469 6.1768293568e-03 94.6303584976
0.3239449099 8.1030765361e-03 139.8997594861
0.3347087988 2.4324729599e-02 173.9436079700
0.3382967618 3.0213398627e-02 202.6369594657
0.3418847247 3.1761774084e-02 250.2668738314
0.3454726877 3.8723086549e-02 285.9368537529
0.3490606507 4.1956558888e-02 332.8323861791
0.3526486136 4.7205689297e-02 378.2591547261
0.3562365766 7.9246627219e-02 402.1790236146
0.3598245396 1.0220574623e-01 434.8590199250
0.3634125025 1.0324548833e-01 482.5413901436
0.3670004655 1.4890102030e-01 516.2180476577
0.3705884284 1.8292227221e-01 563.8479620234
0.3741763914 1.9179098853e-01 608.9599954535
0.3777643544 2.0050374306e-01 656.0128954382
0.3813523173 2.1397893935e-01 701.6494873965
0.3849402803 2.4559504288e-01 747.3909910605
0.3885282433 3.0096933454e-01 794.8635378678
0.3921162062 3.0439807318e-01 797.1191395393
0.3957041692 3.2494106492e-01 815.9507907037
0.3992921322 3.4269009434e-01 846.6374646068
0.4028800951 3.4746510680e-01 892.3789682708
0.4064680581 3.5944780462e-01 938.2253836404
0.4100560211 3.9042262835e-01 985.5405628892
0.4136439840 3.9959646192e-01 1033.1180214021
0.4172319470 4.4451932232e-01 1080.0660096811
0.4208199100 4.4732875278e-01 1125.2829548169
0.4244078729 4.6547865247e-01 1171.8637521261
0.4279958359 4.8522375754e-01 1192.8460932564
0.4315837989 4.9479011273e-01 1240.5809193278
0.4351717618 4.9766700750e-01 1288.0010102822
0.4387597248 5.2368961719e-01 1329.3362223088
0.4423476877 5.5402065521e-01 1362.5407771475
0.4459356507 5.6052382437e-01 1409.5936771322
0.4495236137 5.6280875175e-01 1456.9088563809
0.4531115766 5.6505947841e-01 1459.3742814637
0.4566995396 5.7540846761e-01 1506.3747255956
0.4602875026 6.3141633280e-01 1553.4276255802
0.4638754655 6.6175665534e-01 1600.4805255649
0.4674634285 6.6487373895e-01 1643.5467807348
0.4710513915 7.0704748675e-01 1668.6731342383
0.4746393544 7.0939809669e-01 1715.7784900758
0.4782273174 7.1145484647e-01 1761.3626261813
0.4818152804 7.4658907168e-01 1788.7970372091
0.4854032433 7.5674379240e-01 1832.9648652884
0.4889912063 7.5879233537e-01 1836.1646723107
0.4925791693 7.7623354582e-01 1883.2700281482
0.4961671322 7.7844031197e-01 1930.5852073970
0.4997550952 7.9585581248e-01 1960.9046903302
0.5033430582 8.0734453388e-01 2000.4564033608
0.5069310211 8.1044661237e-01 2043.5226585307
0.5105189841 8.1692375884e-01 2072.0586424679
0.5141069470 8.1896497249e-01 2075.6780963129
0.5176949100 8.2085863460e-01 2118.7968073356
0.5212828730 8.2283763707e-01 2121.1048648599
0.5248708359 8.2473449827e-01 2166.1119865844
0.5284587989 8.2665782024e-01 2213.4271658331
0.5320467619 8.2844197206e-01 2260.5325216706
0.5356347248 8.3018030336e-01 2262.5782999308
0.5392226878 8.3192484844e-01 2309.6311999155
0.5428106508 8.3343639123e-01 2353.4842928778
0.5463986137 8.3475800667e-01 2393.8752995536
0.5499865767 8.3621485600e-01 2441.1380229495
0.5535745397 8.3755611181e-01 2443.3411687682
0.5571625026 8.3883087376e-01 2490.3940687528
0.5607504656 8.3998743464e-01 2492.4923028659
0.5643384286 8.4113741769e-01 2534.0897941566
0.5679263915 8.4199943027e-01 2574.1660657155
0.5715143545 8.4299033120e-01 2619.4354667041
0.5751023175 8.4383746148e-01 2666.4883666887
0.5786902804 8.4473615760e-01 2669.1636151828
0.5822782434 8.4561180701e-01 2714.8002071412
0.5858662063 8.4648200566e-01 2760.6990783637
0.5894541693 8.4726063392e-01 2802.1392020960
0.5930421323 8.4808459232e-01 2804.2374362090
0.5966300952 8.4884111150e-01 2849.4019254919
0.6002180582 8.4949699254e-01 2851.6050713106
0.6038060212 8.5022695618e-01 2896.6646488879
0.6073939841 8.5094346964e-01 2943.9798281366
0.6080884286 8.5094346964e-01 2943.9798281366
0.6116763915 8.5094346964e-01 2943.9798281366
0.6152643545 8.5094346964e-01 2943.9798281366
0.6188523175 8.5094346964e-01 2943.9798281366
0.6224402804 8.5094346964e-01 2943.9798281366
0.6260282434 8.5094346964e-01 2943.9798281366
0.6296162064 8.5094346964e-01 2943.9798281366
0.6332041693 8.5094346964e-01 2943.9798281366
0.6367921323 8.5094346964e-01 2943.9798281366
0.6403800953 8.5094346964e-01 2943.9798281366
0.6439680582 8.5094346964e-01 2943.9798281366
0.6475560212 8.5094346964e-01 2943.9798281366
0.6511439842 8.5094346964e-01 2943.9798281366
0.6547319471 8.5094346964e-01 2943.9798281366
0.6583199101 8.5094346964e-01 2943.9798281366
0.6619078731 8.5094346964e-01 2943.9798281366
