798 279.99351 54.95000 56169.13369 21.65000 299 0.00298 1.08424 g -1
765 282.92208 47.75000 56169.13728 21.65000 299 0.00190 1.04517 g -1
799 291.09099 54.95000 56169.14086 21.65000 299 0.00177 1.10545 g -1
766 292.69677 47.75000 56169.14445 21.65000 299 0.00124 1.06595 g -1
797 268.89602 54.95000 56169.14804 21.65000 299 0.00110 1.07878 g -1
800 302.18847 54.95000 56169.15163 21.65000 299 0.00096 1.13414 g -1
764 273.14738 47.75000 56169.15522 21.65000 299 0.00093 1.03432 g -1
826 273.33333 62.15000 56169.15880 21.65000 299 0.00086 1.14370 g -1
767 302.47146 47.75000 56169.16239 21.65000 299 0.00081 1.07908 g -1
827 286.66667 62.15000 56169.16598 21.65000 299 0.00074 1.14336 g -1
727 287.03496 40.55000 56169.16957 21.65000 299 0.00060 1.00973 g -1
768 312.24615 47.75000 56169.17316 21.65000 299 0.00055 1.10849 g -1
548 347.80512 11.75000 56169.17674 21.65000 299 0.00051 2.03723 g -1
496 344.20648 4.55000 56169.18033 21.65000 299 0.00052 2.03665 g -1
728 295.65178 40.55000 56169.18392 21.65000 299 0.00047 1.01378 g -1
726 278.41815 40.55000 56169.18751 21.65000 299 0.00046 1.01971 g -1
444 340.62019 -2.65000 56169.19110 21.65000 299 0.00046 1.95813 g -1
549 354.78937 11.75000 56169.19468 21.65000 299 0.00058 2.06438 g -1
497 351.21736 4.55000 56169.19827 21.65000 299 0.00113 2.06427 g -1
801 313.28596 54.95000 56169.20186 21.65000 299 0.00043 1.10627 g -1
445 347.64904 -2.65000 56169.20545 21.65000 299 0.00089 2.04164 g -1
729 304.26859 40.55000 56169.20904 21.65000 299 0.00041 1.01315 g -1
828 300.00000 62.15000 56169.21262 21.65000 299 0.00038 1.14172 g -1
393 344.05326 -9.85000 56169.21621 21.65000 299 0.00076 2.02343 g -1
498 358.22824 4.55000 56169.21980 21.65000 299 0.00154 2.02523 g -1
499 1.77362 11.75000 56169.22339 21.65000 299 0.00058 1.89884 g -1
446 354.67788 -2.65000 56169.22698 21.65000 299 0.00250 2.00686 g -1
730 312.82187 40.55000 56169.23056 21.65000 299 0.00036 1.01435 g -1
394 351.10244 -9.85000 56169.23415 21.65000 299 0.00151 2.04728 g -1
447 5.23912 4.55000 56169.23774 21.65000 299 0.00177 2.05255 g -1
500 8.75787 11.75000 56169.24133 21.65000 299 0.00032 1.92182 g -1
396 1.70673 -2.65000 56169.24491 21.65000 299 0.00383 2.03251 g -1
547 340.82087 11.75000 56169.24850 21.65000 299 0.00031 1.21386 g -1
343 347.46325 -17.05000 56169.25209 21.65000 299 0.00115 2.02199 g -1
395 358.15163 -9.85000 56169.25568 21.65000 299 0.00506 2.01707 g -1
448 12.25000 4.55000 56169.25927 21.65000 299 0.00085 2.01411 g -1
397 8.73558 -2.65000 56169.26285 21.65000 299 0.00449 2.05908 g -1
1389 1.88844 -6.25000 56169.26644 21.65000 299 0.00034 1.86324 g -1
344 354.54518 -17.05000 56169.27003 21.65000 299 0.00223 2.04193 g -1
345 5.20081 -9.85000 56169.27362 21.65000 299 0.00821 2.04080 g -1
1390 8.86589 -6.25000 56169.27721 21.65000 299 0.00043 1.98162 g -1
769 322.06455 47.75000 56169.28079 21.65000 299 0.00030 1.03276 g -1
398 15.76442 -2.65000 56169.28438 21.65000 299 0.00174 2.02366 g -1
1337 5.33343 -13.45000 56169.28797 21.65000 299 0.00046 2.01239 g -1
294 1.62711 -17.05000 56169.29156 21.65000 299 0.00856 2.01900 g -1
346 12.25000 -9.85000 56169.29515 21.65000 299 0.00931 2.01094 g -1
292 346.37425 -24.25000 56169.29873 21.65000 299 0.00083 1.98586 g -1
291 338.98118 -24.25000 56169.30232 21.65000 299 0.00028 1.89116 g -1
1338 12.38336 -13.45000 56169.30591 21.65000 299 0.00057 2.03383 g -1
295 8.70904 -17.05000 56169.30950 21.65000 299 0.01406 2.03894 g -1
347 19.29919 -9.85000 56169.31309 21.65000 299 0.00309 2.03457 g -1
293 353.76732 -24.25000 56169.31667 21.65000 299 0.00162 2.00021 g -1
1287 5.01679 -20.65000 56169.32026 21.65000 299 0.00061 2.00726 g -1
495 337.19560 4.55000 56169.32385 21.65000 299 0.00027 1.14073 g -1
731 321.31160 40.55000 56169.32744 21.65000 299 0.00027 1.04243 g -1
296 15.79096 -17.05000 56169.33103 21.65000 299 0.01512 2.01624 g -1
245 1.16039 -24.25000 56169.33461 21.65000 299 0.00561 2.01559 g -1
1288 12.25000 -20.65000 56169.33820 21.65000 299 0.00087 2.02712 g -1
348 26.34837 -9.85000 56169.34179 21.65000 299 0.00028 1.90850 g -1
1339 19.16596 -13.45000 56169.34538 21.65000 299 0.00025 1.80232 g -1
297 22.87289 -17.05000 56169.34897 21.65000 299 0.00429 2.03620 g -1
598 346.87564 18.95000 56169.35255 21.65000 299 0.00025 1.03262 g -1
246 8.55346 -24.25000 56169.35614 21.65000 299 0.01365 2.00905 g -1
1289 19.48321 -20.65000 56169.35973 21.65000 299 0.00071 2.01294 g -1
1388 358.37557 -13.45000 56169.36332 21.65000 299 0.00024 1.46747 g -1
597 339.62582 18.95000 56169.36691 21.65000 299 0.00024 1.05921 g -1
298 29.95482 -17.05000 56169.37049 21.65000 299 0.00033 2.01372 g -1
1391 15.63351 -6.25000 56169.37408 21.65000 299 0.00023 1.37774 g -1
247 15.94654 -24.25000 56169.37767 21.65000 299 0.01341 2.00275 g -1
599 354.12545 18.95000 56169.38126 21.65000 299 0.00022 1.03542 g -1
399 22.79327 -2.65000 56169.38485 21.65000 299 0.00021 1.33835 g -1
1440 354.98074 -6.25000 56169.38843 21.65000 299 0.00021 1.30644 g -1
689 321.65544 33.35000 56169.39202 21.65000 299 0.00020 1.21150 g -1
248 23.33961 -24.25000 56169.39561 21.65000 299 0.00333 2.01851 g -1
1441 5.36895 0.95000 56169.39920 21.65000 299 0.00020 1.18351 g -1
688 313.87167 33.35000 56169.40279 21.65000 299 0.00018 1.38656 g -1
546 333.83662 11.75000 56169.40637 21.65000 299 0.00018 1.27061 g -1
690 329.43922 33.35000 56169.40996 21.65000 299 0.00017 1.19636 g -1
1336 357.78357 -20.65000 56169.41355 21.65000 299 0.00016 1.75891 g -1
596 332.37600 18.95000 56169.41714 21.65000 299 0.00016 1.27208 g -1
644 330.85920 26.15000 56169.42073 21.65000 299 0.00016 1.25851 g -1
550 1.37527 18.95000 56169.42431 21.65000 299 0.00016 1.05537 g -1
645 338.38480 26.15000 56169.42790 21.65000 299 0.00016 1.19586 g -1
1492 358.47954 0.95000 56169.43149 21.65000 299 0.00016 1.24964 g -1
732 329.74300 40.55000 56169.43508 21.65000 299 0.00016 1.29073 g -1
449 19.26088 4.55000 56169.43866 21.65000 299 0.00016 1.14053 g -1
296 15.79096 -17.05000 56169.43936 21.65000 299 0.01512 1.57238 r -1
295 8.70904 -17.05000 56169.44295 21.65000 299 0.01406 1.61645 r -1
246 8.55346 -24.25000 56169.44654 21.65000 299 0.01365 1.94727 r -1
247 15.94654 -24.25000 56169.45012 21.65000 299 0.01341 1.88971 r -1
346 12.25000 -9.85000 56169.45371 21.65000 299 0.00931 1.41170 r -1
294 1.62711 -17.05000 56169.45730 21.65000 299 0.00856 1.77480 r -1
345 5.20081 -9.85000 56169.46089 21.65000 299 0.00821 1.50185 r -1
395 358.15163 -9.85000 56169.46448 21.65000 299 0.00506 1.63487 r -1
397 8.73558 -2.65000 56169.46806 21.65000 299 0.00449 1.33314 r -1
297 22.87289 -17.05000 56169.47165 21.65000 299 0.00429 1.59100 r -1
396 1.70673 -2.65000 56169.47524 21.65000 299 0.00383 1.45459 r -1
248 23.33961 -24.25000 56169.47883 21.65000 299 0.00333 1.91370 r -1
347 19.29919 -9.85000 56169.48241 21.65000 299 0.00309 1.43634 r -1
446 354.67788 -2.65000 56169.48600 21.65000 299 0.00250 1.68840 r -1
447 5.23912 4.55000 56169.48959 21.65000 299 0.00177 1.34745 r -1
398 15.76442 -2.65000 56169.49318 21.65000 299 0.00174 1.35395 r -1
498 358.22824 4.55000 56169.49677 21.65000 299 0.00154 1.52292 r -1
497 351.21736 4.55000 56169.50035 21.65000 299 0.00113 1.75837 r -1
448 12.25000 4.55000 56169.50394 21.65000 299 0.00085 1.32226 r -1
1289 19.48321 -20.65000 56169.50753 21.65000 299 0.00071 1.94658 r -1
499 1.77362 11.75000 56169.51112 21.65000 299 0.00058 1.43289 r -1
549 354.78937 11.75000 56169.51471 21.65000 299 0.00058 1.64052 r -1
