0.0000000000 7.2511877594e-01 47.4725468073
0.0035879630 8.3994623413e-01 94.7877260560
0.0071759259 8.4938404606e-01 137.8539812259
0.0107638889 8.8338327366e-01 143.9913160065
0.0143518519 9.1984857282e-01 191.3064952553
0.0179398148 9.3135426711e-01 235.1595882176
0.0215277778 9.4520337056e-01 240.1428942360
0.0222222222 9.4520337056e-01 240.1428942360
0.0258101852 9.4520337056e-01 240.1428942360
0.0293981482 9.4520337056e-01 240.1428942360
0.0329861111 9.4520337056e-01 240.1428942360
0.0365740741 9.4520337056e-01 240.1428942360
0.0401620371 9.4520337056e-01 240.1428942360
0.6951522443 9.4520337056e-01 240.1428942360
