716 192.25000 40.55000 56100.17108 21.65000 299 0.00603 1.06218 g -1
715 183.63319 40.55000 56100.17467 21.65000 299 0.00565 1.12368 g -1
672 188.32336 33.35000 56100.17826 21.65000 299 0.00291 1.10013 g -1
717 200.86681 40.55000 56100.18185 21.65000 299 0.00248 1.04170 g -1
756 194.94985 47.75000 56100.18543 21.65000 299 0.00151 1.09425 g -1
673 196.17664 33.35000 56100.18902 21.65000 299 0.00149 1.07371 g -1
755 185.52515 47.75000 56100.19261 21.65000 299 0.00121 1.17327 g -1
718 209.48363 40.55000 56100.19620 21.65000 299 0.00098 1.03003 g -1
757 204.72454 47.75000 56100.19979 21.65000 299 0.00094 1.07341 g -1
435 277.33000 -2.65000 56100.20337 21.65000 299 0.00060 1.97306 g -1
674 204.02993 33.35000 56100.20696 21.65000 299 0.00057 1.06564 g -1
383 273.55117 -9.85000 56100.21055 21.65000 299 0.00079 2.00863 g -1
719 218.10044 40.55000 56100.21414 21.65000 299 0.00048 1.02407 g -1
436 284.38942 -2.65000 56100.21773 21.65000 299 0.00044 2.05947 g -1
758 214.49923 47.75000 56100.22131 21.65000 299 0.00040 1.06579 g -1
720 226.71726 40.55000 56100.22490 21.65000 299 0.00028 1.01424 g -1
384 280.61059 -9.85000 56100.22849 21.65000 299 0.00251 2.03211 g -1
1714 188.06674 36.95000 56100.23208 21.65000 299 0.00026 1.30555 g -1
675 211.88321 33.35000 56100.23567 21.65000 299 0.00025 1.08082 g -1
1755 192.06898 44.15000 56100.23925 21.65000 299 0.00021 1.27376 g -1
1754 183.04776 44.15000 56100.24284 21.65000 299 0.00016 1.43067 g -1
333 276.64396 -17.05000 56100.24643 21.65000 299 0.00268 2.00136 g -1
385 287.65978 -9.85000 56100.25002 21.65000 299 0.00188 2.00225 g -1
1377 282.06621 -13.45000 56100.25361 21.65000 299 0.00019 1.91877 g -1
434 270.24000 -2.65000 56100.25719 21.65000 299 0.00016 1.35559 g -1
759 224.27392 47.75000 56100.26078 21.65000 299 0.00015 1.08421 g -1
334 283.72589 -17.05000 56100.26437 21.65000 299 0.00795 2.02021 g -1
386 294.70896 -9.85000 56100.26796 21.65000 299 0.00033 2.02510 g -1
1325 278.21821 -20.65000 56100.27155 21.65000 299 0.00019 1.98154 g -1
1378 289.02114 -13.45000 56100.27513 21.65000 299 0.00016 1.89332 g -1
282 272.44354 -24.25000 56100.27872 21.65000 299 0.00019 2.01122 g -1
335 290.80782 -17.05000 56100.28231 21.65000 299 0.00781 2.03973 g -1
1326 285.45143 -20.65000 56100.28590 21.65000 299 0.00073 2.03348 g -1
676 219.73650 33.35000 56100.28949 21.65000 299 0.00013 1.17724 g -1
486 274.35133 4.55000 56100.29307 21.65000 299 0.00013 1.17936 g -1
1715 196.43326 36.95000 56100.29666 21.65000 299 0.00012 1.61142 g -1
283 279.83661 -24.25000 56100.30025 21.65000 299 0.00333 2.00436 g -1
336 297.88975 -17.05000 56100.30384 21.65000 299 0.00038 2.01657 g -1
1327 292.85135 -20.65000 56100.30742 21.65000 299 0.00049 2.02299 g -1
1756 201.49708 44.15000 56100.31101 21.65000 299 0.00012 1.55695 g -1
677 227.58979 33.35000 56100.31460 21.65000 299 0.00011 1.19029 g -1
284 287.22968 -24.25000 56100.31819 21.65000 299 0.00662 2.01938 g -1
437 291.41827 -2.65000 56100.32178 21.65000 299 0.00010 1.33334 g -1
487 281.19311 4.55000 56100.32536 21.65000 299 0.00009 1.15842 g -1
1429 278.99600 -6.25000 56100.32895 21.65000 299 0.00009 1.30737 g -1
285 294.62275 -24.25000 56100.33972 21.65000 299 0.00034 2.01229 g -1
334 283.72589 -17.05000 56100.34041 21.65000 299 0.00795 1.58458 r -1
335 290.80782 -17.05000 56100.34400 21.65000 299 0.00781 1.62100 r -1
284 287.22968 -24.25000 56100.34759 21.65000 299 0.00662 1.89320 r -1
283 279.83661 -24.25000 56100.35117 21.65000 299 0.00333 1.86597 r -1
333 276.64396 -17.05000 56100.35476 21.65000 299 0.00268 1.57604 r -1
384 280.61059 -9.85000 56100.35835 21.65000 299 0.00251 1.37284 r -1
385 287.65978 -9.85000 56100.36194 21.65000 299 0.00188 1.37427 r -1
718 209.48363 40.55000 56100.36553 21.65000 299 0.00098 1.95986 r -1
383 273.55117 -9.85000 56100.36911 21.65000 299 0.00079 1.41416 r -1
1326 285.45143 -20.65000 56100.37270 21.65000 299 0.00073 1.70306 r -1
435 277.33000 -2.65000 56100.37629 21.65000 299 0.00060 1.26473 r -1
1327 292.85135 -20.65000 56100.37988 21.65000 299 0.00049 1.70202 r -1
719 218.10044 40.55000 56100.38347 21.65000 299 0.00048 1.87576 r -1
436 284.38942 -2.65000 56100.38705 21.65000 299 0.00044 1.25131 r -1
758 214.49923 47.75000 56100.39064 21.65000 299 0.00040 1.98715 r -1
336 297.88975 -17.05000 56100.39423 21.65000 299 0.00038 1.56912 r -1
285 294.62275 -24.25000 56100.39782 21.65000 299 0.00034 1.86749 r -1
386 294.70896 -9.85000 56100.40141 21.65000 299 0.00033 1.37452 r -1
720 226.71726 40.55000 56100.40499 21.65000 299 0.00028 1.84476 r -1
1325 278.21821 -20.65000 56100.40858 21.65000 299 0.00019 1.89815 r -1
1377 282.06621 -13.45000 56100.41217 21.65000 299 0.00019 1.57613 r -1
1378 289.02114 -13.45000 56100.41576 21.65000 299 0.00016 1.51841 r -1
434 270.24000 -2.65000 56100.41935 21.65000 299 0.00016 1.51345 r -1
486 274.35133 4.55000 56100.42293 21.65000 299 0.00013 1.33196 r -1
437 291.41827 -2.65000 56100.42652 21.65000 299 0.00010 1.28776 r -1
487 281.19311 4.55000 56100.43011 21.65000 299 0.00009 1.27960 r -1
1429 278.99600 -6.25000 56100.43370 21.65000 299 0.00009 1.53553 r -1
