820 193.33333 62.15000 56027.13244 21.65000 299 0.04914 1.51999 g -1
789 180.37888 54.95000 56027.13603 21.65000 299 0.02464 1.31462 g -1
819 180.00000 62.15000 56027.13962 21.65000 299 0.02176 1.33778 g -1
844 197.14286 69.35000 56027.14321 21.65000 299 0.02114 1.55104 g -1
620 151.10057 26.15000 56027.14680 21.65000 299 0.01813 1.04062 g -1
821 206.66667 62.15000 56027.15038 21.65000 299 0.01762 1.62623 g -1
845 214.28571 69.35000 56027.15397 21.65000 299 0.01623 1.72204 g -1
790 191.39000 54.95000 56027.15756 21.65000 299 0.01575 1.35209 g -1
571 152.11144 18.95000 56027.16115 21.65000 299 0.01143 1.05265 g -1
754 176.10046 47.75000 56027.16474 21.65000 299 0.01102 1.15345 g -1
843 180.00000 69.35000 56027.16832 21.65000 299 0.01041 1.33644 g -1
570 145.05827 18.95000 56027.17191 21.65000 299 0.00768 1.03299 g -1
842 162.85714 69.35000 56027.17550 21.65000 299 0.00757 1.25732 g -1
818 166.66667 62.15000 56027.17909 21.65000 299 0.00740 1.17335 g -1
861 180.00000 76.55000 56027.18268 21.65000 299 0.00530 1.42993 g -1
788 169.45049 54.95000 56027.18626 21.65000 299 0.00525 1.11182 g -1
667 149.05693 33.35000 56027.18985 21.65000 299 0.00446 1.00012 g -1
755 185.52515 47.75000 56027.19344 21.65000 299 0.00379 1.14646 g -1
846 231.42857 69.35000 56027.19703 21.65000 299 0.00375 1.74562 g -1
822 220.00000 62.15000 56027.20062 21.65000 299 0.00375 1.54917 g -1
668 156.91021 33.35000 56027.20420 21.65000 299 0.00369 1.00028 g -1
714 175.01637 40.55000 56027.20779 21.65000 299 0.00348 1.04195 g -1
753 166.67577 47.75000 56027.21138 21.65000 299 0.00326 1.03918 g -1
787 158.52573 54.95000 56027.21497 21.65000 299 0.00316 1.07504 g -1
713 166.39956 40.55000 56027.21856 21.65000 299 0.00306 1.01124 g -1
862 204.00000 76.55000 56027.22214 21.65000 299 0.00279 1.47183 g -1
619 143.61886 26.15000 56027.22573 21.65000 299 0.00274 1.05353 g -1
712 157.78274 40.55000 56027.22932 21.65000 299 0.00249 1.01205 g -1
752 157.25108 47.75000 56027.23291 21.65000 299 0.00235 1.03857 g -1
791 202.40112 54.95000 56027.23650 21.65000 299 0.00221 1.18847 g -1
1824 186.98986 58.55000 56027.24008 21.65000 299 0.00216 1.13341 g -1
1852 203.87953 65.75000 56027.24367 21.65000 299 0.00186 1.27340 g -1
669 164.76350 33.35000 56027.24726 21.65000 299 0.00185 1.00394 g -1
621 158.58229 26.15000 56027.25085 21.65000 299 0.00181 1.02980 g -1
817 153.33333 62.15000 56027.25444 21.65000 299 0.00180 1.17209 g -1
1851 188.79757 65.75000 56027.25802 21.65000 299 0.00145 1.19796 g -1
1616 148.35186 22.55000 56027.26161 21.65000 299 0.00123 1.11879 g -1
711 149.16593 40.55000 56027.26520 21.65000 299 0.00118 1.09027 g -1
758 214.49923 47.75000 56027.26879 21.65000 299 0.00110 1.15949 g -1
863 228.00000 76.55000 56027.27238 21.65000 299 0.00107 1.50279 g -1
718 209.48363 40.55000 56027.27596 21.65000 299 0.00106 1.09093 g -1
860 156.00000 76.55000 56027.27955 21.65000 299 0.00102 1.40955 g -1
719 218.10044 40.55000 56027.28314 21.65000 299 0.00100 1.13373 g -1
675 211.88321 33.35000 56027.28673 21.65000 299 0.00088 1.08082 g -1
676 219.73650 33.35000 56027.29032 21.65000 299 0.00087 1.12958 g -1
629 218.43600 26.15000 56027.29390 21.65000 299 0.00087 1.12780 g -1
823 233.33333 62.15000 56027.29749 21.65000 299 0.00081 1.30566 g -1
628 210.95429 26.15000 56027.30108 21.65000 299 0.00079 1.05961 g -1
1791 176.60164 51.35000 56027.30467 21.65000 299 0.00075 1.07096 g -1
792 213.41224 54.95000 56027.30826 21.65000 299 0.00074 1.11134 g -1
757 204.72454 47.75000 56027.31184 21.65000 299 0.00073 1.04229 g -1
670 172.61679 33.35000 56027.31543 21.65000 299 0.00070 1.05792 g -1
1825 198.76305 58.55000 56027.31902 21.65000 299 0.00068 1.10484 g -1
1853 218.77723 65.75000 56027.32261 21.65000 299 0.00067 1.21527 g -1
759 224.27392 47.75000 56027.32619 21.65000 299 0.00063 1.09089 g -1
756 194.94985 47.75000 56027.32978 21.65000 299 0.00055 1.03507 g -1
1823 174.98986 58.55000 56027.33337 21.65000 299 0.00055 1.16548 g -1
580 216.23608 18.95000 56027.33696 21.65000 299 0.00050 1.05476 g -1
579 208.96753 18.95000 56027.34055 21.65000 299 0.00050 1.03528 g -1
820 193.33333 62.15000 56027.34124 21.65000 299 0.04914 1.15059 r -1
789 180.37888 54.95000 56027.34483 21.65000 299 0.02464 1.13282 r -1
819 180.00000 62.15000 56027.34842 21.65000 299 0.02176 1.20023 r -1
844 197.14286 69.35000 56027.35201 21.65000 299 0.02114 1.24414 r -1
620 151.10057 26.15000 56027.35559 21.65000 299 0.01813 1.58753 r -1
821 206.66667 62.15000 56027.35918 21.65000 299 0.01762 1.14206 r -1
845 214.28571 69.35000 56027.36277 21.65000 299 0.01623 1.23523 r -1
790 191.39000 54.95000 56027.36636 21.65000 299 0.01575 1.11885 r -1
571 152.11144 18.95000 56027.36994 21.65000 299 0.01143 1.86381 r -1
754 176.10046 47.75000 56027.37353 21.65000 299 0.01102 1.19723 r -1
843 180.00000 69.35000 56027.37712 21.65000 299 0.01041 1.33687 r -1
842 162.85714 69.35000 56027.38071 21.65000 299 0.00757 1.47267 r -1
818 166.66667 62.15000 56027.38430 21.65000 299 0.00740 1.39314 r -1
861 180.00000 76.55000 56027.38788 21.65000 299 0.00530 1.46927 r -1
788 169.45049 54.95000 56027.39147 21.65000 299 0.00525 1.35877 r -1
755 185.52515 47.75000 56027.39506 21.65000 299 0.00379 1.18271 r -1
846 231.42857 69.35000 56027.39865 21.65000 299 0.00375 1.23755 r -1
822 220.00000 62.15000 56027.40224 21.65000 299 0.00375 1.14415 r -1
668 156.91021 33.35000 56027.40582 21.65000 299 0.00369 1.89689 r -1
714 175.01637 40.55000 56027.40941 21.65000 299 0.00348 1.37533 r -1
753 166.67577 47.75000 56027.41300 21.65000 299 0.00326 1.53098 r -1
787 158.52573 54.95000 56027.41659 21.65000 299 0.00316 1.70383 r -1
713 166.39956 40.55000 56027.42018 21.65000 299 0.00306 1.64845 r -1
862 204.00000 76.55000 56027.42376 21.65000 299 0.00279 1.42348 r -1
752 157.25108 47.75000 56027.42735 21.65000 299 0.00235 1.93088 r -1
791 202.40112 54.95000 56027.43094 21.65000 299 0.00221 1.18436 r -1
1824 186.98986 58.55000 56027.43453 21.65000 299 0.00216 1.35007 r -1
1852 203.87953 65.75000 56027.43812 21.65000 299 0.00186 1.28276 r -1
817 153.33333 62.15000 56027.44170 21.65000 299 0.00180 1.99238 r -1
1851 188.79757 65.75000 56027.44529 21.65000 299 0.00145 1.41770 r -1
758 214.49923 47.75000 56027.44888 21.65000 299 0.00110 1.11417 r -1
863 228.00000 76.55000 56027.45247 21.65000 299 0.00107 1.38701 r -1
718 209.48363 40.55000 56027.45606 21.65000 299 0.00106 1.15490 r -1
860 156.00000 76.55000 56027.45964 21.65000 299 0.00102 1.88723 r -1
719 218.10044 40.55000 56027.46323 21.65000 299 0.00100 1.10749 r -1
675 211.88321 33.35000 56027.46682 21.65000 299 0.00088 1.17634 r -1
676 219.73650 33.35000 56027.47041 21.65000 299 0.00087 1.11626 r -1
629 218.43600 26.15000 56027.47400 21.65000 299 0.00087 1.16060 r -1
823 233.33333 62.15000 56027.47758 21.65000 299 0.00081 1.17461 r -1
628 210.95429 26.15000 56027.48117 21.65000 299 0.00079 1.28504 r -1
1791 176.60164 51.35000 56027.48476 21.65000 299 0.00075 1.92339 r -1
792 213.41224 54.95000 56027.48835 21.65000 299 0.00074 1.26212 r -1
757 204.72454 47.75000 56027.49194 21.65000 299 0.00073 1.36378 r -1
1825 198.76305 58.55000 56027.49552 21.65000 299 0.00068 1.48049 r -1
1853 218.77723 65.75000 56027.49911 21.65000 299 0.00067 1.32941 r -1
759 224.27392 47.75000 56027.50270 21.65000 299 0.00063 1.18408 r -1
756 194.94985 47.75000 56027.50629 21.65000 299 0.00055 1.65514 r -1
580 216.23608 18.95000 56027.50988 21.65000 299 0.00050 1.44511 r -1
579 208.96753 18.95000 56027.51346 21.65000 299 0.00050 1.67541 r -1
