460 96.38056 4.55000 55920.47187 21.65000 299 0.00608 1.73075 g -1
515 114.02378 11.75000 55920.47546 21.65000 299 0.00473 1.26285 g -1
514 106.74867 11.75000 55920.47904 21.65000 299 0.00469 1.39537 g -1
513 99.62356 11.75000 55920.48263 21.65000 299 0.00430 1.58830 g -1
516 121.29889 11.75000 55920.48622 21.65000 299 0.00420 1.22330 g -1
465 130.67400 4.55000 55920.48981 21.65000 299 0.00406 1.22888 g -1
461 103.30689 4.55000 55920.49340 21.65000 299 0.00390 1.75984 g -1
464 123.83222 4.55000 55920.49698 21.65000 299 0.00380 1.33037 g -1
415 135.53000 -2.65000 55920.50057 21.65000 299 0.00322 1.33084 g -1
517 128.57400 11.75000 55920.50416 21.65000 299 0.00299 1.21493 g -1
463 116.99044 4.55000 55920.50775 21.65000 299 0.00296 1.51997 g -1
462 110.14867 4.55000 55920.51134 21.65000 299 0.00291 1.74741 g -1
466 137.51578 4.55000 55920.51492 21.65000 299 0.00283 1.24866 g -1
416 142.62000 -2.65000 55920.51851 21.65000 299 0.00268 1.32528 g -1
565 109.79245 18.95000 55920.52210 21.65000 299 0.00254 1.57758 g -1
564 102.73929 18.95000 55920.52569 21.65000 299 0.00252 1.86778 g -1
365 146.29717 -9.85000 55920.52928 21.65000 299 0.00229 1.48360 g -1
566 116.84562 18.95000 55920.53286 21.65000 299 0.00226 1.49523 g -1
364 139.22750 -9.85000 55920.53645 21.65000 299 0.00225 1.62888 g -1
314 143.03513 -17.05000 55920.54004 21.65000 299 0.00185 1.84241 g -1
518 135.84911 11.75000 55920.54363 21.65000 299 0.00178 1.30070 g -1
567 123.89878 18.95000 55920.54722 21.65000 299 0.00178 1.45200 g -1
315 150.06583 -17.05000 55920.55080 21.65000 299 0.00170 1.77854 g -1
414 128.44000 -2.65000 55920.55439 21.65000 299 0.00167 1.87151 g -1
467 144.35756 4.55000 55920.55798 21.65000 299 0.00159 1.35161 g -1
417 149.71000 -2.65000 55920.56157 21.65000 299 0.00146 1.42310 g -1
615 113.69200 26.15000 55920.56516 21.65000 299 0.00144 1.84495 g -1
568 130.95195 18.95000 55920.56874 21.65000 299 0.00137 1.46834 g -1
366 153.36683 -9.85000 55920.57233 21.65000 299 0.00136 1.60683 g -1
455 61.32616 4.55000 55921.07357 21.65000 299 0.00122 2.04324 g -1
508 64.63187 11.75000 55921.07716 21.65000 299 0.00109 1.90424 g -1
404 57.93750 -2.65000 55921.08075 21.65000 299 0.00133 2.03063 g -1
560 73.87345 18.95000 55921.08433 21.65000 299 0.00122 2.01685 g -1
509 71.61613 11.75000 55921.08792 21.65000 299 0.00154 2.05628 g -1
352 54.54511 -9.85000 55921.09151 21.65000 299 0.00140 2.02204 g -1
456 68.33704 4.55000 55921.09510 21.65000 299 0.00187 2.00547 g -1
405 64.96635 -2.65000 55921.09869 21.65000 299 0.00217 2.05743 g -1
561 81.12327 18.95000 55921.10227 21.65000 299 0.00156 2.05783 g -1
611 83.74320 26.15000 55921.10586 21.65000 299 0.00121 1.93099 g -1
353 61.59430 -9.85000 55921.10945 21.65000 299 0.00235 2.04631 g -1
457 75.34792 4.55000 55921.11304 21.65000 299 0.00307 2.03240 g -1
510 78.60038 11.75000 55921.11663 21.65000 299 0.00222 1.89241 g -1
406 71.99519 -2.65000 55921.12021 21.65000 299 0.00438 2.02239 g -1
562 88.37309 18.95000 55921.12380 21.65000 299 0.00194 2.03049 g -1
511 85.58463 11.75000 55921.12739 21.65000 299 0.00310 2.04206 g -1
354 68.64348 -9.85000 55921.13098 21.65000 299 0.00560 2.01660 g -1
458 82.35880 4.55000 55921.13457 21.65000 299 0.00547 1.99512 g -1
407 79.02404 -2.65000 55921.13815 21.65000 299 0.00937 2.04893 g -1
302 58.28254 -17.05000 55921.14174 21.65000 299 0.00232 1.88340 g -1
563 95.57843 18.95000 55921.14533 21.65000 299 0.00227 2.00171 g -1
355 75.69267 -9.85000 55921.14892 21.65000 299 0.01315 2.04072 g -1
459 89.36968 4.55000 55921.15251 21.65000 299 0.00815 2.02171 g -1
303 65.36446 -17.05000 55921.15609 21.65000 299 0.00597 1.93331 g -1
408 86.05288 -2.65000 55921.15968 21.65000 299 0.01231 2.01429 g -1
512 92.56888 11.75000 55921.16327 21.65000 299 0.00388 1.77621 g -1
304 72.44639 -17.05000 55921.16686 21.65000 299 0.01403 2.03012 g -1
356 82.74185 -9.85000 55921.17045 21.65000 299 0.01602 2.01129 g -1
614 106.21029 26.15000 55921.17403 21.65000 299 0.00153 1.83964 g -1
409 93.08173 -2.65000 55921.17762 21.65000 299 0.00899 2.04055 g -1
253 60.30496 -24.25000 55921.18121 21.65000 299 0.00350 2.00014 g -1
613 98.72857 26.15000 55921.18480 21.65000 299 0.00150 1.48579 g -1
305 79.52832 -17.05000 55921.18839 21.65000 299 0.01986 2.00821 g -1
357 89.79104 -9.85000 55921.19197 21.65000 299 0.01130 1.98307 g -1
612 91.24686 26.15000 55921.19556 21.65000 299 0.00137 1.27293 g -1
254 67.69804 -24.25000 55921.19915 21.65000 299 0.01180 2.01592 g -1
410 100.11058 -2.65000 55921.20274 21.65000 299 0.00305 1.94940 g -1
306 86.61025 -17.05000 55921.20633 21.65000 299 0.01472 2.02821 g -1
358 96.84022 -9.85000 55921.20991 21.65000 299 0.00340 2.00605 g -1
301 51.20061 -17.05000 55921.21350 21.65000 299 0.00131 1.57038 g -1
252 52.91189 -24.25000 55921.21709 21.65000 299 0.00130 1.86734 g -1
255 75.09111 -24.25000 55921.22068 21.65000 299 0.01840 2.00993 g -1
661 101.93721 33.35000 55921.22427 21.65000 299 0.00130 1.24233 g -1
307 93.69218 -17.05000 55921.22785 21.65000 299 0.00385 2.00641 g -1
616 121.17371 26.15000 55921.23144 21.65000 299 0.00128 1.63685 g -1
662 109.79050 33.35000 55921.23503 21.65000 299 0.00127 1.29829 g -1
660 94.08393 33.35000 55921.23862 21.65000 299 0.00125 1.10971 g -1
256 82.48418 -24.25000 55921.24220 21.65000 299 0.00935 2.00412 g -1
663 117.64379 33.35000 55921.24579 21.65000 299 0.00122 1.36369 g -1
1297 77.34893 -20.65000 55921.24938 21.65000 299 0.00118 1.73739 g -1
617 128.65543 26.15000 55921.25297 21.65000 299 0.00114 1.62808 g -1
664 125.49707 33.35000 55921.25656 21.65000 299 0.00114 1.44028 g -1
569 138.00511 18.95000 55921.26014 21.65000 299 0.00112 2.05350 g -1
659 86.23064 33.35000 55921.26373 21.65000 299 0.00111 1.02102 g -1
610 76.21760 26.15000 55921.26732 21.65000 299 0.00107 1.00873 g -1
618 136.13714 26.15000 55921.27091 21.65000 299 0.00105 1.65910 g -1
351 47.49593 -9.85000 55921.27450 21.65000 299 0.00103 1.59200 g -1
559 66.62364 18.95000 55921.27808 21.65000 299 0.00101 1.04764 g -1
570 145.05827 18.95000 55921.28167 21.65000 299 0.00103 2.01587 g -1
411 107.17000 -2.65000 55921.28526 21.65000 299 0.00100 1.39408 g -1
519 143.12422 11.75000 55921.28885 21.65000 299 0.00122 2.00518 g -1
403 50.90865 -2.65000 55921.29244 21.65000 299 0.00099 1.46139 g -1
619 143.61886 26.15000 55921.29602 21.65000 299 0.00099 1.61083 g -1
571 152.11144 18.95000 55921.29961 21.65000 299 0.00101 2.04596 g -1
665 133.35036 33.35000 55921.30320 21.65000 299 0.00098 1.28258 g -1
520 150.39933 11.75000 55921.30679 21.65000 299 0.00106 2.04662 g -1
454 54.31528 4.55000 55921.31038 21.65000 299 0.00094 1.37492 g -1
1401 84.78089 -6.25000 55921.31396 21.65000 299 0.00091 1.30477 g -1
507 57.64762 11.75000 55921.31755 21.65000 299 0.00091 1.26673 g -1
402 43.87981 -2.65000 55921.32114 21.65000 299 0.00089 1.92097 g -1
468 151.19933 4.55000 55921.32473 21.65000 299 0.00113 2.00681 g -1
521 157.67444 11.75000 55921.32832 21.65000 299 0.00105 2.02069 g -1
706 106.08185 40.55000 55921.33190 21.65000 299 0.00089 1.01626 g -1
609 68.69200 26.15000 55921.33549 21.65000 299 0.00087 1.11739 g -1
707 114.69867 40.55000 55921.33908 21.65000 299 0.00085 1.03104 g -1
469 158.04111 4.55000 55921.34267 21.65000 299 0.00102 2.02500 g -1
1298 84.41543 -20.65000 55921.34626 21.65000 299 0.00084 1.81597 g -1
658 78.41211 33.35000 55921.34984 21.65000 299 0.00084 1.06965 g -1
418 156.80000 -2.65000 55921.35343 21.65000 299 0.00104 2.05514 g -1
558 59.37382 18.95000 55921.35702 21.65000 299 0.00080 1.38600 g -1
470 164.88289 4.55000 55921.36061 21.65000 299 0.00093 2.04356 g -1
572 159.16460 18.95000 55921.36420 21.65000 299 0.00079 1.47100 g -1
363 132.15783 -9.85000 55921.36778 21.65000 299 0.00079 1.49925 g -1
522 164.94956 11.75000 55921.37137 21.65000 299 0.00078 1.68128 g -1
419 163.89000 -2.65000 55921.37496 21.65000 299 0.00092 2.02285 g -1
705 97.46504 40.55000 55921.37855 21.65000 299 0.00078 1.03433 g -1
620 151.10057 26.15000 55921.38214 21.65000 299 0.00078 1.17880 g -1
367 160.43650 -9.85000 55921.38572 21.65000 299 0.00095 2.01402 g -1
313 136.00443 -17.05000 55921.38931 21.65000 299 0.00076 1.67740 g -1
1348 81.62214 -13.45000 55921.39290 21.65000 299 0.00076 1.93039 g -1
359 103.88941 -9.85000 55921.39649 21.65000 299 0.00074 1.43817 g -1
666 141.20364 33.35000 55921.40008 21.65000 299 0.00073 1.04255 g -1
316 157.09652 -17.05000 55921.40366 21.65000 299 0.00108 2.00770 g -1
264 141.25200 -24.25000 55921.40725 21.65000 299 0.00106 1.99478 g -1
368 167.50617 -9.85000 55921.41084 21.65000 299 0.00079 1.93773 g -1
708 123.31548 40.55000 55921.41443 21.65000 299 0.00071 1.00895 g -1
420 170.98000 -2.65000 55921.41802 21.65000 299 0.00070 1.71074 g -1
317 164.12722 -17.05000 55921.42160 21.65000 299 0.00079 2.02571 g -1
265 148.53743 -24.25000 55921.42519 21.65000 299 0.00137 2.00805 g -1
413 121.35000 -2.65000 55921.42878 21.65000 299 0.00068 1.25873 g -1
1402 91.79495 -6.25000 55921.43237 21.65000 299 0.00062 1.77678 g -1
704 88.84822 40.55000 55921.43595 21.65000 299 0.00058 1.24745 g -1
412 114.26000 -2.65000 55921.43954 21.65000 299 0.00058 1.33258 g -1
266 155.82286 -24.25000 55921.44313 21.65000 299 0.00093 2.02204 g -1
318 171.15791 -17.05000 55921.44672 21.65000 299 0.00063 1.96313 g -1
471 171.72467 4.55000 55921.45031 21.65000 299 0.00057 1.33549 g -1
369 174.57583 -9.85000 55921.45389 21.65000 299 0.00055 1.69315 g -1
709 131.93230 40.55000 55921.45748 21.65000 299 0.00053 1.01831 g -1
621 158.58229 26.15000 55921.46107 21.65000 299 0.00053 1.03489 g -1
267 163.10829 -24.25000 55921.46466 21.65000 299 0.00056 2.01393 g -1
573 166.21777 18.95000 55921.46825 21.65000 299 0.00051 1.08664 g -1
667 149.05693 33.35000 55921.47183 21.65000 299 0.00050 1.00028 g -1
