0.0000000000 6.1360277238e-02 47.7872819242
0.0035879630 9.6687113193e-02 95.1024611730
0.0071759259 1.2048159661e-01 140.3194063087
0.0107638889 1.3987053238e-01 185.9035424143
0.0143518519 1.5354445810e-01 233.3236333687
0.0179398148 1.6331385576e-01 278.8028577686
0.0215277778 1.6998210995e-01 323.6001560817
0.0251157408 1.7629673764e-01 368.7646453647
0.0287037037 1.8124903632e-01 414.8208841456
0.0322916667 1.8491411898e-01 416.8666624058
0.0358796296 1.8729553075e-01 462.9753570396
0.0394675926 1.8946471424e-01 510.1331687299
0.0430555556 1.9117866264e-01 554.5632760733
0.0466435185 1.9266281411e-01 601.9833670277
0.0502314815 1.9398268343e-01 647.5150472804
0.0538194445 1.9517727452e-01 693.5712860614
0.0574074074 1.9635231525e-01 740.6241860460
0.0609953704 1.9748137187e-01 783.2707943933
0.0645833334 1.9845871923e-01 785.3690285063
0.0681712963 1.9940015526e-01 787.3623509137
0.0717592593 2.0030419718e-01 831.1105321704
0.0753472223 2.0103871760e-01 878.1634321550
0.0789351852 2.0171443564e-01 922.3837160871
0.7393049608 2.0953950847e-01 967.4957495172
0.7428929238 2.3635942349e-01 1013.2372531812
0.7464808867 2.8636424099e-01 1060.0803297545
0.7500688497 2.8938897418e-01 1105.6644658601
0.7536568127 2.9074544133e-01 1107.7102441203
0.7572447756 2.9190067022e-01 1152.9796451088
0.7608327386 2.9282115293e-01 1155.3401584860
0.7644207015 3.0526938820e-01 1162.0545076477
0.7651151460 3.0526938820e-01 1162.0545076477
0.7687031090 3.0526938820e-01 1162.0545076477
0.7722910719 3.0526938820e-01 1162.0545076477
0.7758790349 3.0526938820e-01 1162.0545076477
0.7794669979 3.0526938820e-01 1162.0545076477
0.7830549608 3.0526938820e-01 1162.0545076477
0.7866429238 3.0526938820e-01 1162.0545076477
0.7902308867 3.0526938820e-01 1162.0545076477
0.7938188497 3.0526938820e-01 1162.0545076477
0.7974068127 3.0526938820e-01 1162.0545076477
0.8009947756 3.0526938820e-01 1162.0545076477
0.8045827386 3.0526938820e-01 1162.0545076477
0.8081707016 3.0526938820e-01 1162.0545076477
0.8117586645 3.0526938820e-01 1162.0545076477
0.8153466275 3.0526938820e-01 1162.0545076477
0.8189345905 3.0526938820e-01 1162.0545076477
0.8225225534 3.0526938820e-01 1162.0545076477
0.8261105164 3.0526938820e-01 1162.0545076477
0.8296984794 3.0526938820e-01 1162.0545076477
0.8332864423 3.0526938820e-01 1162.0545076477
0.8368744053 3.0526938820e-01 1162.0545076477
0.8404623683 3.0526938820e-01 1162.0545076477
0.8440503312 3.0526938820e-01 1162.0545076477
0.8476382942 3.0526938820e-01 1162.0545076477
0.8512262572 3.0526938820e-01 1162.0545076477
0.8548142201 3.0526938820e-01 1162.0545076477
0.8584021831 3.0526938820e-01 1162.0545076477
0.8619901460 3.0526938820e-01 1162.0545076477
0.9732169980 3.0526938820e-01 1162.0545076477
0.9911568128 3.0526938820e-01 1162.0545076477
