379 245.27250 -9.85000 56178.12478 21.65000 299 0.21246 1.62091 g -1
380 252.34217 -9.85000 56178.12836 21.65000 299 0.20303 1.52656 g -1
329 248.49557 -17.05000 56178.13195 21.65000 299 0.07750 1.87563 g -1
430 241.88000 -2.65000 56178.13554 21.65000 299 0.03780 1.57131 g -1
431 248.97000 -2.65000 56178.13913 21.65000 299 0.03657 1.46119 g -1
330 255.52626 -17.05000 56178.14272 21.65000 299 0.02996 1.80560 g -1
1372 247.50267 -13.45000 56178.14630 21.65000 299 0.01623 1.88226 g -1
481 240.14244 4.55000 56178.14989 21.65000 299 0.00921 1.56695 g -1
1424 244.29760 -6.25000 56178.15348 21.65000 299 0.00793 1.78131 g -1
1373 254.40925 -13.45000 56178.15707 21.65000 299 0.00560 1.80029 g -1
480 233.30067 4.55000 56178.16066 21.65000 299 0.00386 1.92578 g -1
482 246.98422 4.55000 56178.16424 21.65000 299 0.00370 1.52697 g -1
532 236.05067 11.75000 56178.16783 21.65000 299 0.00287 1.72125 g -1
1425 251.23728 -6.25000 56178.17142 21.65000 299 0.00280 1.76704 g -1
380 252.34217 -9.85000 56178.17211 21.65000 299 0.20303 1.87193 r -1
431 248.97000 -2.65000 56178.17570 21.65000 299 0.03657 1.76828 r -1
481 240.14244 4.55000 56178.17929 21.65000 299 0.00921 1.92046 r -1
482 246.98422 4.55000 56178.18288 21.65000 299 0.00370 1.71090 r -1
1425 251.23728 -6.25000 56178.18647 21.65000 299 0.00280 1.95512 r -1
