835 42.85714 69.35000 55911.41765 21.65000 299 0.02410 1.69333 g -1
808 33.33333 62.15000 55911.42123 21.65000 299 0.02028 1.94491 g -1
836 60.00000 69.35000 55911.42482 21.65000 299 0.01612 1.51592 g -1
837 77.14286 69.35000 55911.42841 21.65000 299 0.01009 1.38080 g -1
838 94.28571 69.35000 55911.43200 21.65000 299 0.00719 1.29387 g -1
856 60.00000 76.55000 55911.43559 21.65000 299 0.00382 1.61534 g -1
839 111.42857 69.35000 55911.43917 21.65000 299 0.00380 1.24943 g -1
857 84.00000 76.55000 55911.44276 21.65000 299 0.00345 1.47649 g -1
809 46.66667 62.15000 55911.44635 21.65000 299 0.00285 1.84120 g -1
472 178.56644 4.55000 55911.44994 21.65000 299 0.00284 1.69306 g -1
814 113.33333 62.15000 55911.45353 21.65000 299 0.00203 1.16484 g -1
421 178.07000 -2.65000 55911.45711 21.65000 299 0.00137 1.79947 g -1
815 126.66667 62.15000 55911.46070 21.65000 299 0.00121 1.14418 g -1
840 128.57143 69.35000 55911.46429 21.65000 299 0.00105 1.23783 g -1
813 100.00000 62.15000 55911.46788 21.65000 299 0.00096 1.24718 g -1
858 108.00000 76.55000 55911.47147 21.65000 299 0.00093 1.41914 g -1
1865 52.43831 72.95000 55911.47505 21.65000 299 0.00058 1.84394 g -1
736 2.21291 47.75000 55912.07055 21.65000 299 0.05633 1.03935 g -1
693 352.79056 33.35000 55912.07414 21.65000 299 0.04970 1.00053 g -1
807 20.00000 62.15000 55912.07773 21.65000 299 0.03950 1.18645 g -1
773 6.95487 54.95000 55912.08132 21.65000 299 0.03905 1.08345 g -1
735 355.03720 40.55000 55912.08491 21.65000 299 0.03679 1.00957 g -1
694 3.46860 40.55000 55912.08849 21.65000 299 0.03440 1.00915 g -1
598 346.87564 18.95000 55912.09208 21.65000 299 0.03050 1.06015 g -1
774 17.54512 54.95000 55912.09567 21.65000 299 0.03002 1.09468 g -1
647 353.43600 26.15000 55912.09926 21.65000 299 0.02789 1.02110 g -1
646 345.91040 26.15000 55912.10285 21.65000 299 0.02348 1.05334 g -1
547 340.82087 11.75000 55912.10643 21.65000 299 0.01591 1.17886 g -1
737 12.25000 47.75000 55912.11002 21.65000 299 0.01551 1.03442 g -1
648 0.57433 33.35000 55912.11361 21.65000 299 0.01248 1.00807 g -1
834 25.71429 69.35000 55912.11720 21.65000 299 0.01042 1.25301 g -1
548 347.80512 11.75000 55912.12079 21.65000 299 0.00842 1.16392 g -1
495 337.19560 4.55000 55912.12437 21.65000 299 0.00827 1.39253 g -1
597 339.62582 18.95000 55912.12796 21.65000 299 0.00649 1.20866 g -1
496 344.20648 4.55000 55912.13155 21.65000 299 0.00569 1.32656 g -1
806 6.66667 62.15000 55912.13514 21.65000 299 0.00361 1.15021 g -1
1734 355.48700 36.95000 55912.13873 21.65000 299 0.00291 1.05751 g -1
444 340.62019 -2.65000 55912.14231 21.65000 299 0.00262 1.60364 g -1
1773 358.27277 44.15000 55912.14590 21.65000 299 0.00258 1.06849 g -1
692 345.00678 33.35000 55912.14949 21.65000 299 0.00243 1.16555 g -1
1691 353.10079 29.75000 55912.15308 21.65000 299 0.00241 1.11315 g -1
1810 18.98986 58.55000 55912.15667 21.65000 299 0.00233 1.10846 g -1
599 354.12545 18.95000 55912.16025 21.65000 299 0.00218 1.17785 g -1
1774 2.41694 51.35000 55912.16384 21.65000 299 0.00192 1.10866 g -1
546 333.83662 11.75000 55912.16743 21.65000 299 0.00168 1.71508 g -1
1643 346.39300 22.55000 55912.17102 21.65000 299 0.00162 1.29907 g -1
1841 38.87953 65.75000 55912.17460 21.65000 299 0.00147 1.18938 g -1
1775 12.04202 51.35000 55912.17819 21.65000 299 0.00146 1.08972 g -1
1840 23.87953 65.75000 55912.18178 21.65000 299 0.00124 1.19241 g -1
1735 7.65092 44.15000 55912.18537 21.65000 299 0.00109 1.09362 g -1
775 28.13537 54.95000 55912.18896 21.65000 299 0.00105 1.08176 g -1
772 352.17582 47.75000 55912.19254 21.65000 299 0.00100 1.25017 g -1
1594 347.34826 15.35000 55912.19613 21.65000 299 0.00088 1.55017 g -1
1542 341.38252 8.15000 55912.19972 21.65000 299 0.00077 1.98146 g -1
855 36.00000 76.55000 55912.20331 21.65000 299 0.00076 1.37464 g -1
1809 7.20256 58.55000 55912.20690 21.65000 299 0.00070 1.21579 g -1
736 2.21291 47.75000 55912.20759 21.65000 299 0.05633 1.20353 r -1
693 352.79056 33.35000 55912.21118 21.65000 299 0.04970 1.36073 r -1
807 20.00000 62.15000 55912.21477 21.65000 299 0.03950 1.19449 r -1
773 6.95487 54.95000 55912.21835 21.65000 299 0.03905 1.22437 r -1
735 355.03720 40.55000 55912.22194 21.65000 299 0.03679 1.35776 r -1
694 3.46860 40.55000 55912.22553 21.65000 299 0.03440 1.25497 r -1
598 346.87564 18.95000 55912.22912 21.65000 299 0.03050 1.90774 r -1
774 17.54512 54.95000 55912.23271 21.65000 299 0.03002 1.18441 r -1
647 353.43600 26.15000 55912.23629 21.65000 299 0.02789 1.62282 r -1
835 42.85714 69.35000 55912.23988 21.65000 299 0.02410 1.24646 r -1
808 33.33333 62.15000 55912.24347 21.65000 299 0.02028 1.18259 r -1
836 60.00000 69.35000 55912.24706 21.65000 299 0.01612 1.23704 r -1
737 12.25000 47.75000 55912.25065 21.65000 299 0.01551 1.25983 r -1
648 0.57433 33.35000 55912.25423 21.65000 299 0.01248 1.52171 r -1
834 25.71429 69.35000 55912.25782 21.65000 299 0.01042 1.32670 r -1
837 77.14286 69.35000 55912.26141 21.65000 299 0.01009 1.25114 r -1
838 94.28571 69.35000 55912.26500 21.65000 299 0.00719 1.30173 r -1
856 60.00000 76.55000 55912.26859 21.65000 299 0.00382 1.37382 r -1
839 111.42857 69.35000 55912.27217 21.65000 299 0.00380 1.38389 r -1
806 6.66667 62.15000 55912.27576 21.65000 299 0.00361 1.48255 r -1
857 84.00000 76.55000 55912.27935 21.65000 299 0.00345 1.38472 r -1
1734 355.48700 36.95000 55912.28294 21.65000 299 0.00291 1.98137 r -1
809 46.66667 62.15000 55912.28653 21.65000 299 0.00285 1.19092 r -1
1773 358.27277 44.15000 55912.29011 21.65000 299 0.00258 1.84730 r -1
1810 18.98986 58.55000 55912.29370 21.65000 299 0.00233 1.39400 r -1
814 113.33333 62.15000 55912.29729 21.65000 299 0.00203 1.25901 r -1
1774 2.41694 51.35000 55912.30088 21.65000 299 0.00192 1.75587 r -1
1841 38.87953 65.75000 55912.30447 21.65000 299 0.00147 1.30394 r -1
1775 12.04202 51.35000 55912.30805 21.65000 299 0.00146 1.58718 r -1
1840 23.87953 65.75000 55912.31164 21.65000 299 0.00124 1.45153 r -1
815 126.66667 62.15000 55912.31523 21.65000 299 0.00121 1.30962 r -1
1735 7.65092 44.15000 55912.31882 21.65000 299 0.00109 1.88141 r -1
775 28.13537 54.95000 55912.32241 21.65000 299 0.00105 1.39830 r -1
840 128.57143 69.35000 55912.32599 21.65000 299 0.00105 1.36799 r -1
813 100.00000 62.15000 55912.32958 21.65000 299 0.00096 1.15392 r -1
858 108.00000 76.55000 55912.33317 21.65000 299 0.00093 1.39302 r -1
855 36.00000 76.55000 55912.33676 21.65000 299 0.00076 1.53941 r -1
1809 7.20256 58.55000 55912.34035 21.65000 299 0.00070 1.93917 r -1
1865 52.43831 72.95000 55912.34393 21.65000 299 0.00058 1.40144 r -1
