0.2428304287 6.4801233727e-01 46.9479882790
0.2464183917 8.5188414332e-01 94.7352702032
0.2500063547 8.8368850536e-01 97.9350772256
0.2535943176 9.1415468337e-01 145.0928889159
0.2571822806 9.4221103315e-01 192.8277149873
0.2607702436 9.6880643144e-01 238.8839537682
0.2643582065 9.7704378179e-01 242.1886724962
0.2650526510 9.7704378179e-01 242.1886724962
0.2686406139 9.7704378179e-01 242.1886724962
0.2722285769 9.7704378179e-01 242.1886724962
0.2758165399 9.7704378179e-01 242.1886724962
0.2794045028 9.7704378179e-01 242.1886724962
0.2829924658 9.7704378179e-01 242.1886724962
0.2865804288 9.7704378179e-01 242.1886724962
