0.5838104153 1.8588642903e-03 48.2069287468
0.5873983783 2.8719428718e-03 75.4315163634
0.5909863412 3.5725820510e-03 114.1963916015
0.5945743042 4.5136191414e-03 161.4591149975
0.5981622672 6.2292251317e-03 188.3689674971
0.6017502301 7.5698709072e-03 229.8090912294
0.6053381931 8.4434373618e-03 276.8619912140
0.6089261561 9.2569450453e-03 324.4919055798
0.6125141190 1.0015047020e-02 372.2267316512
0.6161020820 1.1445903739e-02 419.5943667528
0.6196900450 1.2327153228e-02 467.0669135600
0.6232780079 1.3145889967e-02 514.6968279257
0.6268659709 1.3898072184e-02 561.7497279104
0.6304539338 1.4639090870e-02 608.9599954535
0.6340418968 1.7118076020e-02 647.8297823974
0.6376298598 1.8151336691e-02 694.9875940877
0.6412178227 1.8968046426e-02 742.3027733365
0.6448057857 2.0951466827e-02 783.8478087744
0.6483937487 2.1703411610e-02 831.4252672873
0.6519817116 2.2657204597e-02 877.6913294796
0.6555696746 2.3831281470e-02 920.7575846495
0.6591576376 2.4557267349e-02 967.8104846341
0.6627456005 2.5294884908e-02 1014.8109287660
0.6663335635 2.6165662946e-02 1062.1261080147
0.6699215265 2.7026879042e-02 1109.3363755579
0.6735094894 2.8157425059e-02 1155.9171728671
0.6770974524 2.8926307779e-02 1203.1798962630
0.6806854154 2.9722178417e-02 1245.0921226708
0.6842733783 3.0414762929e-02 1292.8794045950
0.6878613413 3.1111249256e-02 1340.3519514022
0.6914493042 3.2008777642e-02 1386.5131018888
0.6950372672 3.2919444972e-02 1428.0056814740
0.6986252302 3.3834130785e-02 1471.8587744363
0.7022131931 3.5522672645e-02 1510.5711938216
0.7058011561 3.6540943995e-02 1557.6240938063
0.7093891191 3.7520255559e-02 1604.4671703796
0.7129770820 3.9448276630e-02 1631.3770228792
0.7165650450 4.0350694303e-02 1676.5939680150
0.7201530080 4.1568260218e-02 1721.8633690035
0.7237409709 4.2704751134e-02 1766.2934763469
0.7273289339 4.3774315023e-02 1813.8709348598
0.7309168969 4.5149303875e-02 1859.9796294936
0.7345048598 4.6211069818e-02 1906.1407799802
0.7380928228 4.7264646669e-02 1953.1936799649
0.7416807858 4.8670938794e-02 2000.7711384778
0.7452687487 4.9996765677e-02 2046.0929953192
0.7488567117 5.1297950128e-02 2090.6280143682
0.7524446747 5.2611794949e-02 2137.7333702057
0.7560326376 5.3872479382e-02 2183.7896089866
0.7596206006 5.5112428348e-02 2229.8983036204
0.7632085635 5.6278974172e-02 2277.0561153107
0.7667965265 5.7455246075e-02 2324.3188387067
0.7703844895 5.8507501013e-02 2371.6864738083
0.7739724524 5.9514554509e-02 2419.3163881740
0.7775604154 6.0528664358e-02 2465.6349062191
0.7811483784 6.1285432501e-02 2504.1899580460
0.7847363413 6.2506889571e-02 2550.5084760911
0.7883243043 6.3216884276e-02 2586.9128379521
0.7919122673 6.4405254751e-02 2634.0706496424
0.7955002302 6.5208267452e-02 2681.1235496271
0.7990881932 6.6244575649e-02 2722.9833201820
0.8026761562 6.6995826307e-02 2770.0362201666
0.8062641191 6.7818017414e-02 2811.5812556046
0.8098520821 6.8526865785e-02 2857.8997736497
0.8134400451 6.9232640154e-02 2905.5296880154
0.8170280080 6.9920460347e-02 2952.5825880001
0.8206159710 7.0602977891e-02 3000.1075906601
0.8242039340 7.1283906708e-02 3047.0555789391
0.8277918969 7.1947192571e-02 3092.8495384560
0.8313798599 7.2577632010e-02 3134.6568531581
0.8349678228 7.3226742994e-02 3181.7097531427
0.8385557858 7.3883526971e-02 3228.5528297161
0.8421437488 7.4579046367e-02 3276.1827440818
0.8457317117 7.5840288475e-02 3321.5046009232
0.8493196747 7.6472625804e-02 3367.6132955570
0.8529076377 7.7103860748e-02 3414.2465487190
0.8564956006 7.7650825425e-02 3452.8016005459
0.8600835636 7.8277277598e-02 3499.6446771193
0.8636715266 7.8913612264e-02 3546.0156510172
0.8672594895 7.9513251380e-02 3593.1734627075
0.8708474525 8.0109833893e-02 3639.7018041639
0.8744354155 8.0652799752e-02 3681.2468396018
0.8780233784 8.1242532812e-02 3727.3030783828
0.8816113414 8.1817628411e-02 3774.5133459259
0.8851993044 8.2384622483e-02 3819.6253793560
0.8887872673 8.2948977739e-02 3865.4717947257
0.8923752303 8.3534549612e-02 3913.3115325027
0.8959631933 8.4079801440e-02 3959.4202271365
0.8995511562 8.4617024782e-02 4004.6896281251
0.9031391192 8.5148102301e-02 4052.0048073739
0.9067270821 8.5680692047e-02 4097.2217525096
0.9103150451 8.6243731385e-02 4144.4844759056
0.9139030081 8.6763897547e-02 4187.2884518113
0.9174909710 8.7283293047e-02 4228.5712079852
0.9210789340 8.7785882497e-02 4274.6799026189
0.9246668970 8.8283421669e-02 4301.5372992657
0.9282548599 8.8822626395e-02 4348.9573902201
