535 256.97600 11.75000 55968.54680 21.65000 299 0.05051 1.29468 g -1
534 250.00089 11.75000 55968.55038 21.65000 299 0.04700 1.19788 g -1
483 253.82600 4.55000 55968.55397 21.65000 299 0.03854 1.31294 g -1
482 246.98422 4.55000 55968.55756 21.65000 299 0.03597 1.22854 g -1
377 231.13317 -9.85000 55968.56115 21.65000 299 0.03173 1.37916 g -1
585 252.57882 18.95000 55968.56474 21.65000 299 0.02999 1.11981 g -1
432 256.06000 -2.65000 55968.56832 21.65000 299 0.02815 1.39898 g -1
478 219.61711 4.55000 55969.38011 21.65000 299 0.00068 2.06278 g -1
531 229.07556 11.75000 55969.39446 21.65000 299 0.00061 2.03026 g -1
479 226.45889 4.55000 55969.40164 21.65000 299 0.00320 2.01516 g -1
427 220.61000 -2.65000 55969.40522 21.65000 299 0.00158 1.95500 g -1
583 238.04173 18.95000 55969.40881 21.65000 299 0.00119 2.00210 g -1
532 236.05067 11.75000 55969.41240 21.65000 299 0.00305 2.05633 g -1
632 240.88114 26.15000 55969.41599 21.65000 299 0.00053 1.83794 g -1
428 227.70000 -2.65000 55969.41958 21.65000 299 0.01659 2.04075 g -1
480 233.30067 4.55000 55969.42316 21.65000 299 0.00517 1.97013 g -1
584 245.31027 18.95000 55969.42675 21.65000 299 0.00643 2.04273 g -1
376 224.06350 -9.85000 55969.43034 21.65000 299 0.01228 2.02244 g -1
533 243.02578 11.75000 55969.43393 21.65000 299 0.01862 2.01431 g -1
481 240.14244 4.55000 55969.43752 21.65000 299 0.02568 2.05159 g -1
429 234.79000 -2.65000 55969.44110 21.65000 299 0.01626 2.00865 g -1
634 255.84457 26.15000 55969.44469 21.65000 299 0.00429 2.04831 g -1
1422 230.41824 -6.25000 55969.44828 21.65000 299 0.00284 1.86826 g -1
633 248.36286 26.15000 55969.45187 21.65000 299 0.00206 1.64411 g -1
1475 240.97646 0.95000 55969.45546 21.65000 299 0.00160 1.91751 g -1
430 241.88000 -2.65000 55969.45904 21.65000 299 0.02764 2.03693 g -1
1581 255.36571 15.35000 55969.46263 21.65000 299 0.00279 2.00126 g -1
586 259.84737 18.95000 55969.46622 21.65000 299 0.02630 2.05750 g -1
326 227.40348 -17.05000 55969.46981 21.65000 299 0.02409 1.98044 g -1
378 238.20283 -9.85000 55969.47340 21.65000 299 0.01775 1.96660 g -1
1529 251.59700 8.15000 55969.47698 21.65000 299 0.00218 1.81026 g -1
431 248.97000 -2.65000 55969.48057 21.65000 299 0.02772 2.00492 g -1
327 234.43417 -17.05000 55969.48416 21.65000 299 0.01370 2.03880 g -1
379 245.27250 -9.85000 55969.48775 21.65000 299 0.02245 2.04169 g -1
536 263.95111 11.75000 55969.49134 21.65000 299 0.00732 2.02373 g -1
484 260.66778 4.55000 55969.49492 21.65000 299 0.01977 2.04041 g -1
587 267.11592 18.95000 55969.49851 21.65000 299 0.00434 1.84884 g -1
275 221.39171 -24.25000 55969.50210 21.65000 299 0.00405 1.97440 g -1
328 241.46487 -17.05000 55969.50569 21.65000 299 0.01531 2.01422 g -1
380 252.34217 -9.85000 55969.50928 21.65000 299 0.02256 2.01234 g -1
637 278.28971 26.15000 55969.51286 21.65000 299 0.00855 1.94183 g -1
276 228.67714 -24.25000 55969.51645 21.65000 299 0.01046 2.00604 g -1
433 263.15000 -2.65000 55969.52004 21.65000 299 0.00698 2.00115 g -1
329 248.49557 -17.05000 55969.52363 21.65000 299 0.01506 2.03188 g -1
381 259.41183 -9.85000 55969.52722 21.65000 299 0.01059 2.03638 g -1
589 281.65302 18.95000 55969.53080 21.65000 299 0.00544 1.97911 g -1
277 235.96257 -24.25000 55969.53439 21.65000 299 0.00672 2.01929 g -1
638 285.77143 26.15000 55969.53798 21.65000 299 0.00308 1.87182 g -1
537 270.92622 11.75000 55969.54157 21.65000 299 0.00239 1.59520 g -1
330 255.52626 -17.05000 55969.54516 21.65000 299 0.00698 2.00751 g -1
