797 268.89602 54.95000 56134.44576 21.65000 299 0.00870 1.85108 g -1
826 273.33333 62.15000 56134.44935 21.65000 299 0.00688 1.72371 g -1
848 265.71429 69.35000 56134.45293 21.65000 299 0.00651 1.85175 g -1
849 282.85714 69.35000 56134.45652 21.65000 299 0.00372 1.61497 g -1
865 276.00000 76.55000 56134.46011 21.65000 299 0.00348 1.73304 g -1
798 279.99351 54.95000 56134.46370 21.65000 299 0.00195 1.73027 g -1
827 286.66667 62.15000 56134.46729 21.65000 299 0.00163 1.60072 g -1
866 300.00000 76.55000 56134.47087 21.65000 299 0.00155 1.56352 g -1
875 260.00000 83.75000 56134.47446 21.65000 299 0.00127 1.87826 g -1
876 300.00000 83.75000 56134.47805 21.65000 299 0.00100 1.69030 g -1
850 300.00000 69.35000 56134.48164 21.65000 299 0.00091 1.52240 g -1
867 324.00000 76.55000 56134.48523 21.65000 299 0.00050 1.45653 g -1
877 340.00000 83.75000 56134.48881 21.65000 299 0.00047 1.58969 g -1
828 300.00000 62.15000 56134.49240 21.65000 299 0.00033 1.53487 g -1
763 263.37269 47.75000 56135.16201 21.65000 299 0.01168 1.05849 g -1
796 257.79854 54.95000 56135.16559 21.65000 299 0.01089 1.08369 g -1
724 261.18452 40.55000 56135.16918 21.65000 299 0.01041 1.02223 g -1
723 252.56770 40.55000 56135.17277 21.65000 299 0.00973 1.00833 g -1
762 253.59800 47.75000 56135.17636 21.65000 299 0.00969 1.03264 g -1
825 260.00000 62.15000 56135.17995 21.65000 299 0.00899 1.14466 g -1
680 251.14964 33.35000 56135.18353 21.65000 299 0.00845 1.00109 g -1
681 259.00293 33.35000 56135.18712 21.65000 299 0.00835 1.00120 g -1
634 255.84457 26.15000 56135.19071 21.65000 299 0.00638 1.00813 g -1
633 248.36286 26.15000 56135.19430 21.65000 299 0.00551 1.01938 g -1
585 252.57882 18.95000 56135.19789 21.65000 299 0.00428 1.03873 g -1
847 248.57143 69.35000 56135.20147 21.65000 299 0.00327 1.24620 g -1
795 246.70105 54.95000 56135.20506 21.65000 299 0.00319 1.09578 g -1
584 245.31027 18.95000 56135.20865 21.65000 299 0.00308 1.07592 g -1
824 246.66667 62.15000 56135.21224 21.65000 299 0.00306 1.16660 g -1
764 273.14738 47.75000 56135.21582 21.65000 299 0.00297 1.03707 g -1
864 252.00000 76.55000 56135.21941 21.65000 299 0.00279 1.38476 g -1
725 269.80133 40.55000 56135.22300 21.65000 299 0.00256 1.00808 g -1
679 243.29636 33.35000 56135.22659 21.65000 299 0.00226 1.07970 g -1
722 243.95089 40.55000 56135.23018 21.65000 299 0.00224 1.08488 g -1
534 250.00089 11.75000 56135.23376 21.65000 299 0.00222 1.15255 g -1
682 266.85621 33.35000 56135.23735 21.65000 299 0.00210 1.00510 g -1
761 243.82331 47.75000 56135.24094 21.65000 299 0.00204 1.12727 g -1
635 263.32629 26.15000 56135.24453 21.65000 299 0.00197 1.02796 g -1
586 259.84737 18.95000 56135.24812 21.65000 299 0.00175 1.07441 g -1
533 243.02578 11.75000 56135.25170 21.65000 299 0.00157 1.29163 g -1
632 240.88114 26.15000 56135.25529 21.65000 299 0.00150 1.21659 g -1
863 228.00000 76.55000 56135.25888 21.65000 299 0.00139 1.53852 g -1
846 231.42857 69.35000 56135.26247 21.65000 299 0.00126 1.43262 g -1
535 256.97600 11.75000 56135.26606 21.65000 299 0.00108 1.19092 g -1
823 233.33333 62.15000 56135.26964 21.65000 299 0.00103 1.37807 g -1
482 246.98422 4.55000 56135.27323 21.65000 299 0.00099 1.46196 g -1
874 220.00000 83.75000 56135.27682 21.65000 299 0.00095 1.72336 g -1
583 238.04173 18.95000 56135.28041 21.65000 299 0.00093 1.48628 g -1
794 235.60357 54.95000 56135.28400 21.65000 299 0.00087 1.37933 g -1
481 240.14244 4.55000 56135.28758 21.65000 299 0.00067 1.78859 g -1
483 253.82600 4.55000 56135.29117 21.65000 299 0.00061 1.45461 g -1
532 236.05067 11.75000 56135.29476 21.65000 299 0.00060 1.85183 g -1
862 204.00000 76.55000 56135.29835 21.65000 299 0.00059 1.89312 g -1
873 180.00000 83.75000 56135.30194 21.65000 299 0.00057 1.98152 g -1
1799 260.05956 51.35000 56135.30552 21.65000 299 0.00056 1.19263 g -1
760 234.04862 47.75000 56135.30911 21.65000 299 0.00056 1.56617 g -1
1762 256.97954 44.15000 56135.31270 21.65000 299 0.00054 1.22849 g -1
721 235.33407 40.55000 56135.31629 21.65000 299 0.00052 1.65036 g -1
1722 255.10475 36.95000 56135.31988 21.65000 299 0.00051 1.29347 g -1
1830 258.98986 58.55000 56135.32346 21.65000 299 0.00051 1.29501 g -1
678 235.44307 33.35000 56135.32705 21.65000 299 0.00050 1.87747 g -1
765 282.92208 47.75000 56135.33064 21.65000 299 0.00047 1.08961 g -1
1678 253.52600 29.75000 56135.33423 21.65000 299 0.00043 1.45661 g -1
726 278.41815 40.55000 56135.33782 21.65000 299 0.00040 1.11381 g -1
1856 263.87953 65.75000 56135.34140 21.65000 299 0.00038 1.36456 g -1
587 267.11592 18.95000 56135.34499 21.65000 299 0.00035 1.36545 g -1
1763 266.22662 44.15000 56135.34858 21.65000 299 0.00035 1.27196 g -1
1831 270.98986 58.55000 56135.35217 21.65000 299 0.00035 1.28046 g -1
636 270.80800 26.15000 56135.35576 21.65000 299 0.00035 1.30541 g -1
683 274.70950 33.35000 56135.35934 21.65000 299 0.00034 1.23191 g -1
799 291.09099 54.95000 56135.36293 21.65000 299 0.00033 1.14509 g -1
869 20.00000 83.75000 56135.36652 21.65000 299 0.00030 1.68973 g -1
1723 263.36541 36.95000 56135.37011 21.65000 299 0.00029 1.46864 g -1
1800 270.49180 51.35000 56135.37370 21.65000 299 0.00029 1.33923 g -1
536 263.95111 11.75000 56135.37728 21.65000 299 0.00028 1.93402 g -1
870 60.00000 83.75000 56135.38087 21.65000 299 0.00026 1.85633 g -1
851 317.14286 69.35000 56135.38446 21.65000 299 0.00025 1.24339 g -1
1876 272.43831 72.95000 56135.38805 21.65000 299 0.00024 1.50849 g -1
1679 261.36518 29.75000 56135.39164 21.65000 299 0.00023 1.84049 g -1
1857 278.87953 65.75000 56135.39522 21.65000 299 0.00021 1.40343 g -1
879 170.00000 88.00000 56135.39881 21.65000 299 0.00021 1.91987 g -1
1855 248.90752 65.75000 56135.40240 21.65000 299 0.00019 1.87306 g -1
878 10.00000 88.00000 56135.40599 21.65000 299 0.00017 1.74708 g -1
1875 252.48468 72.95000 56135.40957 21.65000 299 0.00016 1.80886 g -1
854 12.00000 76.55000 56135.41316 21.65000 299 0.00016 1.44190 g -1
871 100.00000 83.75000 56135.41675 21.65000 299 0.00022 2.00759 g -1
868 348.00000 76.55000 56135.42034 21.65000 299 0.00016 1.37688 g -1
1895 240.00000 88.50000 56135.42393 21.65000 299 0.00014 1.83655 g -1
763 263.37269 47.75000 56135.42462 21.65000 299 0.01168 1.91043 r -1
825 260.00000 62.15000 56135.42821 21.65000 299 0.00899 1.86791 r -1
797 268.89602 54.95000 56135.43180 21.65000 299 0.00870 1.74426 r -1
826 273.33333 62.15000 56135.43539 21.65000 299 0.00688 1.64833 r -1
848 265.71429 69.35000 56135.43897 21.65000 299 0.00651 1.78344 r -1
849 282.85714 69.35000 56135.44256 21.65000 299 0.00372 1.56644 r -1
