450 26.27176 4.55000 55853.47447 21.65000 299 0.01064 1.92114 g -1
502 22.72637 11.75000 55853.47806 21.65000 299 0.00495 1.91536 g -1
401 36.85096 -2.65000 55853.48165 21.65000 299 0.00278 1.84191 g -1
451 33.28264 4.55000 55853.48524 21.65000 299 0.00177 1.79529 g -1
553 23.12473 18.95000 55853.48882 21.65000 299 0.00121 1.87815 g -1
503 29.71062 11.75000 55853.49241 21.65000 299 0.00085 1.83773 g -1
848 265.71429 69.35000 55854.08656 21.65000 299 0.00541 1.33271 g -1
849 282.85714 69.35000 55854.09015 21.65000 299 0.00532 1.26678 g -1
850 300.00000 69.35000 55854.09374 21.65000 299 0.00321 1.23836 g -1
826 273.33333 62.15000 55854.09733 21.65000 299 0.00171 1.22962 g -1
828 300.00000 62.15000 55854.10092 21.65000 299 0.00151 1.14603 g -1
552 15.87491 18.95000 55854.10450 21.65000 299 0.00302 2.05423 g -1
551 8.62509 18.95000 55854.10809 21.65000 299 0.00144 1.69061 g -1
827 286.66667 62.15000 55854.11168 21.65000 299 0.00142 1.19046 g -1
851 317.14286 69.35000 55854.11527 21.65000 299 0.00133 1.23812 g -1
501 15.74212 11.75000 55854.11885 21.65000 299 0.00327 2.00202 g -1
829 313.33333 62.15000 55854.12244 21.65000 299 0.00116 1.14198 g -1
601 8.48720 26.15000 55854.12603 21.65000 299 0.00111 1.41812 g -1
602 16.01280 26.15000 55854.12962 21.65000 299 0.00092 1.56650 g -1
825 260.00000 62.15000 55854.13321 21.65000 299 0.00085 1.45914 g -1
803 335.18412 54.95000 55854.13679 21.65000 299 0.00062 1.09438 g -1
449 19.26088 4.55000 55854.14038 21.65000 299 0.00422 2.03433 g -1
500 8.75787 11.75000 55854.14397 21.65000 299 0.00060 1.46289 g -1
448 12.25000 4.55000 55854.14756 21.65000 299 0.00057 1.65991 g -1
771 342.13873 47.75000 55854.15115 21.65000 299 0.00055 1.05787 g -1
831 340.00000 62.15000 55854.15473 21.65000 299 0.00055 1.15502 g -1
830 326.66667 62.15000 55854.15832 21.65000 299 0.00055 1.14197 g -1
398 15.76442 -2.65000 55854.16191 21.65000 299 0.00049 1.81019 g -1
399 22.79327 -2.65000 55854.16550 21.65000 299 0.00771 2.04366 g -1
1444 26.02046 0.95000 55854.16909 21.65000 299 0.00095 1.99284 g -1
865 276.00000 76.55000 55854.17267 21.65000 299 0.00045 1.56623 g -1
347 19.29919 -9.85000 55854.17626 21.65000 299 0.00046 2.02915 g -1
400 29.82212 -2.65000 55854.18703 21.65000 299 0.02005 2.00902 g -1
348 26.34837 -9.85000 55854.19420 21.65000 299 0.00988 2.05345 g -1
1393 29.51926 -6.25000 55854.19779 21.65000 299 0.00208 1.97349 g -1
1394 36.42696 -6.25000 55854.21214 21.65000 299 0.00082 2.04872 g -1
349 33.39756 -9.85000 55854.21573 21.65000 299 0.03966 2.02322 g -1
297 22.87289 -17.05000 55854.21932 21.65000 299 0.00052 1.95209 g -1
1341 33.06164 -13.45000 55854.22649 21.65000 299 0.00234 2.02751 g -1
298 29.95482 -17.05000 55854.23367 21.65000 299 0.00896 2.00968 g -1
350 40.44674 -9.85000 55854.23726 21.65000 299 0.00269 1.99429 g -1
299 37.03675 -17.05000 55854.25161 21.65000 299 0.00678 2.02951 g -1
349 33.39756 -9.85000 55854.25230 21.65000 299 0.03966 1.63846 r -1
400 29.82212 -2.65000 55854.25589 21.65000 299 0.02005 1.38352 r -1
450 26.27176 4.55000 55854.25948 21.65000 299 0.01064 1.22140 r -1
348 26.34837 -9.85000 55854.26307 21.65000 299 0.00988 1.47376 r -1
298 29.95482 -17.05000 55854.26666 21.65000 299 0.00896 1.73370 r -1
399 22.79327 -2.65000 55854.27024 21.65000 299 0.00771 1.27505 r -1
299 37.03675 -17.05000 55854.27383 21.65000 299 0.00678 1.81669 r -1
849 282.85714 69.35000 55854.27742 21.65000 299 0.00532 1.91570 r -1
502 22.72637 11.75000 55854.28101 21.65000 299 0.00495 1.09027 r -1
449 19.26088 4.55000 55854.28460 21.65000 299 0.00422 1.14541 r -1
501 15.74212 11.75000 55854.28818 21.65000 299 0.00327 1.07513 r -1
850 300.00000 69.35000 55854.29177 21.65000 299 0.00321 1.71544 r -1
552 15.87491 18.95000 55854.29536 21.65000 299 0.00302 1.03258 r -1
401 36.85096 -2.65000 55854.29895 21.65000 299 0.00278 1.29978 r -1
350 40.44674 -9.85000 55854.30254 21.65000 299 0.00269 1.47236 r -1
1341 33.06164 -13.45000 55854.30612 21.65000 299 0.00234 1.49476 r -1
1393 29.51926 -6.25000 55854.30971 21.65000 299 0.00208 1.30623 r -1
451 33.28264 4.55000 55854.31330 21.65000 299 0.00177 1.15440 r -1
828 300.00000 62.15000 55854.31689 21.65000 299 0.00151 1.93691 r -1
551 8.62509 18.95000 55854.32048 21.65000 299 0.00144 1.07574 r -1
851 317.14286 69.35000 55854.32406 21.65000 299 0.00133 1.63898 r -1
553 23.12473 18.95000 55854.32765 21.65000 299 0.00121 1.03716 r -1
829 313.33333 62.15000 55854.33124 21.65000 299 0.00116 1.75058 r -1
601 8.48720 26.15000 55854.33483 21.65000 299 0.00111 1.07491 r -1
1444 26.02046 0.95000 55854.33842 21.65000 299 0.00095 1.19301 r -1
602 16.01280 26.15000 55854.34200 21.65000 299 0.00092 1.04884 r -1
503 29.71062 11.75000 55854.34559 21.65000 299 0.00085 1.08054 r -1
1394 36.42696 -6.25000 55854.34918 21.65000 299 0.00082 1.29701 r -1
803 335.18412 54.95000 55854.35277 21.65000 299 0.00062 1.50198 r -1
500 8.75787 11.75000 55854.35635 21.65000 299 0.00060 1.22900 r -1
448 12.25000 4.55000 55854.35994 21.65000 299 0.00057 1.29188 r -1
771 342.13873 47.75000 55854.36353 21.65000 299 0.00055 1.45730 r -1
831 340.00000 62.15000 55854.36712 21.65000 299 0.00055 1.51684 r -1
830 326.66667 62.15000 55854.37071 21.65000 299 0.00055 1.76882 r -1
297 22.87289 -17.05000 55854.37429 21.65000 299 0.00052 1.74565 r -1
398 15.76442 -2.65000 55854.37788 21.65000 299 0.00049 1.46006 r -1
347 19.29919 -9.85000 55854.38147 21.65000 299 0.00046 1.60515 r -1
