748 119.55231 47.75000 55966.49421 21.65000 299 0.00053 1.99243 g -1
327 234.43417 -17.05000 55966.49780 21.65000 299 0.00045 1.97664 g -1
326 227.40348 -17.05000 55966.50139 21.65000 299 0.00044 1.77865 g -1
378 238.20283 -9.85000 55966.50497 21.65000 299 0.00040 1.71180 g -1
840 128.57143 69.35000 55966.50856 21.65000 299 0.00040 1.71201 g -1
379 245.27250 -9.85000 55966.51215 21.65000 299 0.00040 1.83202 g -1
749 128.97700 47.75000 55966.51574 21.65000 299 0.00039 1.93150 g -1
815 126.66667 62.15000 55966.51933 21.65000 299 0.00037 1.85448 g -1
456 68.33704 4.55000 55967.09908 21.65000 299 0.03646 1.15806 g -1
508 64.63187 11.75000 55967.10267 21.65000 299 0.02751 1.07915 g -1
406 71.99519 -2.65000 55967.10626 21.65000 299 0.02504 1.26051 g -1
509 71.61613 11.75000 55967.10984 21.65000 299 0.02279 1.08860 g -1
405 64.96635 -2.65000 55967.11343 21.65000 299 0.02143 1.23622 g -1
507 57.64762 11.75000 55967.11702 21.65000 299 0.02019 1.08250 g -1
506 50.66337 11.75000 55967.12061 21.65000 299 0.01897 1.10996 g -1
354 68.64348 -9.85000 55967.12420 21.65000 299 0.01768 1.37187 g -1
454 54.31528 4.55000 55967.12778 21.65000 299 0.01340 1.17525 g -1
455 61.32616 4.55000 55967.13137 21.65000 299 0.01285 1.15307 g -1
457 75.34792 4.55000 55967.13496 21.65000 299 0.01279 1.14394 g -1
355 75.69267 -9.85000 55967.13855 21.65000 299 0.00791 1.37406 g -1
559 66.62364 18.95000 55967.14214 21.65000 299 0.00616 1.03888 g -1
557 52.12400 18.95000 55967.14572 21.65000 299 0.00584 1.10332 g -1
558 59.37382 18.95000 55967.14931 21.65000 299 0.00446 1.07029 g -1
662 109.79050 33.35000 55967.15290 21.65000 299 0.00356 1.12009 g -1
661 101.93721 33.35000 55967.15649 21.65000 299 0.00335 1.05891 g -1
560 73.87345 18.95000 55967.16008 21.65000 299 0.00311 1.03757 g -1
615 113.69200 26.15000 55967.16366 21.65000 299 0.00273 1.14051 g -1
614 106.21029 26.15000 55967.16725 21.65000 299 0.00254 1.07488 g -1
705 97.46504 40.55000 55967.17084 21.65000 299 0.00249 1.02577 g -1
1450 67.33185 0.95000 55967.17443 21.65000 299 0.00210 1.24503 g -1
744 81.85354 47.75000 55967.17802 21.65000 299 0.00208 1.03455 g -1
745 91.27823 47.75000 55967.18160 21.65000 299 0.00194 1.03342 g -1
407 79.02404 -2.65000 55967.18519 21.65000 299 0.00194 1.25686 g -1
404 57.93750 -2.65000 55967.18878 21.65000 299 0.00184 1.47655 g -1
1503 70.55524 8.15000 55967.19237 21.65000 299 0.00182 1.17889 g -1
566 116.84562 18.95000 55967.19596 21.65000 299 0.00180 1.10873 g -1
612 91.24686 26.15000 55967.19954 21.65000 299 0.00174 1.00916 g -1
565 109.79245 18.95000 55967.20313 21.65000 299 0.00156 1.05833 g -1
304 72.44639 -17.05000 55967.20672 21.65000 299 0.00153 1.77072 g -1
659 86.23064 33.35000 55967.21031 21.65000 299 0.00153 1.01575 g -1
510 78.60038 11.75000 55967.21389 21.65000 299 0.00151 1.14260 g -1
1399 70.96548 -6.25000 55967.21748 21.65000 299 0.00146 1.51669 g -1
556 44.87418 18.95000 55967.22107 21.65000 299 0.00144 1.65351 g -1
1502 63.69580 8.15000 55967.22466 21.65000 299 0.00141 1.40273 g -1
1501 56.83636 8.15000 55967.22825 21.65000 299 0.00141 1.58386 g -1
706 106.08185 40.55000 55967.23183 21.65000 299 0.00136 1.00789 g -1
779 71.12768 54.95000 55967.23542 21.65000 299 0.00133 1.19474 g -1
778 60.11656 54.95000 55967.23901 21.65000 299 0.00133 1.30268 g -1
741 52.39836 47.75000 55967.24260 21.65000 299 0.00123 1.41216 g -1
743 72.25385 47.75000 55967.24619 21.65000 299 0.00120 1.18569 g -1
1451 74.21708 0.95000 55967.24977 21.65000 299 0.00120 1.50671 g -1
702 71.61980 40.55000 55967.25336 21.65000 299 0.00119 1.20876 g -1
780 82.05244 54.95000 55967.25695 21.65000 299 0.00109 1.17359 g -1
516 121.29889 11.75000 55967.26054 21.65000 299 0.00103 1.07919 g -1
701 63.07173 40.55000 55967.26413 21.65000 299 0.00101 1.38041 g -1
616 121.17371 26.15000 55967.26771 21.65000 299 0.00101 1.00856 g -1
567 123.89878 18.95000 55967.27130 21.65000 299 0.00100 1.03425 g -1
517 128.57400 11.75000 55967.27489 21.65000 299 0.00100 1.08280 g -1
699 45.97560 40.55000 55967.27848 21.65000 299 0.00099 1.99686 g -1
611 83.74320 26.15000 55967.28207 21.65000 299 0.00099 1.23086 g -1
777 49.31587 54.95000 55967.28565 21.65000 299 0.00097 1.77064 g -1
742 62.43545 47.75000 55967.28924 21.65000 299 0.00094 1.53849 g -1
515 114.02378 11.75000 55967.29283 21.65000 299 0.00094 1.10522 g -1
609 68.69200 26.15000 55967.29642 21.65000 299 0.00092 1.64223 g -1
704 88.84822 40.55000 55967.30001 21.65000 299 0.00091 1.20449 g -1
610 76.21760 26.15000 55967.30359 21.65000 299 0.00089 1.50646 g -1
658 78.41211 33.35000 55967.30718 21.65000 299 0.00087 1.42126 g -1
464 123.83222 4.55000 55967.31077 21.65000 299 0.00085 1.16125 g -1
413 121.35000 -2.65000 55967.31436 21.65000 299 0.00084 1.27935 g -1
660 94.08393 33.35000 55967.31795 21.65000 299 0.00082 1.23200 g -1
703 80.23141 40.55000 55967.32153 21.65000 299 0.00082 1.44600 g -1
463 116.99044 4.55000 55967.32512 21.65000 299 0.00078 1.23343 g -1
563 95.57843 18.95000 55967.32871 21.65000 299 0.00075 1.36601 g -1
746 100.70292 47.75000 55967.33230 21.65000 299 0.00074 1.20953 g -1
465 130.67400 4.55000 55967.33589 21.65000 299 0.00073 1.17040 g -1
411 107.17000 -2.65000 55967.33947 21.65000 299 0.00071 1.57905 g -1
568 130.95195 18.95000 55967.34306 21.65000 299 0.00070 1.06356 g -1
663 117.64379 33.35000 55967.34665 21.65000 299 0.00069 1.10249 g -1
781 92.97719 54.95000 55967.35024 21.65000 299 0.00065 1.38952 g -1
617 128.65543 26.15000 55967.35383 21.65000 299 0.00063 1.06406 g -1
747 110.12762 47.75000 55967.35741 21.65000 299 0.00054 1.20614 g -1
613 98.72857 26.15000 55967.36100 21.65000 299 0.00053 1.46448 g -1
707 114.69867 40.55000 55967.36459 21.65000 299 0.00053 1.17858 g -1
462 110.14867 4.55000 55967.36818 21.65000 299 0.00051 1.58739 g -1
782 103.90195 54.95000 55967.37177 21.65000 299 0.00050 1.34933 g -1
414 128.44000 -2.65000 55967.37535 21.65000 299 0.00050 1.42820 g -1
461 103.30689 4.55000 55967.37894 21.65000 299 0.00050 1.96161 g -1
518 135.84911 11.75000 55967.38253 21.65000 299 0.00046 1.17008 g -1
564 102.73929 18.95000 55967.38612 21.65000 299 0.00045 1.71121 g -1
514 106.74867 11.75000 55967.38971 21.65000 299 0.00045 1.77103 g -1
412 114.26000 -2.65000 55967.39329 21.65000 299 0.00045 1.96605 g -1
783 114.82671 54.95000 55967.39688 21.65000 299 0.00044 1.32747 g -1
708 123.31548 40.55000 55967.40047 21.65000 299 0.00043 1.22455 g -1
664 125.49707 33.35000 55967.40406 21.65000 299 0.00040 1.22809 g -1
466 137.51578 4.55000 55967.40764 21.65000 299 0.00039 1.33591 g -1
813 100.00000 62.15000 55967.41123 21.65000 299 0.00037 1.62697 g -1
415 135.53000 -2.65000 55967.41482 21.65000 299 0.00037 1.55461 g -1
662 109.79050 33.35000 55967.41552 21.65000 299 0.00356 1.60502 r -1
661 101.93721 33.35000 55967.41910 21.65000 299 0.00335 1.92124 r -1
615 113.69200 26.15000 55967.42269 21.65000 299 0.00273 1.66117 r -1
566 116.84562 18.95000 55967.42628 21.65000 299 0.00180 1.72528 r -1
706 106.08185 40.55000 55967.42987 21.65000 299 0.00136 1.78952 r -1
516 121.29889 11.75000 55967.43346 21.65000 299 0.00103 1.81941 r -1
616 121.17371 26.15000 55967.43704 21.65000 299 0.00101 1.59224 r -1
567 123.89878 18.95000 55967.44063 21.65000 299 0.00100 1.66230 r -1
517 128.57400 11.75000 55967.44422 21.65000 299 0.00100 1.69598 r -1
465 130.67400 4.55000 55967.44781 21.65000 299 0.00073 1.85441 r -1
568 130.95195 18.95000 55967.45139 21.65000 299 0.00070 1.56806 r -1
663 117.64379 33.35000 55967.45498 21.65000 299 0.00069 1.81172 r -1
617 128.65543 26.15000 55967.45857 21.65000 299 0.00063 1.60071 r -1
747 110.12762 47.75000 55967.46216 21.65000 299 0.00054 1.94861 r -1
748 119.55231 47.75000 55967.46575 21.65000 299 0.00053 1.69475 r -1
518 135.84911 11.75000 55967.46933 21.65000 299 0.00046 1.75874 r -1
326 227.40348 -17.05000 55967.47292 21.65000 299 0.00044 2.00653 r -1
783 114.82671 54.95000 55967.47651 21.65000 299 0.00044 1.86215 r -1
708 123.31548 40.55000 55967.48010 21.65000 299 0.00043 1.82090 r -1
378 238.20283 -9.85000 55967.48369 21.65000 299 0.00040 1.90384 r -1
840 128.57143 69.35000 55967.48727 21.65000 299 0.00040 1.62051 r -1
327 234.43417 -17.05000 55967.49086 21.65000 299 0.00045 2.02400 r -1
