0.7159975290 3.1418703424e-04 47.0528999847
0.7195854919 7.6510813390e-04 94.1057999693
0.7231734549 1.4608492388e-03 141.0013323955
0.7267614179 2.1525138367e-03 188.0542323801
0.7303493808 3.9685117273e-03 235.8415143043
0.7339373438 5.3273900198e-03 283.1566935531
0.7375253068 8.9619499332e-03 329.5801233039
0.7411132697 1.3501759773e-02 377.3149493752
0.7447012327 2.1188424406e-02 423.3711881562
0.7482891957 3.0958599595e-02 470.8437349635
0.7518771586 3.6457870716e-02 518.1589142122
0.7554651216 4.5803362469e-02 565.0019907856
0.7590530845 5.6946608513e-02 610.1140242157
0.7626410475 7.1365919652e-02 655.3834252043
0.7662290105 8.5407594702e-02 701.2822964268
0.7698169734 9.2873289683e-02 748.3351964114
0.7734049364 9.7166806621e-02 795.4930081017
0.7769928994 1.0126601269e-01 842.5459080864
0.7805808623 1.1389141467e-01 890.1233665993
0.7841688253 1.1789187312e-01 937.3860899952
0.7877567883 1.2329912054e-01 984.7012692440
0.7913447512 1.2445166454e-01 1032.0689043456
0.7949327142 1.2548245950e-01 1079.0693484774
0.7985206772 1.2692018855e-01 1126.1747043149
0.8021086401 1.3556550962e-01 1169.1360477792
0.8056966031 1.4607158085e-01 1216.3463153223
0.8092845661 1.4660554345e-01 1263.7664062767
0.8128725290 1.4969731475e-01 1310.2947477331
0.8164604920 1.5015710527e-01 1312.4454376990
0.8200484550 1.5166194730e-01 1316.9566410420
0.8236364179 1.5209922854e-01 1319.2122427135
0.8272243809 1.5393861641e-01 1324.9299306715
0.8308123438 1.5732126175e-01 1372.5073891844
0.8344003068 1.5765136727e-01 1375.7071962068
0.8379882698 1.5798410204e-01 1379.1692824932
0.8415762327 1.5933213367e-01 1385.1492497154
0.8451641957 1.5963954806e-01 1387.9818657680
0.8487521587 1.5993524147e-01 1434.6151189300
0.8523401216 1.6147888189e-01 1444.5292751141
0.8559280846 1.6181872470e-01 1449.5125811325
0.8595160476 1.6203067292e-01 1492.6837480081
0.8631040105 1.6218689130e-01 1535.3828122082
0.8666919735 1.6394879251e-01 1541.1005001662
0.8702799365 1.6511085447e-01 1551.8014941426
0.8738678994 1.6567286756e-01 1555.7356831045
0.8774558624 1.6580578788e-01 1602.5787596779
0.8810438254 1.7986735144e-01 1644.3860743800
0.8846317883 1.8000438836e-01 1649.2120128399
0.8882197513 1.8027438494e-01 1696.4747362359
0.8889141957 1.8027438494e-01 1696.4747362359
0.8925021587 1.8027438494e-01 1696.4747362359
0.8960901217 1.8027438494e-01 1696.4747362359
0.8996780846 1.8027438494e-01 1696.4747362359
0.9032660476 1.8027438494e-01 1696.4747362359
0.9068540106 1.8027438494e-01 1696.4747362359
0.9104419735 1.8027438494e-01 1696.4747362359
0.9140299365 1.8027438494e-01 1696.4747362359
0.9176178995 1.8027438494e-01 1696.4747362359
