0.0000000000 4.2375954296e-02 47.2102675431
0.0035879630 8.2188802422e-02 94.4729909391
0.0071759259 1.2160950707e-01 142.2078170105
0.0107638889 1.5332289069e-01 189.9426430819
0.0143518519 1.8137208453e-01 236.7332638024
0.0179398148 2.0544422440e-01 283.7861637870
0.0215277778 2.2858057602e-01 329.0031089228
0.0251157408 2.4940631654e-01 374.1151423529
0.0287037037 2.6828222008e-01 419.2271757830
0.0322916667 2.8782996757e-01 466.2800757676
0.0358796296 3.0662440145e-01 513.3329757523
0.0394675926 3.2563762333e-01 560.7530667067
0.0430555556 3.4333982614e-01 604.6061596690
0.0466435185 3.5977594623e-01 650.5050308915
0.0502314815 3.7354195750e-01 696.7186372309
0.0538194445 3.8494218580e-01 742.4076850421
0.0574074074 3.9640584718e-01 787.6246301779
0.0609953704 4.0725220796e-01 831.4252672873
0.0645833334 4.1812542885e-01 878.8453582417
0.0681712963 4.2726599425e-01 921.9116134116
0.0717592593 4.3645235022e-01 967.0236468417
0.0753472223 4.4474608718e-01 1010.8767398040
0.0789351852 4.5061261488e-01 1056.6182434680
0.0825231482 4.5642529528e-01 1102.0974678679
0.0861111112 4.6110205496e-01 1149.4126471167
0.0896990741 4.6572980724e-01 1197.0425614824
0.0932870371 4.6851204199e-01 1240.8956544447
0.0968750001 4.7107638911e-01 1242.9938885577
0.1004629630 4.7328790889e-01 1245.1445785236
0.1040509260 4.7531081992e-01 1247.5050919007
0.1076388889 4.7707050012e-01 1249.5508701610
0.1112268519 4.7866768147e-01 1251.4917367155
0.1148148149 4.8025951505e-01 1253.7997942398
0.1184027778 4.8162773964e-01 1299.4888420510
0.1219907408 4.8297747032e-01 1301.4297086056
0.1255787038 4.8430554566e-01 1303.3705751601
0.1291666667 4.8562743650e-01 1305.5212651260
0.1327546297 4.8693965961e-01 1307.7768667975
0.1363425927 4.8808641822e-01 1351.9446948767
0.1399305556 4.8915638351e-01 1397.2140958653
0.1435185186 4.8988583644e-01 1442.3261292954
0.1471064816 4.9058257458e-01 1444.5292751141
0.1506944445 4.9177895997e-01 1460.9479570485
0.1542824075 4.9234422734e-01 1462.8888236031
0.1578703705 4.9290015795e-01 1509.8892677349
0.1614583334 4.9294977617e-01 1540.7857650492
0.1650462964 4.9340494762e-01 1588.1009442980
0.1686342594 4.9383514299e-01 1590.6188252336
0.1722222223 4.9426853031e-01 1638.0389161881
0.1758101853 4.9464843955e-01 1640.0322385954
0.8737167040 4.9845027946e-01 1687.0851385801
0.8773046670 5.1249729028e-01 1710.4804489404
0.8808926299 5.1425298075e-01 1737.3378455871
0.8844805929 5.1471195831e-01 1785.4923184811
0.8880685559 5.1515878753e-01 1833.1222328468
0.8916565188 5.1558876071e-01 1880.1751328315
0.8952444818 5.1600252145e-01 1927.2280328161
0.8959389262 5.1600252145e-01 1927.2280328161
0.8995268892 5.1600252145e-01 1927.2280328161
0.9031148522 5.1600252145e-01 1927.2280328161
0.9067028151 5.1600252145e-01 1927.2280328161
0.9102907781 5.1600252145e-01 1927.2280328161
0.9138787411 5.1600252145e-01 1927.2280328161
0.9174667040 5.1600252145e-01 1927.2280328161
0.9210546670 5.1600252145e-01 1927.2280328161
0.9246426300 5.1600252145e-01 1927.2280328161
0.9282305929 5.1600252145e-01 1927.2280328161
0.9318185559 5.1600252145e-01 1927.2280328161
0.9354065189 5.1600252145e-01 1927.2280328161
0.9389944818 5.1600252145e-01 1927.2280328161
0.9425824448 5.1600252145e-01 1927.2280328161
0.9461704078 5.1600252145e-01 1927.2280328161
0.9497583707 5.1600252145e-01 1927.2280328161
0.9533463337 5.1600252145e-01 1927.2280328161
0.9569342966 5.1600252145e-01 1927.2280328161
0.9605222596 5.1600252145e-01 1927.2280328161
0.9641102226 5.1600252145e-01 1927.2280328161
0.9676981855 5.1600252145e-01 1927.2280328161
0.9712861485 5.1600252145e-01 1927.2280328161
0.9748741115 5.1600252145e-01 1927.2280328161
0.9784620744 5.1600252145e-01 1927.2280328161
0.9820500374 5.1600252145e-01 1927.2280328161
0.9856380004 5.1600252145e-01 1927.2280328161
0.9892259633 5.1600252145e-01 1927.2280328161
0.9928139263 5.1600252145e-01 1927.2280328161
0.9964018893 5.1600252145e-01 1927.2280328161
0.9999898522 5.1600252145e-01 1927.2280328161
