0.2515364390 1.2234523057e-02 47.3151792488
0.2551244020 1.7726862661e-02 88.8602146867
0.2587123650 2.2992394327e-02 136.3327614940
0.2623003279 2.5430479570e-02 177.8253410791
0.2658882909 2.7335143517e-02 225.8224464146
0.2694762538 2.9063532445e-02 264.7971450641
0.2730642168 3.0157219166e-02 307.8109443812
0.2766521798 3.1289385766e-02 349.2510681135
0.2802401427 3.2043653991e-02 388.1208550573
0.2838281057 3.2467518819e-02 429.6658904953
0.2874160687 3.2940933680e-02 472.7846015180
0.2910040316 4.0987280690e-02 491.5637968296
0.2945919946 4.5736843197e-02 525.6076453135
0.2981799576 4.6010925870e-02 568.6214446306
0.3017679205 4.6169915118e-02 607.4912315744
0.3053558835 4.6379629541e-02 609.3796422761
0.3089438465 4.6635529771e-02 611.4778763892
0.3125318094 4.6802266451e-02 658.8455114908
0.3161197724 4.6967263833e-02 697.4530191705
0.3197077354 4.7356625488e-02 744.8731101249
0.3232956983 4.7721030305e-02 753.0037673129
0.3268836613 4.7862870638e-02 754.7872663090
0.3304716242 4.8120204704e-02 787.2574392081
0.4094068095 4.8232962824e-02 835.0447211323
0.4165827354 4.8437184773e-02 882.0976211169
0.4273466243 4.8683031001e-02 929.5701679242
0.4345225502 4.9676371675e-02 976.4132444975
0.4381105132 5.0337388596e-02 1023.4661444822
0.4452864391 5.0508705827e-02 1070.7813237310
0.4488744021 5.0646289841e-02 1118.3587822439
0.4560503280 5.1811391555e-02 1165.5690497870
0.4596382910 5.5582561984e-02 1212.6219497717
0.4632262540 5.7349136300e-02 1237.7483032752
0.4668142169 5.8114127280e-02 1270.1660203214
0.4704021799 5.8694004133e-02 1279.6080738301
0.4739901428 5.9008845118e-02 1326.5036062562
0.4775781058 6.1736064235e-02 1366.7897012264
0.4811660688 6.6394034078e-02 1391.9160547299
0.4847540317 7.1607551730e-02 1416.9899523806
0.4883419947 7.1841299079e-02 1464.7772343048
0.4919299577 7.5122047351e-02 1489.7462202498
0.4955179206 7.6254761050e-02 1522.5835841187
0.4991058836 7.6841482520e-02 1570.7380570127
0.5026938466 8.2424387603e-02 1612.0732690393
0.5098697725 9.1354581589e-02 1636.6226081618
0.5134577355 1.0017445774e-01 1661.8014175181
0.5170456984 1.0044051355e-01 1709.0116850612
0.5242216244 1.0133338380e-01 1756.9038786911
0.5249160688 1.0133338380e-01 1756.9038786911
0.5285040318 1.0133338380e-01 1756.9038786911
0.5320919947 1.0133338380e-01 1756.9038786911
0.5356799577 1.0133338380e-01 1756.9038786911
0.5392679207 1.0133338380e-01 1756.9038786911
0.5428558836 1.0133338380e-01 1756.9038786911
0.5464438466 1.0133338380e-01 1756.9038786911
0.5500318096 1.0133338380e-01 1756.9038786911
0.5536197725 1.0133338380e-01 1756.9038786911
0.5572077355 1.0133338380e-01 1756.9038786911
0.5607956985 1.0133338380e-01 1756.9038786911
0.5643836614 1.0133338380e-01 1756.9038786911
0.5679716244 1.0133338380e-01 1756.9038786911
0.5715595873 1.0133338380e-01 1756.9038786911
0.5751475503 1.0133338380e-01 1756.9038786911
0.5787355133 1.0133338380e-01 1756.9038786911
0.5823234762 1.0133338380e-01 1756.9038786911
0.5859114392 1.0133338380e-01 1756.9038786911
0.5894994022 1.0133338380e-01 1756.9038786911
0.5930873651 1.0133338380e-01 1756.9038786911
0.5966753281 1.0133338380e-01 1756.9038786911
0.6002632911 1.0133338380e-01 1756.9038786911
0.6038512540 1.0133338380e-01 1756.9038786911
0.6074392170 1.0133338380e-01 1756.9038786911
0.6110271800 1.0133338380e-01 1756.9038786911
0.6146151429 1.0133338380e-01 1756.9038786911
0.6182031059 1.0133338380e-01 1756.9038786911
0.6217910689 1.0133338380e-01 1756.9038786911
0.6253790318 1.0133338380e-01 1756.9038786911
0.6289669948 1.0133338380e-01 1756.9038786911
0.6325549578 1.0133338380e-01 1756.9038786911
0.6361429207 1.0133338380e-01 1756.9038786911
0.6397308837 1.0133338380e-01 1756.9038786911
0.6433188466 1.0133338380e-01 1756.9038786911
0.6469068096 1.0133338380e-01 1756.9038786911
