0.6199683551 2.1804699185e-02 47.7872819242
0.6379081699 3.8297725674e-01 94.5254467919
0.6414961329 4.3357776958e-01 140.2144946031
0.6450840958 4.8695935331e-01 150.7056651682
0.6486720588 7.2244892015e-01 198.4929470924
0.6522600218 7.5104736634e-01 245.9130380469
0.6558479847 8.2962008168e-01 283.5763403757
0.6594359477 8.7816848050e-01 296.7427594350
0.6630239107 8.8588294745e-01 343.9530269781
0.6701998366 9.0081447289e-01 379.3082717826
0.6773757625 9.1957192990e-01 426.3611717673
0.6780702070 9.1957192990e-01 426.3611717673
0.6816581699 9.1957192990e-01 426.3611717673
0.6852461329 9.1957192990e-01 426.3611717673
0.6888340959 9.1957192990e-01 426.3611717673
0.6924220588 9.1957192990e-01 426.3611717673
0.6960100218 9.1957192990e-01 426.3611717673
0.6995979847 9.1957192990e-01 426.3611717673
0.7031859477 9.1957192990e-01 426.3611717673
0.7067739107 9.1957192990e-01 426.3611717673
0.7103618736 9.1957192990e-01 426.3611717673
0.7139498366 9.1957192990e-01 426.3611717673
