0.3135236533 9.6093721801e-02 47.3151792488
0.3171116163 9.9392084490e-02 88.8602146867
0.3206995793 1.0574280520e-01 136.8573200222
0.3242875422 1.0703715172e-01 164.4490986086
0.3278755052 1.8280638207e-01 181.3923390713
0.3314634682 1.8506850968e-01 228.8648858785
0.3350514311 1.8544577498e-01 256.1419293479
0.5790329127 1.8622125300e-01 282.7895025833
0.6723199498 1.8708192170e-01 330.5243286547
0.6830838387 1.9032673842e-01 377.5772286394
0.6938477276 1.9225682903e-01 423.8957466845
0.6974356906 1.9765074488e-01 470.9486466691
0.7010236536 2.0915095383e-01 518.1589142122
0.7046116165 2.1454620345e-01 530.5909513319
0.7081995795 2.1556945666e-01 577.6438513166
0.7117875425 2.1680291194e-01 624.0148252145
0.7153755054 2.3696852495e-01 661.8354951018
0.7189634684 2.4222351298e-01 682.9752037906
0.7225514313 2.4534246854e-01 721.5302556175
0.7261393943 2.5655977004e-01 746.0795947399
0.7297273573 2.6324615830e-01 772.3599770056
0.7333153202 2.7265605284e-01 809.6036325118
0.7369032832 2.7349686757e-01 857.2335468776
0.7404912462 2.7447719718e-01 904.2864468622
0.7440792091 2.8506456689e-01 928.8357859846
0.7476671721 2.9752276321e-01 953.9621394881
0.7512551351 3.0030595390e-01 1001.0150394728
0.7548430980 3.0878168245e-01 1027.3478775913
0.7584310610 3.1220627821e-01 1053.4184364457
0.7620190240 3.1265656151e-01 1101.5729093397
0.7656069869 3.1300469895e-01 1147.7865156791
0.7691949499 3.2202027721e-01 1194.2624012827
0.7727829129 3.3348096509e-01 1219.3887547862
0.7763708758 3.4394918860e-01 1244.5151082897
0.7799588388 3.4559907210e-01 1283.3848952335
0.7835468018 3.4595949560e-01 1330.9098978936
0.7871347647 3.4625744031e-01 1333.6376022405
0.7878292092 3.4625744031e-01 1333.6376022405
0.7914171721 3.4625744031e-01 1333.6376022405
0.7950051351 3.4625744031e-01 1333.6376022405
