789 180.37888 54.95000 56047.14483 21.65000 299 0.08364 1.13807 g -1
755 185.52515 47.75000 56047.14842 21.65000 299 0.08311 1.12305 g -1
715 183.63319 40.55000 56047.15201 21.65000 299 0.07246 1.08607 g -1
819 180.00000 62.15000 56047.15559 21.65000 299 0.06512 1.18051 g -1
672 188.32336 33.35000 56047.15918 21.65000 299 0.04108 1.09987 g -1
843 180.00000 69.35000 56047.16277 21.65000 299 0.02955 1.26252 g -1
625 188.50914 26.15000 56047.16636 21.65000 299 0.02077 1.09971 g -1
860 156.00000 76.55000 56047.16995 21.65000 299 0.01719 1.37269 g -1
842 162.85714 69.35000 56047.17353 21.65000 299 0.01363 1.23504 g -1
576 187.38957 18.95000 56047.17712 21.65000 299 0.00982 1.09893 g -1
671 180.47007 33.35000 56047.18071 21.65000 299 0.00873 1.02096 g -1
861 180.00000 76.55000 56047.18430 21.65000 299 0.00602 1.37844 g -1
624 181.02743 26.15000 56047.18789 21.65000 299 0.00483 1.02476 g -1
872 140.00000 83.75000 56047.19147 21.65000 299 0.00455 1.59775 g -1
754 176.10046 47.75000 56047.19506 21.65000 299 0.00454 1.03385 g -1
1754 183.04776 44.15000 56047.19865 21.65000 299 0.00436 1.02736 g -1
525 186.77489 11.57000 56047.20224 21.65000 299 0.00311 1.10031 g -1
1850 173.87953 65.75000 56047.20583 21.65000 299 0.00265 1.18363 g -1
790 191.39000 54.95000 56047.20941 21.65000 299 0.00260 1.09288 g -1
1714 188.06674 36.95000 56047.21300 21.65000 299 0.00259 1.01190 g -1
859 132.00000 76.55000 56047.21659 21.65000 299 0.00225 1.49953 g -1
871 100.00000 83.75000 56047.22018 21.65000 299 0.00216 1.77910 g -1
1792 187.03388 51.35000 56047.22377 21.65000 299 0.00203 1.05317 g -1
818 166.66667 62.15000 56047.22735 21.65000 299 0.00183 1.16218 g -1
1669 184.59050 29.75000 56047.23094 21.65000 299 0.00178 1.00206 g -1
1824 186.98986 58.55000 56047.23453 21.65000 299 0.00171 1.10459 g -1
1823 174.98986 58.55000 56047.23812 21.65000 299 0.00155 1.11681 g -1
716 192.25000 40.55000 56047.24171 21.65000 299 0.00127 1.00911 g -1
1791 176.60164 51.35000 56047.24529 21.65000 299 0.00125 1.06661 g -1
820 193.33333 62.15000 56047.24888 21.65000 299 0.00121 1.14071 g -1
873 180.00000 83.75000 56047.25247 21.65000 299 0.00104 1.57169 g -1
1871 172.43831 72.95000 56047.25606 21.65000 299 0.00092 1.32524 g -1
473 185.30822 4.71000 56047.25965 21.65000 299 0.00090 1.15604 g -1
575 180.32410 18.95000 56047.26323 21.65000 299 0.00090 1.06655 g -1
789 180.37888 54.95000 56047.26393 21.65000 299 0.08364 1.09749 r -1
755 185.52515 47.75000 56047.26752 21.65000 299 0.08311 1.04616 r -1
715 183.63319 40.55000 56047.27110 21.65000 299 0.07246 1.03194 r -1
819 180.00000 62.15000 56047.27469 21.65000 299 0.06512 1.17337 r -1
672 188.32336 33.35000 56047.27828 21.65000 299 0.04108 1.01952 r -1
843 180.00000 69.35000 56047.28187 21.65000 299 0.02955 1.27198 r -1
625 188.50914 26.15000 56047.28546 21.65000 299 0.02077 1.03796 r -1
860 156.00000 76.55000 56047.28904 21.65000 299 0.01719 1.51221 r -1
842 162.85714 69.35000 56047.29263 21.65000 299 0.01363 1.37607 r -1
576 187.38957 18.95000 56047.29622 21.65000 299 0.00982 1.09113 r -1
671 180.47007 33.35000 56047.29981 21.65000 299 0.00873 1.09641 r -1
861 180.00000 76.55000 56047.30340 21.65000 299 0.00602 1.42394 r -1
624 181.02743 26.15000 56047.30698 21.65000 299 0.00483 1.13106 r -1
872 140.00000 83.75000 56047.31057 21.65000 299 0.00455 1.74430 r -1
754 176.10046 47.75000 56047.31416 21.65000 299 0.00454 1.18205 r -1
1754 183.04776 44.15000 56047.31775 21.65000 299 0.00436 1.12876 r -1
525 186.77489 11.57000 56047.32133 21.65000 299 0.00311 1.22756 r -1
1850 173.87953 65.75000 56047.32492 21.65000 299 0.00265 1.34132 r -1
790 191.39000 54.95000 56047.32851 21.65000 299 0.00260 1.14688 r -1
1714 188.06674 36.95000 56047.33210 21.65000 299 0.00259 1.12425 r -1
859 132.00000 76.55000 56047.33569 21.65000 299 0.00225 1.87361 r -1
1792 187.03388 51.35000 56047.33927 21.65000 299 0.00203 1.17982 r -1
818 166.66667 62.15000 56047.34286 21.65000 299 0.00183 1.44741 r -1
1669 184.59050 29.75000 56047.34645 21.65000 299 0.00178 1.22946 r -1
1824 186.98986 58.55000 56047.35004 21.65000 299 0.00171 1.25028 r -1
1823 174.98986 58.55000 56047.35363 21.65000 299 0.00155 1.37813 r -1
716 192.25000 40.55000 56047.35721 21.65000 299 0.00127 1.16623 r -1
1791 176.60164 51.35000 56047.36080 21.65000 299 0.00125 1.37160 r -1
820 193.33333 62.15000 56047.36439 21.65000 299 0.00121 1.26995 r -1
873 180.00000 83.75000 56047.36798 21.65000 299 0.00104 1.66564 r -1
1871 172.43831 72.95000 56047.37157 21.65000 299 0.00092 1.56930 r -1
473 185.30822 4.71000 56047.37515 21.65000 299 0.00090 1.77441 r -1
575 180.32410 18.95000 56047.37874 21.65000 299 0.00090 1.66620 r -1
