862 204.00000 76.55000 55900.48331 21.65000 299 0.02399 1.68978 g -1
845 214.28571 69.35000 55900.48690 21.65000 299 0.01680 1.80006 g -1
821 206.66667 62.15000 55900.49049 21.65000 299 0.01297 1.66816 g -1
873 180.00000 83.75000 55900.49407 21.65000 299 0.01051 1.63578 g -1
874 220.00000 83.75000 55900.49766 21.65000 299 0.00998 1.79553 g -1
792 213.41224 54.95000 55900.50125 21.65000 299 0.00788 1.76615 g -1
869 20.00000 83.75000 55900.50484 21.65000 299 0.00770 1.98472 g -1
860 156.00000 76.55000 55900.50843 21.65000 299 0.00727 1.38476 g -1
843 180.00000 69.35000 55900.51201 21.65000 299 0.00646 1.34260 g -1
871 100.00000 83.75000 55900.51560 21.65000 299 0.00625 1.62757 g -1
856 60.00000 76.55000 55900.51919 21.65000 299 0.00582 1.79686 g -1
879 170.00000 88.00000 55900.52278 21.65000 299 0.00569 1.73360 g -1
872 140.00000 83.75000 55900.52637 21.65000 299 0.00521 1.56793 g -1
878 10.00000 88.00000 55900.52995 21.65000 299 0.00483 1.89076 g -1
844 197.14286 69.35000 55900.53354 21.65000 299 0.00449 1.40484 g -1
861 180.00000 76.55000 55900.53713 21.65000 299 0.00412 1.41981 g -1
758 214.49923 47.75000 55900.54072 21.65000 299 0.00387 1.50746 g -1
819 180.00000 62.15000 55900.54431 21.65000 299 0.00363 1.19891 g -1
870 60.00000 83.75000 55900.54789 21.65000 299 0.00355 1.84873 g -1
790 191.39000 54.95000 55900.55148 21.65000 299 0.00257 1.19163 g -1
859 132.00000 76.55000 55900.55507 21.65000 299 0.00244 1.40453 g -1
820 193.33333 62.15000 55900.55866 21.65000 299 0.00212 1.24157 g -1
822 220.00000 62.15000 55900.56225 21.65000 299 0.00212 1.47424 g -1
842 162.85714 69.35000 55900.56583 21.65000 299 0.00193 1.23520 g -1
645 338.38480 26.15000 55901.06873 21.65000 299 0.01608 1.00954 g -1
597 339.62582 18.95000 55901.07232 21.65000 299 0.01038 1.03411 g -1
855 36.00000 76.55000 55901.07591 21.65000 299 0.00519 1.52520 g -1
691 337.22300 33.35000 55901.07950 21.65000 299 0.00473 1.00848 g -1
835 42.85714 69.35000 55901.08308 21.65000 299 0.00393 1.46896 g -1
854 12.00000 76.55000 55901.08667 21.65000 299 0.00387 1.40384 g -1
547 340.82087 11.75000 55901.09026 21.65000 299 0.00373 1.08732 g -1
834 25.71429 69.35000 55901.09385 21.65000 299 0.00360 1.32149 g -1
498 358.22824 4.55000 55901.09744 21.65000 299 0.00298 1.14574 g -1
446 354.67788 -2.65000 55901.10102 21.65000 299 0.00270 1.23522 g -1
738 22.28709 47.75000 55901.10461 21.65000 299 0.00261 1.10309 g -1
396 1.70673 -2.65000 55901.10820 21.65000 299 0.00254 1.24043 g -1
877 340.00000 83.75000 55901.11179 21.65000 299 0.00243 1.58184 g -1
808 33.33333 62.15000 55901.11538 21.65000 299 0.00238 1.23772 g -1
497 351.21736 4.55000 55901.11896 21.65000 299 0.00212 1.15439 g -1
496 344.20648 4.55000 55901.12255 21.65000 299 0.00185 1.19260 g -1
395 358.15163 -9.85000 55901.12614 21.65000 299 0.00162 1.37585 g -1
548 347.80512 11.75000 55901.12973 21.65000 299 0.00161 1.11514 g -1
644 330.85920 26.15000 55901.13332 21.65000 299 0.00148 1.16418 g -1
807 20.00000 62.15000 55901.13690 21.65000 299 0.00145 1.15544 g -1
857 84.00000 76.55000 55901.14049 21.65000 299 0.00136 1.72066 g -1
775 28.13537 54.95000 55901.14408 21.65000 299 0.00126 1.10625 g -1
345 5.20081 -9.85000 55901.14767 21.65000 299 0.00109 1.37763 g -1
1642 339.00529 22.55000 55901.15126 21.65000 299 0.00102 1.16558 g -1
1895 240.00000 88.50000 55901.15484 21.65000 299 0.00098 1.87402 g -1
549 354.78937 11.75000 55901.15843 21.65000 299 0.00090 1.13408 g -1
858 108.00000 76.55000 55901.16202 21.65000 299 0.00083 1.89899 g -1
739 32.32418 47.75000 55901.16561 21.65000 299 0.00081 1.05398 g -1
690 329.43922 33.35000 55901.16920 21.65000 299 0.00079 1.31666 g -1
598 346.87564 18.95000 55901.17278 21.65000 299 0.00071 1.18752 g -1
880 10.00000 87.40000 55901.17637 21.65000 299 0.00064 1.70793 g -1
1689 337.78142 29.75000 55901.17996 21.65000 299 0.00057 1.26694 g -1
397 8.73558 -2.65000 55901.18355 21.65000 299 0.00049 1.27966 g -1
250 38.12575 -24.25000 55901.18714 21.65000 299 0.00049 1.93595 g -1
776 38.72562 54.95000 55901.19072 21.65000 299 0.00048 1.08927 g -1
299 37.03675 -17.05000 55901.19431 21.65000 299 0.00048 1.59447 g -1
613 98.72857 26.15000 55901.19790 21.65000 299 0.00064 2.00103 g -1
563 95.57843 18.95000 55901.20149 21.65000 299 0.00061 1.97386 g -1
706 106.08185 40.55000 55901.20508 21.65000 299 0.00048 1.90541 g -1
646 345.91040 26.15000 55901.20866 21.65000 299 0.00047 1.32357 g -1
774 17.54512 54.95000 55901.21225 21.65000 299 0.00046 1.09918 g -1
614 106.21029 26.15000 55901.21584 21.65000 299 0.00109 2.05213 g -1
707 114.69867 40.55000 55901.21943 21.65000 299 0.00059 2.04999 g -1
662 109.79050 33.35000 55901.22302 21.65000 299 0.00058 1.92795 g -1
840 128.57143 69.35000 55901.22660 21.65000 299 0.00055 1.93460 g -1
748 119.55231 47.75000 55901.23019 21.65000 299 0.00053 1.94966 g -1
564 102.73929 18.95000 55901.23378 21.65000 299 0.00045 1.77968 g -1
615 113.69200 26.15000 55901.23737 21.65000 299 0.00129 2.03730 g -1
663 117.64379 33.35000 55901.24095 21.65000 299 0.00066 1.98940 g -1
708 123.31548 40.55000 55901.24454 21.65000 299 0.00062 2.02969 g -1
1886 145.93416 80.15000 55901.24813 21.65000 299 0.00045 1.92785 g -1
749 128.97700 47.75000 55901.25172 21.65000 299 0.00062 2.01218 g -1
697 28.87947 40.55000 55901.25531 21.65000 299 0.00043 1.05130 g -1
616 121.17371 26.15000 55901.25889 21.65000 299 0.00146 2.02266 g -1
841 145.71429 69.42000 55901.26248 21.65000 299 0.00091 2.01700 g -1
664 125.49707 33.35000 55901.26607 21.65000 299 0.00060 1.93509 g -1
709 131.93230 40.55000 55901.26966 21.65000 299 0.00062 2.00975 g -1
499 1.77362 11.75000 55901.27325 21.65000 299 0.00090 1.69497 g -1
567 123.89878 18.95000 55901.27683 21.65000 299 0.00072 2.03112 g -1
617 128.65543 26.15000 55901.28042 21.65000 299 0.00135 2.00821 g -1
750 138.40169 47.75000 55901.28401 21.65000 299 0.00061 1.92837 g -1
665 133.35036 33.35000 55901.28760 21.65000 299 0.00050 1.93861 g -1
710 140.54911 40.55000 55901.29119 21.65000 299 0.00068 2.04725 g -1
568 130.95195 18.95000 55901.29477 21.65000 299 0.00130 2.06185 g -1
817 153.33333 62.15000 55901.29836 21.65000 299 0.00105 2.00947 g -1
618 136.13714 26.15000 55901.30195 21.65000 299 0.00073 1.99395 g -1
751 147.82638 47.75000 55901.30554 21.65000 299 0.00051 1.98923 g -1
666 141.20364 33.35000 55901.30913 21.65000 299 0.00047 1.94209 g -1
786 147.60097 54.95000 55901.31271 21.65000 299 0.00043 1.80195 g -1
569 138.00511 18.95000 55901.31630 21.65000 299 0.00141 2.02391 g -1
711 149.16593 40.55000 55901.31989 21.65000 299 0.00076 1.97091 g -1
518 135.84911 11.75000 55901.32348 21.65000 299 0.00086 2.00177 g -1
787 158.52573 54.95000 55901.32707 21.65000 299 0.00080 1.96990 g -1
752 157.25108 47.75000 55901.33065 21.65000 299 0.00057 2.00266 g -1
818 166.66667 62.15000 55901.33424 21.65000 299 0.00133 2.01926 g -1
570 145.05827 18.95000 55901.33783 21.65000 299 0.00058 1.98750 g -1
519 143.12422 11.75000 55901.34142 21.65000 299 0.00131 2.04307 g -1
712 157.78274 40.55000 55901.34501 21.65000 299 0.00058 1.95201 g -1
668 156.91021 33.35000 55901.34859 21.65000 299 0.00076 2.00804 g -1
788 169.45049 54.95000 55901.35218 21.65000 299 0.00151 2.03133 g -1
753 166.67577 47.75000 55901.35577 21.65000 299 0.00097 2.01622 g -1
467 144.35756 4.55000 55901.35936 21.65000 299 0.00106 2.02490 g -1
713 166.39956 40.55000 55901.36295 21.65000 299 0.00076 2.04391 g -1
621 158.58229 26.15000 55901.36653 21.65000 299 0.00054 1.95226 g -1
416 142.62000 -2.65000 55901.37012 21.65000 299 0.00059 2.03114 g -1
669 164.76350 33.35000 55901.37371 21.65000 299 0.00059 1.95235 g -1
1888 201.31878 80.15000 55901.37730 21.65000 299 0.00078 2.00693 g -1
754 176.10046 47.75000 55901.38089 21.65000 299 0.00153 2.02993 g -1
789 180.37888 54.95000 55901.38447 21.65000 299 0.00160 2.00587 g -1
714 175.01637 40.55000 55901.38806 21.65000 299 0.00132 2.02335 g -1
670 172.61679 33.35000 55901.39165 21.65000 299 0.00092 2.01527 g -1
622 166.06400 26.15000 55901.39524 21.65000 299 0.00070 1.82786 g -1
417 149.71000 -2.65000 55901.39883 21.65000 299 0.00069 1.89121 g -1
623 173.54571 26.15000 55901.40241 21.65000 299 0.00076 2.05086 g -1
755 185.52515 47.75000 55901.40600 21.65000 299 0.00138 2.04379 g -1
573 166.21777 18.95000 55901.40959 21.65000 299 0.00065 1.78043 g -1
671 180.47007 33.35000 55901.41318 21.65000 299 0.00136 2.01886 g -1
715 183.63319 40.55000 55901.41677 21.65000 299 0.00124 1.94871 g -1
468 151.19933 4.55000 55901.42035 21.65000 299 0.00059 1.51195 g -1
624 181.02743 26.15000 55901.42394 21.65000 299 0.00115 2.03566 g -1
523 172.22467 11.75000 55901.42753 21.65000 299 0.00063 1.94414 g -1
1852 203.87953 65.75000 55901.43112 21.65000 299 0.00062 2.01425 g -1
756 194.94985 47.75000 55901.43470 21.65000 299 0.00128 2.00597 g -1
716 192.25000 40.55000 55901.43829 21.65000 299 0.00110 1.98347 g -1
1873 212.43831 72.95000 55901.44188 21.65000 299 0.00103 1.99012 g -1
791 202.40112 54.95000 55901.44547 21.65000 299 0.00117 2.00456 g -1
575 180.32410 18.95000 55901.44906 21.65000 299 0.00099 1.77483 g -1
672 188.32336 33.35000 55901.45264 21.65000 299 0.00082 1.75770 g -1
576 187.38957 18.95000 55901.45623 21.65000 299 0.00077 1.96665 g -1
757 204.72454 47.75000 55901.45982 21.65000 299 0.00088 2.03336 g -1
625 188.50914 26.15000 55901.46341 21.65000 299 0.00074 1.74545 g -1
524 179.49978 11.75000 55901.46700 21.65000 299 0.00074 1.67277 g -1
863 228.00000 76.55000 55901.47058 21.65000 299 0.00108 2.00317 g -1
525 186.77489 11.57000 55901.47417 21.65000 299 0.00070 1.84808 g -1
473 185.30822 4.71000 55901.47776 21.65000 299 0.00061 1.93452 g -1
574 173.27093 18.95000 55901.48135 21.65000 299 0.00058 1.30831 g -1
