873 180.00000 83.75000 55862.48079 21.65000 299 0.01627 1.81608 g -1
869 20.00000 83.75000 55862.48438 21.65000 299 0.01523 1.74792 g -1
855 36.00000 76.55000 55862.48796 21.65000 299 0.01023 1.57543 g -1
854 12.00000 76.55000 55862.49155 21.65000 299 0.00858 1.80507 g -1
874 220.00000 83.75000 55862.49514 21.65000 299 0.01131 2.00738 g -1
834 25.71429 69.35000 55862.49873 21.65000 299 0.00814 1.66772 g -1
877 340.00000 83.75000 55862.50232 21.65000 299 0.00734 1.99593 g -1
879 170.00000 88.00000 55862.50590 21.65000 299 0.00710 1.78414 g -1
878 10.00000 88.00000 55862.50949 21.65000 299 0.00680 1.82362 g -1
862 204.00000 76.55000 55862.51308 21.65000 299 0.00476 1.99267 g -1
808 33.33333 62.15000 55862.51667 21.65000 299 0.00411 1.64929 g -1
1895 240.00000 88.50000 55862.52026 21.65000 299 0.00356 1.86901 g -1
861 180.00000 76.55000 55862.52384 21.65000 299 0.00301 1.67993 g -1
872 140.00000 83.75000 55862.52743 21.65000 299 0.00225 1.59957 g -1
870 60.00000 83.75000 55862.53102 21.65000 299 0.00192 1.65379 g -1
835 42.85714 69.35000 55862.53461 21.65000 299 0.00172 1.61245 g -1
880 10.00000 87.40000 55862.53820 21.65000 299 0.00117 1.84811 g -1
1894 90.00000 88.50000 55862.54178 21.65000 299 0.00104 1.75428 g -1
776 38.72562 54.95000 55862.54537 21.65000 299 0.00075 1.79284 g -1
875 260.00000 83.75000 55863.08024 21.65000 299 0.00383 1.65122 g -1
876 300.00000 83.75000 55863.08383 21.65000 299 0.00311 1.57384 g -1
775 28.13537 54.95000 55863.08742 21.65000 299 0.00081 1.78297 g -1
807 20.00000 62.15000 55863.09100 21.65000 299 0.00074 1.56971 g -1
833 8.57143 69.35000 55863.09459 21.65000 299 0.00067 1.45936 g -1
1881 7.95311 80.15000 55863.09818 21.65000 299 0.00067 1.59246 g -1
1864 32.43831 72.95000 55863.10177 21.65000 299 0.00050 1.70825 g -1
881 170.00000 87.40000 55863.10536 21.65000 299 0.00032 1.93685 g -1
868 348.00000 76.55000 55863.10894 21.65000 299 0.00027 1.41944 g -1
1882 35.16493 80.15000 55863.11253 21.65000 299 0.00021 1.72716 g -1
1840 23.87953 65.75000 55863.11612 21.65000 299 0.00020 1.51094 g -1
606 46.11520 26.15000 55863.15559 21.65000 299 0.00021 2.00468 g -1
871 100.00000 83.75000 55863.16276 21.65000 299 0.00048 2.00659 g -1
556 44.87418 18.95000 55863.16635 21.65000 299 0.00031 1.94474 g -1
557 52.12400 18.95000 55863.18070 21.65000 299 0.00037 2.04875 g -1
506 50.66337 11.75000 55863.18788 21.65000 299 0.00111 2.06233 g -1
453 47.30440 4.55000 55863.19506 21.65000 299 0.00021 2.00704 g -1
507 57.64762 11.75000 55863.20941 21.65000 299 0.00018 2.02107 g -1
454 54.31528 4.55000 55863.21300 21.65000 299 0.00182 2.03396 g -1
403 50.90865 -2.65000 55863.22017 21.65000 299 0.00026 2.02124 g -1
455 61.32616 4.55000 55863.23094 21.65000 299 0.00022 2.06179 g -1
404 57.93750 -2.65000 55863.23811 21.65000 299 0.00242 2.04766 g -1
352 54.54511 -9.85000 55863.24887 21.65000 299 0.00018 2.03687 g -1
405 64.96635 -2.65000 55863.25964 21.65000 299 0.00035 2.01300 g -1
353 61.59430 -9.85000 55863.27040 21.65000 299 0.00263 2.00749 g -1
354 68.64348 -9.85000 55863.28834 21.65000 299 0.00077 2.03124 g -1
303 65.36446 -17.05000 55863.30628 21.65000 299 0.00195 2.02148 g -1
304 72.44639 -17.05000 55863.32422 21.65000 299 0.00165 2.04189 g -1
254 67.69804 -24.25000 55863.35651 21.65000 299 0.00022 2.02198 g -1
255 75.09111 -24.25000 55863.37804 21.65000 299 0.00148 2.01581 g -1
256 82.48418 -24.25000 55863.39957 21.65000 299 0.00035 2.00983 g -1
1887 173.62647 80.15000 55863.40316 21.65000 299 0.00018 2.01288 g -1
873 180.00000 83.75000 55863.40385 21.65000 299 0.01627 1.96544 r -1
869 20.00000 83.75000 55863.40744 21.65000 299 0.01523 1.64399 r -1
855 36.00000 76.55000 55863.41103 21.65000 299 0.01023 1.43117 r -1
854 12.00000 76.55000 55863.41462 21.65000 299 0.00858 1.56582 r -1
834 25.71429 69.35000 55863.41820 21.65000 299 0.00814 1.38506 r -1
877 340.00000 83.75000 55863.42179 21.65000 299 0.00734 1.84204 r -1
879 170.00000 88.00000 55863.42538 21.65000 299 0.00710 1.83160 r -1
878 10.00000 88.00000 55863.42897 21.65000 299 0.00680 1.78020 r -1
808 33.33333 62.15000 55863.43256 21.65000 299 0.00411 1.29420 r -1
1895 240.00000 88.50000 55863.43614 21.65000 299 0.00356 1.89169 r -1
861 180.00000 76.55000 55863.43973 21.65000 299 0.00301 2.01449 r -1
353 61.59430 -9.85000 55863.44332 21.65000 299 0.00263 1.45518 r -1
404 57.93750 -2.65000 55863.44691 21.65000 299 0.00242 1.34951 r -1
872 140.00000 83.75000 55863.45050 21.65000 299 0.00225 1.67948 r -1
303 65.36446 -17.05000 55863.45408 21.65000 299 0.00195 1.67688 r -1
870 60.00000 83.75000 55863.45767 21.65000 299 0.00192 1.59011 r -1
454 54.31528 4.55000 55863.46126 21.65000 299 0.00182 1.33517 r -1
835 42.85714 69.35000 55863.46485 21.65000 299 0.00172 1.38248 r -1
304 72.44639 -17.05000 55863.46844 21.65000 299 0.00165 1.65496 r -1
255 75.09111 -24.25000 55863.47202 21.65000 299 0.00148 1.96437 r -1
880 10.00000 87.40000 55863.47561 21.65000 299 0.00117 1.80209 r -1
506 50.66337 11.75000 55863.47920 21.65000 299 0.00111 1.39379 r -1
