0.0000000000 5.1440573378e-02 47.9971053355
0.0035879630 7.2268571646e-02 86.9193481322
0.0071759259 8.3743284936e-02 125.8940467817
0.0107638889 9.6458558203e-02 173.2092260305
0.0143518519 1.0347523624e-01 200.1715343829
0.0179398148 1.0993652996e-01 247.2244343675
0.0215277778 1.1588658204e-01 294.2773343522
0.0251157408 1.1922741520e-01 341.3302343368
0.0287037037 1.2268810737e-01 388.6454135856
0.0322916667 1.2522291325e-01 435.8556811287
0.0358796296 1.2709182071e-01 471.6305727559
0.0394675926 1.2904642925e-01 518.6834727405
0.0430555556 1.3105873431e-01 565.6839168723
0.0466435185 1.3259851107e-01 612.7368168570
0.0502314815 1.3395072637e-01 639.6991252094
0.0538194445 1.3542644392e-01 644.6299753750
0.0574074074 1.3652282631e-01 683.4473064660
0.0609953704 1.3752565811e-01 730.5002064507
0.0645833334 1.3832356935e-01 772.0452418886
0.0681712963 1.3923249279e-01 774.1434760017
0.0717592593 1.3996301549e-01 821.8783020730
0.0753472223 1.4564603993e-01 869.0885696162
0.0789351852 1.4616174909e-01 872.2883766385
0.7720435080 1.5332404608e-01 913.7809562237
0.7756314710 1.5447158753e-01 952.6507431675
0.7792194339 1.5557446116e-01 954.7489772805
0.7828073969 1.5603913650e-01 978.5639344634
0.7835018414 1.5603913650e-01 978.5639344634
0.7870898043 1.5603913650e-01 978.5639344634
0.7906777673 1.5603913650e-01 978.5639344634
0.7942657302 1.5603913650e-01 978.5639344634
0.7978536932 1.5603913650e-01 978.5639344634
0.8014416562 1.5603913650e-01 978.5639344634
0.8050296191 1.5603913650e-01 978.5639344634
0.8086175821 1.5603913650e-01 978.5639344634
0.8122055451 1.5603913650e-01 978.5639344634
0.8157935080 1.5603913650e-01 978.5639344634
0.8193814710 1.5603913650e-01 978.5639344634
0.8229694340 1.5603913650e-01 978.5639344634
0.8265573969 1.5603913650e-01 978.5639344634
0.8301453599 1.5603913650e-01 978.5639344634
0.8337333229 1.5603913650e-01 978.5639344634
0.8373212858 1.5603913650e-01 978.5639344634
0.9198444340 1.5603913650e-01 978.5639344634
0.9270203600 1.5603913650e-01 978.5639344634
0.9413722118 1.5603913650e-01 978.5639344634
0.9485481377 1.5603913650e-01 978.5639344634
0.9628999896 1.5603913650e-01 978.5639344634
0.9664879526 1.5603913650e-01 978.5639344634
0.9736638785 1.5603913650e-01 978.5639344634
0.9808398044 1.5603913650e-01 978.5639344634
0.9951916563 1.5603913650e-01 978.5639344634
