0.0960851480 5.2521066426e-02 47.7872819242
0.0996731110 1.0236103187e-01 95.1024611730
0.1032610740 1.4338488620e-01 141.9979935992
0.1068490369 1.7063562525e-01 189.3131728479
0.1104369999 1.9777169610e-01 233.0088982518
0.1140249629 2.2289281774e-01 280.7437243231
0.1176129258 2.4133101731e-01 325.9606694589
0.1212008888 2.5950132784e-01 373.2758487077
0.1247888518 2.7134780249e-01 418.9124406660
0.1283768147 2.8218134091e-01 466.1227082092
0.1319647777 2.8880120989e-01 509.3463309375
0.1355527406 2.9297751631e-01 555.7173048354
0.1391407036 2.9713937287e-01 601.5112643523
0.1427286666 3.0132814574e-01 647.1478563106
0.1463166295 3.0762400494e-01 690.3190231862
0.1499045925 3.1129841692e-01 737.4243790237
0.1534925555 3.1461957492e-01 784.5297348611
0.1570805184 3.1774504824e-01 832.0547375212
0.1606684814 3.2074588359e-01 875.6980070722
0.1642564444 3.2479532462e-01 883.3041057319
0.1678444073 3.2902635651e-01 891.3298512143
0.1714323703 3.3178054158e-01 896.7328040553
0.1750203333 3.3218992743e-01 936.8090756141
0.1786082962 3.3407450273e-01 983.1275936592
0.1821962592 3.3430230218e-01 1022.7317625426
0.1857842222 3.3596511827e-01 1024.9873642141
0.1893721851 3.3742040995e-01 1068.0011635312
0.1929601481 3.3910770869e-01 1110.2281250559
0.1965481111 3.4048437443e-01 1153.4517477843
0.2001360740 3.4183015316e-01 1200.5046477689
0.2037240370 3.4281345385e-01 1202.4455143235
0.2073119999 3.4370707250e-01 1207.8484671645
0.2108999629 3.4478797850e-01 1214.1956253564
0.2144879259 3.4559800395e-01 1262.4025541032
0.2324277407 3.4632437969e-01 1305.9933678014
0.2331221851 3.4632437969e-01 1305.9933678014
0.2367101481 3.4632437969e-01 1305.9933678014
0.2402981111 3.4632437969e-01 1305.9933678014
0.2438860740 3.4632437969e-01 1305.9933678014
0.2474740370 3.4632437969e-01 1305.9933678014
0.2510620000 3.4632437969e-01 1305.9933678014
0.2546499629 3.4632437969e-01 1305.9933678014
0.2582379259 3.4632437969e-01 1305.9933678014
0.2618258889 3.4632437969e-01 1305.9933678014
0.2654138518 3.4632437969e-01 1305.9933678014
0.2690018148 3.4632437969e-01 1305.9933678014
0.2725897778 3.4632437969e-01 1305.9933678014
0.2761777407 3.4632437969e-01 1305.9933678014
0.2797657037 3.4632437969e-01 1305.9933678014
0.2833536667 3.4632437969e-01 1305.9933678014
0.2869416296 3.4632437969e-01 1305.9933678014
0.2905295926 3.4632437969e-01 1305.9933678014
0.2941175556 3.4632437969e-01 1305.9933678014
0.2977055185 3.4632437969e-01 1305.9933678014
0.3012934815 3.4632437969e-01 1305.9933678014
0.3048814444 3.4632437969e-01 1305.9933678014
0.3084694074 3.4632437969e-01 1305.9933678014
0.3120573704 3.4632437969e-01 1305.9933678014
0.3156453333 3.4632437969e-01 1305.9933678014
0.3192332963 3.4632437969e-01 1305.9933678014
0.3228212593 3.4632437969e-01 1305.9933678014
0.3264092222 3.4632437969e-01 1305.9933678014
0.3299971852 3.4632437969e-01 1305.9933678014
0.3335851482 3.4632437969e-01 1305.9933678014
0.3371731111 3.4632437969e-01 1305.9933678014
0.3407610741 3.4632437969e-01 1305.9933678014
0.3443490371 3.4632437969e-01 1305.9933678014
0.3479370000 3.4632437969e-01 1305.9933678014
0.3515249630 3.4632437969e-01 1305.9933678014
0.3551129260 3.4632437969e-01 1305.9933678014
