0.5590794551 1.7510190409e-02 47.7872819242
0.5626674180 3.4386357800e-02 95.1024611730
0.5662553810 5.0845986982e-02 142.3651845689
0.5698433439 6.3557522447e-02 186.5854685010
0.5734313069 7.5036470890e-02 233.9006477498
0.5770192699 8.3985660435e-02 280.6388126175
0.5806072328 9.2044613851e-02 326.4852279871
0.5841951958 9.9656557049e-02 372.6988343266
0.5877831588 1.0686936130e-01 418.0206911680
0.5913711217 1.1403559202e-01 465.5456938281
0.5949590847 1.1902319315e-01 510.8675506695
0.5985470477 1.2409307344e-01 558.6548325937
0.6021350106 1.2887327406e-01 600.5146031486
0.6057229736 1.3312020739e-01 646.6232977824
0.6093109366 1.3663018936e-01 689.3748178353
0.6128988995 1.4066469242e-01 736.6375412313
0.6164868625 1.4413176175e-01 779.5464288427
0.6200748255 1.4703626127e-01 823.6618010691
0.6236627884 1.4987077063e-01 870.9769803179
0.6272507514 1.5208077728e-01 914.0956913406
0.6308387144 1.5398867322e-01 958.6307103896
0.6344266773 1.5545077798e-01 1000.0708341219
0.6380146403 1.5734666731e-01 1048.2777628687
0.6416026032 1.5912086165e-01 1094.2815457969
0.6451905662 1.6091675401e-01 1141.4393574872
0.6487785292 1.6252616095e-01 1188.4922574718
0.6523664921 1.6403378217e-01 1234.4960404000
0.6559544551 1.6546187500e-01 1273.3133714910
0.6595424181 1.6695218493e-01 1314.8584069289
0.6631303810 1.6805832078e-01 1356.3509865141
0.6667183440 1.6918935682e-01 1403.1416072346
0.6703063070 1.7011625146e-01 1405.5545764646
0.6738942699 1.7094352386e-01 1450.8764333060
0.6774822329 1.7162766075e-01 1493.9426884759
0.6810701959 1.7243110849e-01 1496.0409225889
0.6846581588 1.7317999237e-01 1537.5859580269
0.6882461218 1.7389897734e-01 1579.4457285818
0.6918340848 1.7459924985e-01 1581.8062419589
0.6954220477 1.7518904121e-01 1627.2330105060
0.6990100107 1.7581037275e-01 1673.7613519624
0.7025979736 1.7642714054e-01 1712.5786830534
0.7061859366 1.7708740024e-01 1714.6769171664
0.7097738996 1.7766554767e-01 1757.7431723363
0.7133618625 1.7821227412e-01 1800.8618833590
0.7169498255 1.7872402209e-01 1848.4917977248
0.7205377885 1.7918481440e-01 1850.4851201321
0.7241257514 1.7962910538e-01 1896.5413589131
0.7277137144 1.8005363403e-01 1898.4822254677
0.7313016774 1.8042089467e-01 1943.6991706034
0.7348896403 1.8093918410e-01 1982.6214134001
0.7384776033 1.8140203723e-01 1984.8245592188
0.7420655663 1.8180754919e-01 1987.2375284487
0.7456535292 1.8217519776e-01 1989.4931301202
0.7492414922 1.8253059865e-01 2037.1230444860
0.7528294552 1.8286826209e-01 2084.1759444706
0.7564174181 1.8312932539e-01 2127.9241257273
0.7600053811 1.8344035316e-01 2169.4691611652
0.7635933441 1.8367693117e-01 2171.4624835726
0.7671813070 1.8387984544e-01 2173.2984384215
0.7707692700 1.8410439109e-01 2217.4662665007
0.7743572329 1.8431292374e-01 2219.2497654968
0.7779451959 1.8451789897e-01 2266.4600330399
0.7815331589 1.8470750898e-01 2268.7156347114
0.7851211218 1.8489548910e-01 2271.0236922358
0.7887090848 1.8507682937e-01 2312.5687276737
0.7922970478 1.8526924792e-01 2314.8767851980
0.7958850107 1.8544702120e-01 2317.1848427224
0.7994729737 1.8557523498e-01 2360.0937303338
0.8001674182 1.8557523498e-01 2360.0937303338
0.8037553811 1.8557523498e-01 2360.0937303338
0.8073433441 1.8557523498e-01 2360.0937303338
0.8109313070 1.8557523498e-01 2360.0937303338
0.8145192700 1.8557523498e-01 2360.0937303338
0.8181072330 1.8557523498e-01 2360.0937303338
0.8216951959 1.8557523498e-01 2360.0937303338
0.8252831589 1.8557523498e-01 2360.0937303338
0.8288711219 1.8557523498e-01 2360.0937303338
0.8324590848 1.8557523498e-01 2360.0937303338
0.8360470478 1.8557523498e-01 2360.0937303338
0.8396350108 1.8557523498e-01 2360.0937303338
0.8432229737 1.8557523498e-01 2360.0937303338
0.8468109367 1.8557523498e-01 2360.0937303338
0.8503988997 1.8557523498e-01 2360.0937303338
0.8539868626 1.8557523498e-01 2360.0937303338
0.8575748256 1.8557523498e-01 2360.0937303338
0.8611627886 1.8557523498e-01 2360.0937303338
0.8647507515 1.8557523498e-01 2360.0937303338
0.8683387145 1.8557523498e-01 2360.0937303338
0.8719266774 1.8557523498e-01 2360.0937303338
0.8755146404 1.8557523498e-01 2360.0937303338
0.8791026034 1.8557523498e-01 2360.0937303338
0.8826905663 1.8557523498e-01 2360.0937303338
0.8862785293 1.8557523498e-01 2360.0937303338
0.8898664923 1.8557523498e-01 2360.0937303338
0.8934544552 1.8557523498e-01 2360.0937303338
0.8970424182 1.8557523498e-01 2360.0937303338
0.9006303812 1.8557523498e-01 2360.0937303338
0.9042183441 1.8557523498e-01 2360.0937303338
0.9078063071 1.8557523498e-01 2360.0937303338
0.9113942701 1.8557523498e-01 2360.0937303338
0.9149822330 1.8557523498e-01 2360.0937303338
0.9185701960 1.8557523498e-01 2360.0937303338
0.9221581590 1.8557523498e-01 2360.0937303338
0.9257461219 1.8557523498e-01 2360.0937303338
0.9293340849 1.8557523498e-01 2360.0937303338
0.9329220479 1.8557523498e-01 2360.0937303338
0.9365100108 1.8557523498e-01 2360.0937303338
0.9400979738 1.8557523498e-01 2360.0937303338
0.9436859367 1.8557523498e-01 2360.0937303338
0.9472738997 1.8557523498e-01 2360.0937303338
0.9508618627 1.8557523498e-01 2360.0937303338
