537 270.92622 11.75000 56015.38392 21.65000 299 0.00094 2.04516 g -1
485 267.50956 4.55000 56015.38751 21.65000 299 0.00571 2.05460 g -1
433 263.15000 -2.65000 56015.39110 21.65000 299 0.00494 2.05811 g -1
1532 272.61597 8.15000 56015.39469 21.65000 299 0.00078 2.05375 g -1
1479 268.82015 0.95000 56015.39828 21.65000 299 0.00142 2.06257 g -1
381 259.41183 -9.85000 56015.40186 21.65000 299 0.00116 2.03290 g -1
538 277.90133 11.75000 56015.40545 21.65000 299 0.01534 2.00369 g -1
486 274.35133 4.55000 56015.40904 21.65000 299 0.02606 2.00734 g -1
434 270.24000 -2.65000 56015.41263 21.65000 299 0.01149 2.02520 g -1
589 281.65302 18.95000 56015.41622 21.65000 299 0.00115 1.80413 g -1
1427 265.14043 -6.25000 56015.41980 21.65000 299 0.00065 1.85521 g -1
382 266.48150 -9.85000 56015.42339 21.65000 299 0.00072 2.00386 g -1
1533 279.52500 8.15000 56015.42698 21.65000 299 0.00059 1.83464 g -1
486 274.35133 4.55000 56015.42767 21.65000 299 0.02606 1.73383 r -1
538 277.90133 11.75000 56015.43126 21.65000 299 0.01534 1.63774 r -1
434 270.24000 -2.65000 56015.43485 21.65000 299 0.01149 1.72460 r -1
485 267.50956 4.55000 56015.43844 21.65000 299 0.00571 1.45685 r -1
433 263.15000 -2.65000 56015.44203 21.65000 299 0.00494 1.49767 r -1
1479 268.82015 0.95000 56015.44561 21.65000 299 0.00142 1.50257 r -1
381 259.41183 -9.85000 56015.44920 21.65000 299 0.00116 1.57288 r -1
589 281.65302 18.95000 56015.45279 21.65000 299 0.00115 1.42233 r -1
537 270.92622 11.75000 56015.45638 21.65000 299 0.00094 1.29830 r -1
1532 272.61597 8.15000 56015.45997 21.65000 299 0.00078 1.35117 r -1
382 266.48150 -9.85000 56015.46355 21.65000 299 0.00072 1.60524 r -1
1427 265.14043 -6.25000 56015.46714 21.65000 299 0.00065 1.46725 r -1
1533 279.52500 8.15000 56015.47073 21.65000 299 0.00059 1.40227 r -1
