0.3405994925 2.8263396782e-03 47.1053558375
0.3441874555 4.9441262739e-03 94.4205350863
0.3477754184 6.9403793442e-03 142.0504494520
0.3513633814 8.8615992780e-03 189.8377313762
0.3549513444 1.0475122322e-02 236.6808079495
0.3585393073 1.3100895391e-02 283.7337079342
0.3621272703 1.4455237502e-02 330.9439754773
0.3657152333 1.7975433633e-02 377.9968754620
0.3693031962 1.9326532903e-02 425.3645105636
0.3728911592 2.0787732218e-02 472.5747781067
0.3764791221 2.2936140996e-02 519.4178546801
0.3800670851 2.4172288260e-02 566.9953131930
0.3836550481 2.5376556856e-02 612.8417285626
0.3872430110 2.6431054618e-02 657.6914827286
0.3908309740 2.7471231211e-02 705.4787646528
0.3944189370 2.8813310767e-02 752.4792087846
0.3980068999 2.9778878096e-02 800.0042114447
0.4015948629 3.0713739133e-02 847.0571114294
0.4051828259 3.1656658109e-02 894.2149231197
0.4087707888 3.2586074100e-02 941.4251906628
0.4123587518 3.4106827607e-02 988.5305465003
0.4159467148 3.5012862822e-02 1035.3211672208
0.4195346777 3.5925276208e-02 1082.5314347639
0.4231226407 3.6839412947e-02 1129.4794230429
0.4267106037 3.7692302252e-02 1176.5323230276
0.4302985666 3.8537600193e-02 1223.5852230122
0.4338865296 3.9370198995e-02 1270.6381229969
0.4374744926 4.0172353387e-02 1316.6419059250
0.4410624555 4.0991925238e-02 1361.8588510608
0.4446504185 4.1790813328e-02 1408.4921042228
0.4482383814 4.2593450671e-02 1455.8597393244
0.4518263444 4.3396577089e-02 1503.7519329543
0.4554143074 4.4192787332e-02 1549.7557158824
0.4590022703 4.4982036502e-02 1597.0184392784
0.4625902333 4.5720570142e-02 1642.2353844141
0.4661781963 4.6443721546e-02 1689.4981078101
0.4697661592 4.7261239370e-02 1736.7083753532
0.4733541222 4.7959552388e-02 1783.6563636322
0.4769420852 4.8670867870e-02 1831.3911897036
0.4805300481 4.9339950532e-02 1878.4440896882
0.4841180111 5.0126990871e-02 1924.7626077333
0.4877059741 5.0900599398e-02 1972.1302428349
0.4912939370 5.1547006158e-02 2017.1898204122
0.4948819000 5.2189656574e-02 2062.5116772536
0.4984698630 5.2822140437e-02 2109.4596655326
0.5020578259 5.3440990662e-02 2155.8830952834
0.5056457889 5.4004392485e-02 2198.7395270420
0.5092337519 5.4576167136e-02 2246.7890882303
0.5128217148 5.5134636014e-02 2294.4190025960
0.5164096778 5.5691909555e-02 2341.5768142863
0.5199976407 5.6274092949e-02 2389.3116403577
0.5235856037 5.6820696715e-02 2436.6268196065
0.5271735667 5.7357239128e-02 2484.2042781194
0.5307615296 5.7877750013e-02 2529.9982376362
0.5343494926 5.8408477157e-02 2577.1560493265
0.5379374556 5.8924984747e-02 2623.2647439603
0.5415254185 5.9391851343e-02 2668.4816890961
0.5451133815 6.0133576143e-02 2716.2165151675
0.5487013445 6.0993098019e-02 2763.4267827106
0.5522893074 6.1830264647e-02 2811.0042412235
0.5558772704 6.2635898869e-02 2858.4243321779
0.5594652334 6.3367639472e-02 2905.4772321626
0.5630531963 6.4094123276e-02 2953.2645140868
0.5666411593 6.4900443029e-02 2999.4781204262
0.5702291223 6.5800807381e-02 3046.5310204109
0.5738170852 6.6647439557e-02 3093.5839203955
0.5774050482 6.7439805180e-02 3140.8990996443
0.5809930111 6.8334198736e-02 3188.2142788931
0.5845809741 6.9130428624e-02 3235.7392815532
0.5881689371 6.9892430427e-02 3282.9495490963
0.5917569000 7.0642460044e-02 3329.8975373753
0.5953448630 7.1371019758e-02 3375.5865851865
0.5989328260 7.3118762944e-02 3422.9542202881
0.6025207889 7.3903493639e-02 3470.5316788010
0.6061087519 7.4666302373e-02 3517.5845787857
0.6096967149 7.5592514567e-02 3564.6374787703
0.6132846778 7.6407805531e-02 3611.1658202267
0.6168726408 7.7195849806e-02 3658.9531021509
0.6204606038 7.8020470017e-02 3706.0060021356
0.6240485667 7.8864826902e-02 3749.0198014526
0.6276365297 7.9763147215e-02 3795.6005987619
0.6312244927 8.0658109876e-02 3842.6534987465
0.6348124556 8.1504888330e-02 3889.3916636142
0.6384004186 8.2388690446e-02 3936.4445635988
0.6419883816 8.3647509188e-02 3984.2318455231
0.6455763445 8.5142914263e-02 4031.1798338021
0.6491643075 8.7005259335e-02 4078.3901013452
0.6527522704 8.8149793405e-02 4119.6204016662
0.6563402334 8.9149516251e-02 4165.4143611830
0.6599281964 9.0931659589e-02 4212.4672611677
0.6635161593 9.3602901231e-02 4258.7857792128
0.6671041223 9.7944469219e-02 4305.8386791974
0.6706920853 1.0214503107e-01 4352.8915791821
0.6742800482 1.0589040717e-01 4398.6855386989
0.6778680112 1.1054889571e-01 4445.7384386836
0.6814559742 1.1680010905e-01 4492.0569567286
0.6850439371 1.2019358855e-01 4539.1098567133
0.6886319001 1.2369225228e-01 4586.5824035205
0.6922198631 1.2884037861e-01 4632.2189954789
0.6958078260 1.3194817109e-01 4679.4292630220
0.6993957890 1.3569812687e-01 4727.1640890934
0.7029837520 1.3936449522e-01 4773.5350629913
0.7065717149 1.4186501030e-01 4820.7977863873
0.7101596779 1.4417278796e-01 4867.9555980776
0.7137476409 1.4724653816e-01 4913.8020134473
0.7173356038 1.4939223352e-01 4960.8549134319
0.7209235668 1.5837490593e-01 5006.5964170959
0.7245115297 1.6201589271e-01 5051.8133622317
0.7280994927 1.6396773968e-01 5099.6531000087
0.7316874557 1.6656010138e-01 5145.2896919671
0.7352754186 1.6846731371e-01 5192.3950478045
0.7388633816 1.7100746112e-01 5239.4479477892
0.7424513446 1.7531243020e-01 5286.5008477738
0.7460393075 1.8012853189e-01 5332.1898955850
0.7496272705 1.8483344519e-01 5377.3019290151
0.7532152335 1.8768891356e-01 5424.5121965582
0.7568031964 1.9656761190e-01 5471.5650965429
0.7603911594 2.0309914304e-01 5517.4639677654
0.7639791224 2.0576631405e-01 5564.4644118972
0.7675670853 2.0836638948e-01 5611.7271352932
0.7711550483 2.1059058973e-01 5657.6260065156
0.7747430113 2.1781975619e-01 5704.8362740588
0.7783309742 2.1954281499e-01 5750.4728660171
0.7819189372 2.2297815347e-01 5798.2076920885
0.7855069002 2.2466566084e-01 5845.2605920732
0.7890948631 2.2634649214e-01 5892.3134920578
0.7926828261 2.4135304371e-01 5937.5304371936
0.7962707890 2.4305166368e-01 5984.8980722952
0.7998587520 2.4819960333e-01 6030.5346642535
0.8034467150 2.4972292932e-01 6076.6958147402
0.8070346779 2.5120843067e-01 6123.7487147248
0.8106226409 2.5266730533e-01 6170.7491588566
0.8142106039 2.5410199070e-01 6217.5922354300
0.8177985668 2.5550240668e-01 6262.5469013016
0.8213865298 2.5676931744e-01 6306.0852591469
0.8249744928 2.5803356809e-01 6353.7151735127
0.8285624557 2.5927944752e-01 6400.7680734973
0.8321504187 2.6051831369e-01 6442.9950350220
0.8357383817 2.6170581836e-01 6488.3693477162
