318 171.15791 -17.05000 55969.44384 21.65000 299 0.02077 1.62769 g -1
268 170.39371 -24.25000 55969.44742 21.65000 299 0.01732 1.97302 g -1
269 177.67914 -24.25000 55969.45101 21.65000 299 0.01558 1.90791 g -1
317 164.12722 -17.05000 55969.45460 21.65000 299 0.01488 1.76975 g -1
368 167.50617 -9.85000 55969.45819 21.65000 299 0.01212 1.50063 g -1
367 160.43650 -9.85000 55969.46178 21.65000 299 0.00695 1.63175 g -1
319 178.18861 -17.05000 55969.46536 21.65000 299 0.00562 1.63427 g -1
419 163.89000 -2.65000 55969.46895 21.65000 299 0.00443 1.43321 g -1
369 174.57583 -9.85000 55969.47254 21.65000 299 0.00340 1.47870 g -1
418 156.80000 -2.65000 55969.47613 21.65000 299 0.00206 1.61898 g -1
420 170.98000 -2.65000 55969.47972 21.65000 299 0.00186 1.38932 g -1
417 149.71000 -2.65000 55969.48330 21.65000 299 0.00122 1.92570 g -1
468 151.19933 4.55000 55969.48689 21.65000 299 0.00094 1.69652 g -1
470 164.88289 4.55000 55969.49048 21.65000 299 0.00091 1.40557 g -1
469 158.04111 4.55000 55969.49407 21.65000 299 0.00086 1.57609 g -1
421 178.07000 -2.65000 55969.49766 21.65000 299 0.00074 1.38172 g -1
1361 171.53025 -13.45000 55969.50124 21.65000 299 0.00064 1.83161 g -1
471 171.72467 4.55000 55969.50483 21.65000 299 0.00061 1.37828 g -1
1412 161.02144 -6.25000 55969.50842 21.65000 299 0.00051 1.97516 g -1
1413 167.96112 -6.25000 55969.51201 21.65000 299 0.00049 1.77561 g -1
520 150.39933 11.75000 55969.51560 21.65000 299 0.00031 1.92845 g -1
472 178.56644 4.55000 55969.51918 21.65000 299 0.00024 1.35306 g -1
521 157.67444 11.75000 55969.52277 21.65000 299 0.00021 1.73890 g -1
836 60.00000 69.35000 55970.10083 21.65000 299 0.00981 1.23676 g -1
806 6.66667 62.15000 55970.10442 21.65000 299 0.00575 1.42514 g -1
833 8.57143 69.35000 55970.10800 21.65000 299 0.00527 1.47123 g -1
807 20.00000 62.15000 55970.11159 21.65000 299 0.00408 1.31831 g -1
810 60.00000 62.15000 55970.11518 21.65000 299 0.00389 1.14517 g -1
834 25.71429 69.35000 55970.11877 21.65000 299 0.00354 1.36755 g -1
809 46.66667 62.15000 55970.12236 21.65000 299 0.00340 1.18284 g -1
835 42.85714 69.35000 55970.12594 21.65000 299 0.00323 1.29138 g -1
856 60.00000 76.55000 55970.12953 21.65000 299 0.00242 1.38045 g -1
774 17.54512 54.95000 55970.13312 21.65000 299 0.00142 1.39092 g -1
808 33.33333 62.15000 55970.13671 21.65000 299 0.00127 1.28422 g -1
854 12.00000 76.55000 55970.14030 21.65000 299 0.00098 1.61395 g -1
773 6.95487 54.95000 55970.14388 21.65000 299 0.00095 1.63626 g -1
857 84.00000 76.55000 55970.14747 21.65000 299 0.00094 1.37366 g -1
837 77.14286 69.35000 55970.15106 21.65000 299 0.00092 1.23673 g -1
855 36.00000 76.55000 55970.15465 21.65000 299 0.00071 1.48924 g -1
777 49.31587 54.95000 55970.15824 21.65000 299 0.00060 1.17436 g -1
1842 53.87953 65.75000 55970.16182 21.65000 299 0.00047 1.25220 g -1
1839 8.90751 65.75000 55970.16541 21.65000 299 0.00044 1.71477 g -1
467 144.35756 4.55000 55970.16900 21.65000 299 0.00042 2.06152 g -1
775 28.13537 54.95000 55970.17259 21.65000 299 0.00030 1.44250 g -1
1865 52.43831 72.95000 55970.17618 21.65000 299 0.00026 1.38424 g -1
416 142.62000 -2.65000 55970.18335 21.65000 299 0.00028 2.00433 g -1
365 146.29717 -9.85000 55970.21206 21.65000 299 0.00039 2.02435 g -1
366 153.36683 -9.85000 55970.23000 21.65000 299 0.00152 2.04943 g -1
315 150.06583 -17.05000 55970.24794 21.65000 299 0.00025 2.03657 g -1
316 157.09652 -17.05000 55970.26946 21.65000 299 0.00208 2.01271 g -1
1360 164.62367 -13.45000 55970.27664 21.65000 299 0.00079 2.00177 g -1
1309 163.61909 -20.65000 55970.30534 21.65000 299 0.00049 2.01829 g -1
370 181.64550 -9.85000 55970.30893 21.65000 299 0.00097 2.04080 g -1
1310 170.77682 -20.65000 55970.32687 21.65000 299 0.00131 2.00275 g -1
267 163.10829 -24.25000 55970.33046 21.65000 299 0.00289 2.01673 g -1
1311 177.93455 -20.65000 55970.34481 21.65000 299 0.00054 2.02034 g -1
320 185.21930 -17.05000 55970.34840 21.65000 299 0.00088 2.00146 g -1
321 192.25000 -17.05000 55970.36634 21.65000 299 0.00027 2.01906 g -1
270 184.96457 -24.25000 55970.39145 21.65000 299 0.00245 2.01426 g -1
271 192.25000 -24.25000 55970.41298 21.65000 299 0.00073 2.00616 g -1
318 171.15791 -17.05000 55970.41368 21.65000 299 0.02077 1.57522 r -1
268 170.39371 -24.25000 55970.41726 21.65000 299 0.01732 1.88320 r -1
269 177.67914 -24.25000 55970.42085 21.65000 299 0.01558 1.87024 r -1
317 164.12722 -17.05000 55970.42444 21.65000 299 0.01488 1.63677 r -1
368 167.50617 -9.85000 55970.42803 21.65000 299 0.01212 1.41084 r -1
367 160.43650 -9.85000 55970.43162 21.65000 299 0.00695 1.48255 r -1
319 178.18861 -17.05000 55970.43520 21.65000 299 0.00562 1.57700 r -1
419 163.89000 -2.65000 55970.43879 21.65000 299 0.00443 1.31873 r -1
369 174.57583 -9.85000 55970.44238 21.65000 299 0.00340 1.40020 r -1
