633 248.36286 26.15000 56051.20123 21.65000 299 0.00091 2.02777 g -1
584 245.31027 18.95000 56051.20481 21.65000 299 0.00184 2.00661 g -1
533 243.02578 11.75000 56051.20840 21.65000 299 0.00201 2.04544 g -1
763 263.37269 47.75000 56051.21199 21.65000 299 0.00229 2.04185 g -1
724 261.18452 40.55000 56051.21558 21.65000 299 0.00401 2.04605 g -1
681 259.00293 33.35000 56051.21916 21.65000 299 0.00680 2.05101 g -1
585 252.57882 18.95000 56051.22275 21.65000 299 0.00707 2.04748 g -1
634 255.84457 26.15000 56051.22634 21.65000 299 0.00666 1.95056 g -1
534 250.00089 11.75000 56051.22993 21.65000 299 0.00341 2.00396 g -1
797 268.89602 54.95000 56051.23352 21.65000 299 0.00263 1.85329 g -1
826 273.33333 62.15000 56051.23710 21.65000 299 0.00181 1.85865 g -1
682 266.85621 33.35000 56051.24069 21.65000 299 0.07025 2.05478 g -1
635 263.32629 26.15000 56051.24428 21.65000 299 0.06217 1.99829 g -1
725 269.80133 40.55000 56051.24787 21.65000 299 0.06063 1.91732 g -1
586 259.84737 18.95000 56051.25146 21.65000 299 0.04082 1.89667 g -1
764 273.14738 47.75000 56051.25504 21.65000 299 0.03120 1.83412 g -1
798 279.99351 54.95000 56051.25863 21.65000 299 0.01567 1.91254 g -1
587 267.11592 18.95000 56051.26222 21.65000 299 0.07055 2.06240 g -1
726 278.41815 40.55000 56051.26581 21.65000 299 0.06434 2.00563 g -1
765 282.92208 47.75000 56051.26940 21.65000 299 0.05909 1.99511 g -1
683 274.70950 33.35000 56051.27298 21.65000 299 0.05327 1.88338 g -1
636 270.80800 26.15000 56051.27657 21.65000 299 0.04374 1.81470 g -1
799 291.09099 54.95000 56051.28016 21.65000 299 0.02841 2.01914 g -1
536 263.95111 11.75000 56051.28375 21.65000 299 0.01731 1.76631 g -1
727 287.03496 40.55000 56051.28734 21.65000 299 0.00659 2.04294 g -1
537 270.92622 11.75000 56051.29092 21.65000 299 0.00611 1.94968 g -1
766 292.69677 47.75000 56051.29451 21.65000 299 0.01115 2.02266 g -1
828 300.00000 62.15000 56051.29810 21.65000 299 0.00737 1.97419 g -1
827 286.66667 62.15000 56051.30169 21.65000 299 0.00600 1.65494 g -1
535 256.97600 11.75000 56051.30528 21.65000 299 0.00551 1.38081 g -1
588 274.38447 18.95000 56051.30886 21.65000 299 0.00457 1.66189 g -1
800 302.18847 54.95000 56051.31245 21.65000 299 0.00779 2.00037 g -1
1632 265.50087 22.55000 56051.31604 21.65000 299 0.00434 1.34160 g -1
1724 271.73193 36.95000 56051.31963 21.65000 299 0.00405 1.33303 g -1
684 282.56279 33.35000 56051.32322 21.65000 299 0.00388 1.55050 g -1
1764 275.47369 44.15000 56051.32680 21.65000 299 0.00358 1.33253 g -1
1680 268.85396 29.75000 56051.33039 21.65000 299 0.00357 1.26284 g -1
637 278.28971 26.15000 56051.33398 21.65000 299 0.00330 1.42980 g -1
829 313.33333 62.15000 56051.33757 21.65000 299 0.00324 1.95054 g -1
850 300.00000 69.35000 56051.34116 21.65000 299 0.00307 1.64402 g -1
851 317.14286 69.35000 56051.34474 21.65000 299 0.00257 1.89234 g -1
1582 262.37857 15.35000 56051.34833 21.65000 299 0.00199 1.20012 g -1
1765 284.72077 44.15000 56051.35192 21.65000 299 0.00181 1.33520 g -1
485 267.50956 4.55000 56051.35551 21.65000 299 0.00169 1.36143 g -1
1801 280.92404 51.35000 56051.35910 21.65000 299 0.00162 1.26255 g -1
1679 261.36518 29.75000 56051.36268 21.65000 299 0.00153 1.07615 g -1
849 282.85714 69.35000 56051.36627 21.65000 299 0.00144 1.38510 g -1
1631 258.09721 22.55000 56051.36986 21.65000 299 0.00143 1.06515 g -1
1802 291.35628 51.35000 56051.37345 21.65000 299 0.00143 1.32245 g -1
484 260.66778 4.55000 56051.37704 21.65000 299 0.00142 1.20580 g -1
1725 280.09844 36.95000 56051.38062 21.65000 299 0.00141 1.16166 g -1
1583 269.39143 15.35000 56051.38421 21.65000 299 0.00116 1.14549 g -1
482 246.98422 4.55000 56051.38780 21.65000 299 0.00111 1.14203 g -1
852 334.28571 69.35000 56051.39139 21.65000 299 0.00105 1.89861 g -1
801 313.28596 54.95000 56051.39498 21.65000 299 0.00098 1.53846 g -1
481 240.14244 4.55000 56051.39856 21.65000 299 0.00091 1.15510 g -1
830 326.66667 62.15000 56051.40215 21.65000 299 0.00085 1.72554 g -1
867 324.00000 76.55000 56051.40574 21.65000 299 0.00079 1.68251 g -1
1681 276.50450 29.75000 56051.40933 21.65000 299 0.00078 1.06596 g -1
767 302.47146 47.75000 56051.41291 21.65000 299 0.00074 1.27867 g -1
1723 263.36541 36.95000 56051.41650 21.65000 299 0.00072 1.00806 g -1
587 267.11592 18.95000 56051.41720 21.65000 299 0.07055 1.04890 r -1
682 266.85621 33.35000 56051.42079 21.65000 299 0.07025 1.01000 r -1
726 278.41815 40.55000 56051.42437 21.65000 299 0.06434 1.04804 r -1
635 263.32629 26.15000 56051.42796 21.65000 299 0.06217 1.00945 r -1
725 269.80133 40.55000 56051.43155 21.65000 299 0.06063 1.01542 r -1
765 282.92208 47.75000 56051.43514 21.65000 299 0.05909 1.07188 r -1
683 274.70950 33.35000 56051.43873 21.65000 299 0.05327 1.01308 r -1
636 270.80800 26.15000 56051.44231 21.65000 299 0.04374 1.01195 r -1
586 259.84737 18.95000 56051.44590 21.65000 299 0.04082 1.03779 r -1
764 273.14738 47.75000 56051.44949 21.65000 299 0.03120 1.03524 r -1
799 291.09099 54.95000 56051.45308 21.65000 299 0.02841 1.11836 r -1
536 263.95111 11.75000 56051.45666 21.65000 299 0.01731 1.08114 r -1
798 279.99351 54.95000 56051.46025 21.65000 299 0.01567 1.08167 r -1
766 292.69677 47.75000 56051.46384 21.65000 299 0.01115 1.06966 r -1
800 302.18847 54.95000 56051.46743 21.65000 299 0.00779 1.14542 r -1
828 300.00000 62.15000 56051.47102 21.65000 299 0.00737 1.18947 r -1
585 252.57882 18.95000 56051.47460 21.65000 299 0.00707 1.11106 r -1
681 259.00293 33.35000 56051.47819 21.65000 299 0.00680 1.03915 r -1
634 255.84457 26.15000 56051.48178 21.65000 299 0.00666 1.07455 r -1
727 287.03496 40.55000 56051.48537 21.65000 299 0.00659 1.01215 r -1
537 270.92622 11.75000 56051.48896 21.65000 299 0.00611 1.09275 r -1
827 286.66667 62.15000 56051.49254 21.65000 299 0.00600 1.14220 r -1
535 256.97600 11.75000 56051.49613 21.65000 299 0.00551 1.19335 r -1
