0.3195186753 3.1664734743e-02 47.2627233960
0.3231066383 5.5959478160e-02 93.9484324108
0.3266946012 7.4438216401e-02 141.7357143350
0.3302825642 1.0680904364e-01 189.5229962592
0.3338705272 1.2132551278e-01 234.8448531006
0.3374584901 1.3473310309e-01 281.8977530853
0.3410464531 1.4618499201e-01 329.2129323341
0.3446344161 1.9411366318e-01 375.3216269679
0.3482223790 2.2389054438e-01 419.4369991943
0.3518103420 2.5138721361e-01 466.7521784431
0.3553983050 2.6102612570e-01 512.6510496655
0.3589862679 2.7025875230e-01 559.7039496502
0.3625742309 2.7705674015e-01 607.0191288990
0.3661621939 2.8420981320e-01 654.3867640006
0.3697501568 2.9015487835e-01 701.4396639852
0.3733381198 3.2510709914e-01 743.2994345401
0.3769260827 3.4386076136e-01 789.3556733211
0.3805140457 3.4882437538e-01 835.8840147775
0.3841020087 3.5392370291e-01 882.9369147621
0.3876899716 3.5875347539e-01 929.9898147468
0.3912779346 3.8007978084e-01 973.0560699167
0.3948658976 3.8431490965e-01 1018.3779267581
0.3984538605 3.8830964158e-01 1065.1685474786
0.4020418235 3.9221804185e-01 1112.3263591689
0.4056297865 4.0780424829e-01 1154.1861297238
0.4092177494 4.1155030786e-01 1198.3539578031
0.4128057124 4.1528971118e-01 1246.1936955801
0.4163936754 4.1898946896e-01 1292.1974785082
0.4199816383 4.2194749580e-01 1338.3061731420
0.4235696013 4.2516454066e-01 1386.0409992134
0.4271575643 4.2751255737e-01 1388.4015125906
0.4307455272 4.4302720030e-01 1431.4677677605
0.4343334902 4.4909121344e-01 1473.3799941682
0.4379214532 4.5103907092e-01 1520.6427175642
0.4415094161 4.5297418495e-01 1522.6884958244
0.4450973791 4.5560759518e-01 1531.2387998349
0.4486853420 4.5729767462e-01 1578.3966115253
0.4522733050 4.5753095966e-01 1613.7518563298
0.4558612680 4.5906764333e-01 1616.0599138541
0.4594492309 4.6050935457e-01 1618.4204272313
0.4630371939 4.6328623643e-01 1660.2801977862
0.4666251569 4.7050278534e-01 1703.3989088089
0.4702131198 4.7193221398e-01 1705.2348636578
0.4738010828 4.7320598379e-01 1707.3855536236
0.4773890458 4.7416233486e-01 1751.6058375557
0.4809770087 4.7538160311e-01 1793.1508729937
0.4845649717 4.7648384542e-01 1839.7316703029
0.4881529347 4.7755272283e-01 1842.1446395329
0.4917408976 4.7896767839e-01 1884.0044100878
0.4953288606 4.7989500714e-01 1888.8828044006
0.4989168236 4.8060847047e-01 1891.1384060721
0.5025047865 4.8354047637e-01 1934.0472936835
0.5060927495 4.8423060229e-01 1937.2471007059
0.5096807125 4.8489598619e-01 1939.9748050528
0.5132686754 4.8555392504e-01 1942.2828625771
0.5168566384 4.8610726587e-01 1944.5384642486
0.5204446013 4.8663672608e-01 1946.5842425088
0.5240325643 4.8714115353e-01 1988.0243662411
0.5276205273 4.8754472083e-01 1990.4373354711
0.5312084902 4.8805846749e-01 1993.0601281124
0.5347964532 4.8853011202e-01 2038.6442642179
0.5383844162 4.8901004277e-01 2085.2250615271
0.5390788606 4.8901004277e-01 2085.2250615271
0.5426668236 4.8901004277e-01 2085.2250615271
0.5462547865 4.8901004277e-01 2085.2250615271
0.5498427495 4.8901004277e-01 2085.2250615271
0.5534307125 4.8901004277e-01 2085.2250615271
0.5570186754 4.8901004277e-01 2085.2250615271
0.5606066384 4.8901004277e-01 2085.2250615271
0.5641946014 4.8901004277e-01 2085.2250615271
0.5677825643 4.8901004277e-01 2085.2250615271
0.5713705273 4.8901004277e-01 2085.2250615271
0.5749584903 4.8901004277e-01 2085.2250615271
0.5785464532 4.8901004277e-01 2085.2250615271
0.5821344162 4.8901004277e-01 2085.2250615271
0.5857223792 4.8901004277e-01 2085.2250615271
0.5893103421 4.8901004277e-01 2085.2250615271
0.5928983051 4.8901004277e-01 2085.2250615271
0.5964862681 4.8901004277e-01 2085.2250615271
0.6000742310 4.8901004277e-01 2085.2250615271
0.6036621940 4.8901004277e-01 2085.2250615271
0.6072501570 4.8901004277e-01 2085.2250615271
0.6108381199 4.8901004277e-01 2085.2250615271
0.6144260829 4.8901004277e-01 2085.2250615271
0.6180140458 4.8901004277e-01 2085.2250615271
0.6216020088 4.8901004277e-01 2085.2250615271
0.6251899718 4.8901004277e-01 2085.2250615271
0.6287779347 4.8901004277e-01 2085.2250615271
0.6323658977 4.8901004277e-01 2085.2250615271
0.6359538607 4.8901004277e-01 2085.2250615271
0.6395418236 4.8901004277e-01 2085.2250615271
0.6431297866 4.8901004277e-01 2085.2250615271
0.6467177496 4.8901004277e-01 2085.2250615271
0.6503057125 4.8901004277e-01 2085.2250615271
0.6538936755 4.8901004277e-01 2085.2250615271
0.6574816385 4.8901004277e-01 2085.2250615271
0.6610696014 4.8901004277e-01 2085.2250615271
