662 109.79050 33.35000 55955.09193 21.65000 299 0.00661 1.70714 g -1
706 106.08185 40.55000 55955.09552 21.65000 299 0.00652 1.50411 g -1
615 113.69200 26.15000 55955.09911 21.65000 299 0.00638 1.88213 g -1
746 100.70292 47.75000 55955.10270 21.65000 299 0.00522 1.34337 g -1
780 82.05244 54.95000 55955.10629 21.65000 299 0.00342 1.17415 g -1
566 116.84562 18.95000 55955.10987 21.65000 299 0.00604 2.03081 g -1
781 92.97719 54.95000 55955.11346 21.65000 299 0.00330 1.23538 g -1
745 91.27823 47.75000 55955.11705 21.65000 299 0.00293 1.18105 g -1
663 117.64379 33.35000 55955.12064 21.65000 299 0.00274 1.63026 g -1
656 62.84456 33.35000 55955.12423 21.65000 299 0.00253 1.00586 g -1
701 63.07173 40.55000 55955.12781 21.65000 299 0.00253 1.01198 g -1
700 54.52367 40.55000 55955.13140 21.65000 299 0.00250 1.00923 g -1
516 121.29889 11.75000 55955.13499 21.65000 299 0.00512 2.01528 g -1
657 70.62833 33.35000 55955.13858 21.65000 299 0.00247 1.01074 g -1
655 55.06078 33.35000 55955.14217 21.65000 299 0.00247 1.00501 g -1
702 71.61980 40.55000 55955.14575 21.65000 299 0.00241 1.01500 g -1
742 62.43545 47.75000 55955.14934 21.65000 299 0.00238 1.03294 g -1
464 123.83222 4.55000 55955.15293 21.65000 299 0.00360 2.06405 g -1
616 121.17371 26.15000 55955.15652 21.65000 299 0.00234 1.46607 g -1
609 68.69200 26.15000 55955.16011 21.65000 299 0.00234 1.00792 g -1
413 121.35000 -2.65000 55955.16369 21.65000 299 0.00278 2.03177 g -1
658 78.41211 33.35000 55955.16728 21.65000 299 0.00233 1.00590 g -1
741 52.39836 47.75000 55955.17087 21.65000 299 0.00233 1.06945 g -1
608 61.16640 26.15000 55955.17446 21.65000 299 0.00230 1.02601 g -1
610 76.21760 26.15000 55955.17805 21.65000 299 0.00229 1.00814 g -1
699 45.97560 40.55000 55955.18163 21.65000 299 0.00229 1.10371 g -1
654 47.27700 33.35000 55955.18522 21.65000 299 0.00226 1.10444 g -1
707 114.69867 40.55000 55955.18881 21.65000 299 0.00222 1.14790 g -1
703 80.23141 40.55000 55955.19240 21.65000 299 0.00221 1.00797 g -1
743 72.25385 47.75000 55955.19599 21.65000 299 0.00220 1.04002 g -1
611 83.74320 26.15000 55955.19957 21.65000 299 0.00217 1.00809 g -1
607 53.64080 26.15000 55955.20316 21.65000 299 0.00216 1.12388 g -1
659 86.23064 33.35000 55955.20675 21.65000 299 0.00213 1.00011 g -1
560 73.87345 18.95000 55955.21034 21.65000 299 0.00211 1.05328 g -1
561 81.12327 18.95000 55955.21393 21.65000 299 0.00210 1.03822 g -1
705 97.46504 40.55000 55955.21751 21.65000 299 0.00209 1.01484 g -1
779 71.12768 54.95000 55955.22110 21.65000 299 0.00207 1.10751 g -1
562 88.37309 18.95000 55955.22469 21.65000 299 0.00205 1.03390 g -1
559 66.62364 18.95000 55955.22828 21.65000 299 0.00204 1.12823 g -1
740 42.36127 47.75000 55955.23187 21.65000 299 0.00203 1.32740 g -1
612 91.24686 26.15000 55955.23545 21.65000 299 0.00200 1.01016 g -1
463 116.99044 4.55000 55955.23904 21.65000 299 0.00195 1.21155 g -1
704 88.84822 40.55000 55955.24263 21.65000 299 0.00192 1.01650 g -1
744 81.85354 47.75000 55955.24622 21.65000 299 0.00190 1.06120 g -1
563 95.57843 18.95000 55955.24981 21.65000 299 0.00190 1.03599 g -1
558 59.37382 18.95000 55955.25339 21.65000 299 0.00190 1.31713 g -1
606 46.11520 26.15000 55955.25698 21.65000 299 0.00189 1.54309 g -1
653 39.49322 33.35000 55955.26057 21.65000 299 0.00187 1.67936 g -1
811 73.33333 62.15000 55955.26416 21.65000 299 0.00186 1.22698 g -1
512 92.56888 11.75000 55955.26774 21.65000 299 0.00186 1.10750 g -1
698 37.42753 40.55000 55955.27133 21.65000 299 0.00186 1.77597 g -1
660 94.08393 33.35000 55955.27492 21.65000 299 0.00185 1.02688 g -1
511 85.58463 11.75000 55955.27851 21.65000 299 0.00184 1.17694 g -1
567 123.89878 18.95000 55955.28210 21.65000 299 0.00182 1.04971 g -1
778 60.11656 54.95000 55955.28568 21.65000 299 0.00181 1.36053 g -1
747 110.12762 47.75000 55955.28927 21.65000 299 0.00181 1.03444 g -1
362 125.08817 -9.85000 55955.29286 21.65000 299 0.00180 1.39109 g -1
510 78.60038 11.75000 55955.29645 21.65000 299 0.00180 1.33817 g -1
513 99.62356 11.75000 55955.30004 21.65000 299 0.00176 1.13164 g -1
576 187.38957 18.95000 55955.30362 21.65000 299 0.00216 2.06255 g -1
613 98.72857 26.15000 55955.30721 21.65000 299 0.00174 1.07107 g -1
810 60.00000 62.15000 55955.31080 21.65000 299 0.00174 1.50377 g -1
525 186.77489 11.57000 55955.31439 21.65000 299 0.00305 2.05905 g -1
460 96.38056 4.55000 55955.31798 21.65000 299 0.00173 1.29608 g -1
459 89.36968 4.55000 55955.32156 21.65000 299 0.00171 1.41720 g -1
473 185.30822 4.71000 55955.32515 21.65000 299 0.00197 2.02322 g -1
577 194.55043 18.95000 55955.32874 21.65000 299 0.00195 1.96486 g -1
515 114.02378 11.75000 55955.33233 21.65000 299 0.00171 1.11655 g -1
526 193.90000 11.75000 55955.33592 21.65000 299 0.00298 2.01888 g -1
509 71.61613 11.75000 55955.33950 21.65000 299 0.00169 1.99367 g -1
474 192.25000 4.55000 55955.34309 21.65000 299 0.00485 2.05277 g -1
564 102.73929 18.95000 55955.34668 21.65000 299 0.00167 1.18920 g -1
661 101.93721 33.35000 55955.35027 21.65000 299 0.00166 1.14526 g -1
410 100.11058 -2.65000 55955.35386 21.65000 299 0.00164 1.58837 g -1
461 103.30689 4.55000 55955.35744 21.65000 299 0.00164 1.40044 g -1
423 192.25000 -2.65000 55955.36103 21.65000 299 0.00585 2.01733 g -1
475 199.09178 4.55000 55955.36462 21.65000 299 0.00248 2.00582 g -1
409 93.08173 -2.65000 55955.36821 21.65000 299 0.00157 1.97799 g -1
371 188.71517 -9.85000 55955.37180 21.65000 299 0.00290 2.00624 g -1
514 106.74867 11.75000 55955.37538 21.65000 299 0.00155 1.34420 g -1
424 199.34000 -2.65000 55955.37897 21.65000 299 0.00331 2.04614 g -1
411 107.17000 -2.65000 55955.38256 21.65000 299 0.00152 1.67043 g -1
614 106.21029 26.15000 55955.38615 21.65000 299 0.00152 1.27622 g -1
372 195.78483 -9.85000 55955.38974 21.65000 299 0.00313 2.03038 g -1
565 109.79245 18.95000 55955.39332 21.65000 299 0.00144 1.31916 g -1
462 110.14867 4.55000 55955.39691 21.65000 299 0.00142 1.55090 g -1
782 103.90195 54.95000 55955.40050 21.65000 299 0.00142 1.33208 g -1
412 114.26000 -2.65000 55955.40409 21.65000 299 0.00125 1.68935 g -1
812 86.66667 62.15000 55955.40768 21.65000 299 0.00117 1.63071 g -1
527 201.02511 11.75000 55955.41126 21.65000 299 0.00116 1.38902 g -1
361 118.01850 -9.85000 55955.41485 21.65000 299 0.00114 1.94755 g -1
422 185.16000 -2.65000 55955.41844 21.65000 299 0.00110 1.35286 g -1
625 188.50914 26.15000 55955.42203 21.65000 299 0.00096 1.08847 g -1
626 195.99086 26.15000 55955.42562 21.65000 299 0.00093 1.13638 g -1
813 100.00000 62.15000 55955.42920 21.65000 299 0.00091 1.54227 g -1
414 128.44000 -2.65000 55955.43279 21.65000 299 0.00087 1.59290 g -1
476 205.93356 4.55000 55955.43638 21.65000 299 0.00082 1.42601 g -1
837 77.14286 69.35000 55955.43997 21.65000 299 0.00075 1.98546 g -1
749 128.97700 47.75000 55955.44356 21.65000 299 0.00068 1.21017 g -1
708 123.31548 40.55000 55955.44714 21.65000 299 0.00067 1.28785 g -1
664 125.49707 33.35000 55955.45073 21.65000 299 0.00067 1.29734 g -1
748 119.55231 47.75000 55955.45432 21.65000 299 0.00066 1.37172 g -1
617 128.65543 26.15000 55955.45791 21.65000 299 0.00066 1.33136 g -1
784 125.75146 54.95000 55955.46149 21.65000 299 0.00065 1.33414 g -1
665 133.35036 33.35000 55955.46508 21.65000 299 0.00065 1.25888 g -1
783 114.82671 54.95000 55955.46867 21.65000 299 0.00065 1.52990 g -1
709 131.93230 40.55000 55955.47226 21.65000 299 0.00065 1.29420 g -1
568 130.95195 18.95000 55955.47585 21.65000 299 0.00062 1.49087 g -1
517 128.57400 11.75000 55955.47943 21.65000 299 0.00062 1.72614 g -1
838 94.28571 69.35000 55955.48302 21.65000 299 0.00055 1.95375 g -1
578 201.71129 18.95000 55955.48661 21.65000 299 0.00054 1.06399 g -1
814 113.33333 62.15000 55955.49020 21.65000 299 0.00054 1.68676 g -1
839 111.42857 69.35000 55955.49379 21.65000 299 0.00048 1.72592 g -1
815 126.66667 62.15000 55955.49737 21.65000 299 0.00048 1.51301 g -1
518 135.84911 11.75000 55955.50096 21.65000 299 0.00046 1.74388 g -1
620 151.10057 26.15000 55955.50455 21.65000 299 0.00045 1.24637 g -1
618 136.13714 26.15000 55955.50814 21.65000 299 0.00043 1.56135 g -1
858 108.00000 76.55000 55955.51173 21.65000 299 0.00041 1.83596 g -1
1416 188.84629 -6.25000 55955.51531 21.65000 299 0.00041 1.31238 g -1
571 152.11144 18.95000 55955.51890 21.65000 299 0.00040 1.37232 g -1
1468 192.09398 0.95000 55955.52249 21.65000 299 0.00039 1.19457 g -1
668 156.91021 33.35000 55955.52608 21.65000 299 0.00039 1.23868 g -1
667 149.05693 33.35000 55955.52967 21.65000 299 0.00038 1.38049 g -1
711 149.16593 40.55000 55955.53325 21.65000 299 0.00033 1.36796 g -1
712 157.78274 40.55000 55955.53684 21.65000 299 0.00033 1.26051 g -1
1417 195.65393 -6.25000 55955.54043 21.65000 299 0.00033 1.32115 g -1
425 206.43000 -2.65000 55955.54402 21.65000 299 0.00032 1.23722 g -1
673 196.17664 33.35000 55955.54761 21.65000 299 0.00031 1.01589 g -1
840 128.57143 69.35000 55955.55119 21.65000 299 0.00030 1.78206 g -1
621 158.58229 26.15000 55955.55478 21.65000 299 0.00029 1.42763 g -1
751 147.82638 47.75000 55955.55837 21.65000 299 0.00026 1.53798 g -1
752 157.25108 47.75000 55955.56196 21.65000 299 0.00024 1.39020 g -1
871 100.00000 83.75000 55955.56555 21.65000 299 0.00023 1.96335 g -1
1520 188.78733 8.15000 55955.56913 21.65000 299 0.00022 1.23128 g -1
877 340.00000 83.75000 55955.57272 21.65000 299 0.00025 2.00602 g -1
