0.0000000000 3.6070216166e-03 47.8397377770
0.0035879630 7.1123163031e-03 94.5254467919
0.0071759259 1.0516325442e-02 140.3718621616
0.0107638889 1.3920346392e-02 186.0609099728
0.0143518519 1.7277071679e-02 231.6975019311
0.0179398148 2.0715211253e-02 279.1175928855
0.0215277778 2.3962002920e-02 324.2296263156
0.0251157408 2.7206941008e-02 369.9711299796
0.0287037037 3.0449335101e-02 415.6077219380
0.0322916667 3.3735356936e-02 463.2376363037
0.0358796296 3.6893911892e-02 508.8742282621
0.0394675926 4.0057744750e-02 553.9862616922
0.0430555556 4.3151668626e-02 599.0458392695
0.0466435185 4.6141586302e-02 644.7348870807
0.0502314815 4.9075116554e-02 689.7944646579
0.0538194445 5.2236626896e-02 737.1096439067
0.0574074074 5.5148798734e-02 780.8053693105
0.0609953704 5.8099139878e-02 827.7009017367
0.0645833334 6.0947077836e-02 872.8653910196
0.0681712963 6.3745655364e-02 916.5086605706
0.0717592593 6.6510421038e-02 960.0470184159
0.0753472223 6.9173748233e-02 1005.7360662271
0.0789351852 7.1755174904e-02 1049.4842474837
0.0825231482 7.4559304683e-02 1096.7994267325
0.0861111112 7.7090056592e-02 1139.9181377552
0.0896990741 7.9621075378e-02 1185.7120972721
0.0932870371 8.2142225512e-02 1230.8765865550
0.0968750001 8.4601011240e-02 1274.1002092834
0.1004629630 8.7036051954e-02 1321.8350353548
0.1040509260 8.9334159115e-02 1367.4716273131
0.1076388889 9.1607855199e-02 1411.1148968641
0.1112268519 9.3843825611e-02 1454.2860637396
0.1148148149 9.6224108665e-02 1501.7586105469
0.1184027778 9.8376998281e-02 1547.3952025053
0.1219907408 1.0052517520e-01 1590.4614576752
0.1255787038 1.0267226874e-01 1635.4161235468
0.1291666667 1.0466427636e-01 1678.4823787167
0.1327546297 1.0665471259e-01 1724.8533526146
0.1363425927 1.0859199463e-01 1768.0769753430
0.1399305556 1.1052785714e-01 1813.7660231542
0.1435185186 1.1246298104e-01 1857.5142044108
0.1471064816 1.1426450230e-01 1904.6195602483
0.1506944445 1.1606395272e-01 1950.4659756179
0.1542824075 1.1784977380e-01 1995.5780090480
0.1578703705 1.1957428212e-01 2038.5918083651
0.1614583334 1.2145301532e-01 2086.4315461421
0.6897388141 1.2444834422e-01 2132.1730498061
0.6933267771 1.2743784238e-01 2178.4915678512
0.6969147400 1.3033084781e-01 2225.5444678359
0.7005027030 1.3320016630e-01 2271.2859714999
0.7040906660 1.3591477340e-01 2317.6044895450
0.7076786289 1.3858713550e-01 2363.3984490618
0.7112665919 1.4189075366e-01 2409.6645112541
0.7148545549 1.4494408718e-01 2456.8747787972
0.7184425178 1.4760975952e-01 2504.0850463403
0.7220304808 1.5022990009e-01 2549.3544473289
0.7256184438 1.5285854553e-01 2597.5089202229
0.7292064067 1.5616999285e-01 2643.8274382680
0.7327943697 1.5953292384e-01 2689.7263094905
0.7363823327 1.6262529151e-01 2736.7792094751
0.7399702956 1.6528330108e-01 2783.3075509315
0.7435582586 1.6781955847e-01 2827.1606438938
0.7471462215 1.7031378288e-01 2872.7972358522
0.7507341845 1.7270633765e-01 2919.1682097501
0.7543221475 1.7578723108e-01 2963.7556846519
0.7579101104 1.7815779670e-01 3006.8743956747
0.7614980734 1.8053056784e-01 3053.7699281008
0.7650860364 1.8291106325e-01 3100.9801956440
0.7686739993 1.8519750734e-01 3146.6167876023
0.7722619623 1.8748801197e-01 3193.6696875870
0.7758499253 1.8970000580e-01 3238.6768093114
0.7794378882 1.9189208559e-01 3282.3200788624
0.7830258512 1.9410796288e-01 3329.3729788470
0.7866138142 1.9623719795e-01 3375.9013203034
0.7902017771 1.9834893978e-01 3419.1249430318
0.7937897401 2.0043280336e-01 3464.8139908430
0.7973777031 2.0249344454e-01 3511.7095232692
0.8009656660 2.0455545985e-01 3558.7624232538
0.8045536290 2.0661694210e-01 3605.8677790913
0.8081415920 2.0864832104e-01 3648.8291225555
0.8117295549 2.1053311607e-01 3695.4099198648
0.8153175179 2.1242464959e-01 3741.3087910873
0.8189054808 2.1428846330e-01 3788.3616910719
0.8224934438 2.1614075171e-01 3835.2047676453
0.8260814068 2.1797556986e-01 3879.5824191358
0.8296693697 2.1977760215e-01 3922.7011301585
0.8332573327 2.2246522431e-01 3969.2819274677
0.8368452957 2.2427990185e-01 4016.4921950109
0.8404332586 2.2606549093e-01 4061.5517725881
0.8440212216 2.2784005157e-01 4104.6704836109
0.8476091846 2.2958658420e-01 4151.8807511540
0.8511971475 2.3129301872e-01 4193.3208748863
0.8547851105 2.3299347844e-01 4240.6360541351
0.8583730735 2.3464577462e-01 4286.3775577991
0.8619610364 2.3629310913e-01 4333.4304577837
0.8655489994 2.3794206383e-01 4380.4833577684
0.8691369624 2.3956549847e-01 4421.9759373535
0.8727249253 2.4277107794e-01 4468.2944553986
0.8763128883 2.4440290416e-01 4514.5080617380
0.8799008513 2.4611383266e-01 4562.2953436623
0.8834888142 2.4770695491e-01 4608.0368473263
0.8870767772 2.4928045322e-01 4651.7325727301
0.8906647401 2.5084832682e-01 4694.3267252245
0.8942527031 2.5238848623e-01 4742.1664630016
0.8978406661 2.5388869994e-01 4785.2327181715
0.9014286290 2.5536675076e-01 4831.0266776883
0.9050165920 2.5684021154e-01 4879.2336064351
0.9086045550 2.5823343261e-01 4922.1949498994
0.9121925179 2.5970133872e-01 4967.8315418577
0.9157804809 2.6113726577e-01 5009.2716655900
0.9193684439 2.6255489823e-01 5052.4428324656
0.9229564068 2.6399593287e-01 5097.6597776013
0.9265443698 2.6546720769e-01 5144.8175892916
0.9301323328 2.6690235615e-01 5186.3626247296
0.9337202957 2.6833111209e-01 5233.4155247142
0.9373082587 2.6975468178e-01 5280.2061454348
0.9408962217 2.7113792041e-01 5326.3672959214
0.9444841846 2.7250264577e-01 5371.6891527628
0.9480721476 2.7387517303e-01 5413.9161142875
0.9516601105 2.7521029979e-01 5461.2312935362
0.9552480735 2.7653890845e-01 5507.6022674342
0.9588360365 2.7782803797e-01 5553.2913152453
0.9624239994 2.7908953848e-01 5597.2493199133
0.9660119624 2.8062051232e-01 5645.5611603657
0.9695999254 2.8185812171e-01 5691.7223108524
0.9731878883 2.8309246419e-01 5735.3655804033
0.9767758513 2.8429258315e-01 5776.9630716941
0.9803638143 2.8550178082e-01 5815.8328586380
0.9839517772 2.8670110834e-01 5861.7317298604
0.9875397402 2.8784505220e-01 5902.9620301814
0.9911277032 2.8897023760e-01 5948.0740636115
0.9947156661 2.9009114548e-01 5986.8913947026
0.9983036291 2.9116741489e-01 6025.8660933520
