0.0000000000 2.7675937330e-02 47.0004441318
0.0035879630 5.2915730170e-02 94.3156233806
0.0071759259 6.6908017367e-02 141.9455377463
0.0107638889 7.9536439447e-02 188.9984377310
0.0143518519 8.9067854764e-02 236.1562494213
0.0179398148 9.7743988869e-02 282.7370467305
0.8585455535 1.7544813878e-01 308.4928704679
0.9016011091 1.8266729491e-01 355.7555938639
0.9022955535 1.8266729491e-01 355.7555938639
0.9058835165 1.8266729491e-01 355.7555938639
0.9094714795 1.8266729491e-01 355.7555938639
0.9130594424 1.8266729491e-01 355.7555938639
0.9166474054 1.8266729491e-01 355.7555938639
0.9202353684 1.8266729491e-01 355.7555938639
0.9238233313 1.8266729491e-01 355.7555938639
