728 295.65178 40.55000 56098.18514 21.65000 299 0.00118 2.00680 g -1
767 302.47146 47.75000 56098.19231 21.65000 299 0.00168 2.03644 g -1
590 288.92157 18.95000 56098.19590 21.65000 299 0.00556 2.03094 g -1
686 298.26936 33.35000 56098.19949 21.65000 299 0.01241 2.05228 g -1
539 284.87644 11.75000 56098.20308 21.65000 299 0.00550 1.91847 g -1
729 304.26859 40.55000 56098.20667 21.65000 299 0.03309 2.04430 g -1
639 293.25314 26.15000 56098.21025 21.65000 299 0.00345 1.81669 g -1
1728 305.19800 36.95000 56098.21384 21.65000 299 0.00329 2.04982 g -1
540 291.93112 11.75000 56098.21743 21.65000 299 0.01711 2.00828 g -1
687 306.08789 33.35000 56098.22102 21.65000 299 0.07810 2.05458 g -1
768 312.24615 47.75000 56098.22461 21.65000 299 0.03594 1.96385 g -1
640 300.75680 26.15000 56098.22819 21.65000 299 0.01424 1.85814 g -1
730 312.82187 40.55000 56098.23178 21.65000 299 0.07424 2.02142 g -1
488 288.11944 4.55000 56098.23537 21.65000 299 0.01232 1.78159 g -1
591 296.12691 18.95000 56098.23896 21.65000 299 0.01206 1.68286 g -1
688 313.87167 33.35000 56098.24255 21.65000 299 0.02781 2.05520 g -1
769 322.06455 47.75000 56098.24613 21.65000 299 0.05319 2.04341 g -1
802 324.38344 54.95000 56098.24972 21.65000 299 0.01749 1.95283 g -1
731 321.31160 40.55000 56098.25331 21.65000 299 0.02558 2.05382 g -1
641 308.28240 26.15000 56098.25690 21.65000 299 0.00944 1.74853 g -1
436 284.38942 -2.65000 56098.26049 21.65000 299 0.00449 1.59963 g -1
489 295.13032 4.55000 56098.26407 21.65000 299 0.00395 1.67055 g -1
541 298.91537 11.75000 56098.26766 21.65000 299 0.00322 1.58700 g -1
801 313.28596 54.95000 56098.27125 21.65000 299 0.00321 1.50945 g -1
803 335.18412 54.95000 56098.27484 21.65000 299 0.01261 2.00976 g -1
770 332.10164 47.75000 56098.27843 21.65000 299 0.00744 1.98036 g -1
831 340.00000 62.15000 56098.28201 21.65000 299 0.00324 1.96202 g -1
1729 313.57950 36.95000 56098.28560 21.65000 299 0.00316 1.47980 g -1
487 281.19311 4.55000 56098.28919 21.65000 299 0.00302 1.25469 g -1
830 326.66667 62.15000 56098.29278 21.65000 299 0.00291 1.60291 g -1
1768 312.46200 44.15000 56098.29637 21.65000 299 0.00283 1.35772 g -1
437 291.41827 -2.65000 56098.29995 21.65000 299 0.00270 1.45825 g -1
1769 321.66015 44.15000 56098.30354 21.65000 299 0.00253 1.47388 g -1
1685 307.14268 29.75000 56098.30713 21.65000 299 0.00178 1.26788 g -1
592 303.37673 18.95000 56098.31072 21.65000 299 0.00177 1.27014 g -1
1805 322.65300 51.35000 56098.31431 21.65000 299 0.00134 1.41006 g -1
384 280.61059 -9.85000 56098.31789 21.65000 299 0.00128 1.42129 g -1
689 321.65544 33.35000 56098.32148 21.65000 299 0.00125 1.40342 g -1
435 277.33000 -2.65000 56098.32507 21.65000 299 0.00109 1.24988 g -1
385 287.65978 -9.85000 56098.32866 21.65000 299 0.00109 1.44663 g -1
732 329.74300 40.55000 56098.33225 21.65000 299 0.00109 1.44505 g -1
1684 299.48300 29.75000 56098.33583 21.65000 299 0.00098 1.08568 g -1
642 315.80800 26.15000 56098.33942 21.65000 299 0.00098 1.24615 g -1
687 306.08789 33.35000 56098.34012 21.65000 299 0.07810 1.11613 r -1
730 312.82187 40.55000 56098.34370 21.65000 299 0.07424 1.15817 r -1
769 322.06455 47.75000 56098.34729 21.65000 299 0.05319 1.24451 r -1
768 312.24615 47.75000 56098.35088 21.65000 299 0.03594 1.14582 r -1
729 304.26859 40.55000 56098.35447 21.65000 299 0.03309 1.07059 r -1
688 313.87167 33.35000 56098.35806 21.65000 299 0.02781 1.12686 r -1
731 321.31160 40.55000 56098.36164 21.65000 299 0.02558 1.17699 r -1
802 324.38344 54.95000 56098.36523 21.65000 299 0.01749 1.23083 r -1
540 291.93112 11.75000 56098.36882 21.65000 299 0.01711 1.08289 r -1
640 300.75680 26.15000 56098.37241 21.65000 299 0.01424 1.03351 r -1
803 335.18412 54.95000 56098.37600 21.65000 299 0.01261 1.29542 r -1
686 298.26936 33.35000 56098.37958 21.65000 299 0.01241 1.00993 r -1
488 288.11944 4.55000 56098.38317 21.65000 299 0.01232 1.14149 r -1
591 296.12691 18.95000 56098.38676 21.65000 299 0.01206 1.03543 r -1
641 308.28240 26.15000 56098.39035 21.65000 299 0.00944 1.03737 r -1
770 332.10164 47.75000 56098.39394 21.65000 299 0.00744 1.17966 r -1
590 288.92157 18.95000 56098.39752 21.65000 299 0.00556 1.03726 r -1
539 284.87644 11.75000 56098.40111 21.65000 299 0.00550 1.09478 r -1
436 284.38942 -2.65000 56098.40470 21.65000 299 0.00449 1.27087 r -1
489 295.13032 4.55000 56098.40829 21.65000 299 0.00395 1.14331 r -1
639 293.25314 26.15000 56098.41188 21.65000 299 0.00345 1.01366 r -1
1728 305.19800 36.95000 56098.41546 21.65000 299 0.00329 1.00334 r -1
831 340.00000 62.15000 56098.41905 21.65000 299 0.00324 1.25475 r -1
541 298.91537 11.75000 56098.42264 21.65000 299 0.00322 1.07928 r -1
801 313.28596 54.95000 56098.42623 21.65000 299 0.00321 1.08095 r -1
1729 313.57950 36.95000 56098.42981 21.65000 299 0.00316 1.00677 r -1
487 281.19311 4.55000 56098.43340 21.65000 299 0.00302 1.27114 r -1
830 326.66667 62.15000 56098.43699 21.65000 299 0.00291 1.16507 r -1
1768 312.46200 44.15000 56098.44058 21.65000 299 0.00283 1.01847 r -1
437 291.41827 -2.65000 56098.44417 21.65000 299 0.00270 1.32198 r -1
1769 321.66015 44.15000 56098.44775 21.65000 299 0.00253 1.02491 r -1
1685 307.14268 29.75000 56098.45134 21.65000 299 0.00178 1.00802 r -1
592 303.37673 18.95000 56098.45493 21.65000 299 0.00177 1.05243 r -1
767 302.47146 47.75000 56098.45852 21.65000 299 0.00168 1.05250 r -1
1805 322.65300 51.35000 56098.46211 21.65000 299 0.00134 1.05331 r -1
384 280.61059 -9.85000 56098.46569 21.65000 299 0.00128 1.83445 r -1
689 321.65544 33.35000 56098.46928 21.65000 299 0.00125 1.00004 r -1
728 295.65178 40.55000 56098.47287 21.65000 299 0.00118 1.08161 r -1
435 277.33000 -2.65000 56098.47646 21.65000 299 0.00109 1.81217 r -1
385 287.65978 -9.85000 56098.48005 21.65000 299 0.00109 1.78005 r -1
