630 225.91771 26.15000 56097.20047 21.65000 299 0.00433 1.00907 g -1
678 235.44307 33.35000 56097.20406 21.65000 299 0.00426 1.01336 g -1
581 223.50463 18.95000 56097.20765 21.65000 299 0.00417 1.03324 g -1
529 215.12533 11.75000 56097.21123 21.65000 299 0.00361 1.09613 g -1
722 243.95089 40.55000 56097.21482 21.65000 299 0.00354 1.03272 g -1
631 233.39943 26.15000 56097.21841 21.65000 299 0.00342 1.00986 g -1
580 216.23608 18.95000 56097.22200 21.65000 299 0.00321 1.06031 g -1
679 243.29636 33.35000 56097.22559 21.65000 299 0.00311 1.01355 g -1
723 252.56770 40.55000 56097.22917 21.65000 299 0.00309 1.04507 g -1
477 212.77533 4.55000 56097.23276 21.65000 299 0.00308 1.22552 g -1
763 263.37269 47.75000 56097.23635 21.65000 299 0.00304 1.10416 g -1
677 227.58979 33.35000 56097.23994 21.65000 299 0.00298 1.00997 g -1
530 222.10044 11.75000 56097.24353 21.65000 299 0.00295 1.11595 g -1
764 273.14738 47.75000 56097.24711 21.65000 299 0.00268 1.14091 g -1
582 230.77318 18.95000 56097.25070 21.65000 299 0.00238 1.04652 g -1
721 235.33407 40.55000 56097.25429 21.65000 299 0.00235 1.01282 g -1
725 269.80133 40.55000 56097.25788 21.65000 299 0.00226 1.07807 g -1
629 218.43600 26.15000 56097.26147 21.65000 299 0.00214 1.09551 g -1
478 219.61711 4.55000 56097.26505 21.65000 299 0.00213 1.27017 g -1
726 278.41815 40.55000 56097.26864 21.65000 299 0.00209 1.10788 g -1
762 253.59800 47.75000 56097.27223 21.65000 299 0.00208 1.03431 g -1
690 329.43922 33.35000 56097.29017 21.65000 299 0.00674 2.02422 g -1
595 325.12618 18.95000 56097.29735 21.65000 299 0.00369 2.06057 g -1
644 330.85920 26.15000 56097.30452 21.65000 299 0.05524 2.01953 g -1
733 338.17440 40.55000 56097.30811 21.65000 299 0.00270 1.96977 g -1
691 337.22300 33.35000 56097.31170 21.65000 299 0.01654 2.02497 g -1
545 326.85237 11.75000 56097.31529 21.65000 299 0.02508 2.03749 g -1
596 332.37600 18.95000 56097.31887 21.65000 299 0.20716 2.03285 g -1
1641 331.61757 22.55000 56097.32246 21.65000 299 0.00621 1.84494 g -1
645 338.38480 26.15000 56097.32605 21.65000 299 0.06323 2.00736 g -1
1592 333.11870 15.35000 56097.32964 21.65000 299 0.01156 1.97977 g -1
546 333.83662 11.75000 56097.33323 21.65000 299 0.19473 2.06451 g -1
494 330.18472 4.55000 56097.33681 21.65000 299 0.04213 2.06049 g -1
597 339.62582 18.95000 56097.34040 21.65000 299 0.03004 2.00601 g -1
1541 334.52308 8.15000 56097.34399 21.65000 299 0.00455 2.02023 g -1
1642 339.00529 22.55000 56097.34758 21.65000 299 0.00253 1.77848 g -1
547 340.82087 11.75000 56097.35475 21.65000 299 0.00365 2.02284 g -1
495 337.19560 4.55000 56097.35834 21.65000 299 0.02166 2.02149 g -1
443 333.59135 -2.65000 56097.36552 21.65000 299 0.00977 2.00126 g -1
596 332.37600 18.95000 56097.36621 21.65000 299 0.20716 1.44680 r -1
546 333.83662 11.75000 56097.36980 21.65000 299 0.19473 1.56042 r -1
645 338.38480 26.15000 56097.37339 21.65000 299 0.06323 1.44109 r -1
644 330.85920 26.15000 56097.37698 21.65000 299 0.05524 1.28145 r -1
494 330.18472 4.55000 56097.38056 21.65000 299 0.04213 1.51321 r -1
597 339.62582 18.95000 56097.38415 21.65000 299 0.03004 1.46410 r -1
545 326.85237 11.75000 56097.38774 21.65000 299 0.02508 1.29607 r -1
495 337.19560 4.55000 56097.39133 21.65000 299 0.02166 1.58866 r -1
691 337.22300 33.35000 56097.39492 21.65000 299 0.01654 1.24402 r -1
1592 333.11870 15.35000 56097.39850 21.65000 299 0.01156 1.29056 r -1
443 333.59135 -2.65000 56097.40209 21.65000 299 0.00977 1.57718 r -1
690 329.43922 33.35000 56097.40568 21.65000 299 0.00674 1.12161 r -1
1641 331.61757 22.55000 56097.40927 21.65000 299 0.00621 1.16815 r -1
1541 334.52308 8.15000 56097.41286 21.65000 299 0.00455 1.32165 r -1
678 235.44307 33.35000 56097.41644 21.65000 299 0.00426 1.69121 r -1
595 325.12618 18.95000 56097.42003 21.65000 299 0.00369 1.10305 r -1
547 340.82087 11.75000 56097.42362 21.65000 299 0.00365 1.31077 r -1
722 243.95089 40.55000 56097.42721 21.65000 299 0.00354 1.50154 r -1
679 243.29636 33.35000 56097.43080 21.65000 299 0.00311 1.61134 r -1
723 252.56770 40.55000 56097.43438 21.65000 299 0.00309 1.38405 r -1
763 263.37269 47.75000 56097.43797 21.65000 299 0.00304 1.24781 r -1
733 338.17440 40.55000 56097.44156 21.65000 299 0.00270 1.09062 r -1
764 273.14738 47.75000 56097.44515 21.65000 299 0.00268 1.17884 r -1
1642 339.00529 22.55000 56097.44873 21.65000 299 0.00253 1.10869 r -1
725 269.80133 40.55000 56097.45232 21.65000 299 0.00226 1.22998 r -1
726 278.41815 40.55000 56097.45591 21.65000 299 0.00209 1.15524 r -1
762 253.59800 47.75000 56097.45950 21.65000 299 0.00208 1.50942 r -1
630 225.91771 26.15000 56098.17148 21.65000 299 0.00433 1.02621 r -1
581 223.50463 18.95000 56098.17507 21.65000 299 0.00417 1.04252 r -1
529 215.12533 11.75000 56098.17866 21.65000 299 0.00361 1.07613 r -1
631 233.39943 26.15000 56098.18225 21.65000 299 0.00342 1.03850 r -1
580 216.23608 18.95000 56098.18583 21.65000 299 0.00321 1.03348 r -1
477 212.77533 4.55000 56098.18942 21.65000 299 0.00308 1.15045 r -1
677 227.58979 33.35000 56098.19301 21.65000 299 0.00298 1.00424 r -1
530 222.10044 11.75000 56098.19660 21.65000 299 0.00295 1.07598 r -1
582 230.77318 18.95000 56098.20019 21.65000 299 0.00238 1.03883 r -1
