732 329.74300 40.55000 56143.31601 21.65000 299 0.04977 1.04729 g -1
641 308.28240 26.15000 56143.31960 21.65000 299 0.04383 1.00893 g -1
592 303.37673 18.95000 56143.32319 21.65000 299 0.03896 1.04331 g -1
688 313.87167 33.35000 56143.32678 21.65000 299 0.03858 1.00000 g -1
689 321.65544 33.35000 56143.33036 21.65000 299 0.03854 1.00442 g -1
772 352.17582 47.75000 56143.33395 21.65000 299 0.03266 1.15875 g -1
771 342.13873 47.75000 56143.33754 21.65000 299 0.03107 1.08878 g -1
541 298.91537 11.75000 56143.34113 21.65000 299 0.03093 1.13658 g -1
733 338.17440 40.55000 56143.34472 21.65000 299 0.02924 1.03985 g -1
731 321.31160 40.55000 56143.34830 21.65000 299 0.02431 1.00808 g -1
736 2.21291 47.75000 56143.35189 21.65000 299 0.02370 1.18804 g -1
489 295.13032 4.55000 56143.35548 21.65000 299 0.02302 1.29662 g -1
437 291.41827 -2.65000 56143.35907 21.65000 299 0.01745 1.50250 g -1
642 315.80800 26.15000 56143.36266 21.65000 299 0.01560 1.02218 g -1
436 284.38942 -2.65000 56143.36624 21.65000 299 0.01526 1.73149 g -1
488 288.11944 4.55000 56143.36983 21.65000 299 0.01516 1.49439 g -1
737 12.25000 47.75000 56143.37342 21.65000 299 0.01469 1.20880 g -1
540 291.93112 11.75000 56143.37701 21.65000 299 0.01333 1.35567 g -1
770 332.10164 47.75000 56143.38060 21.65000 299 0.01110 1.03284 g -1
591 296.12691 18.95000 56143.38418 21.65000 299 0.01097 1.25483 g -1
734 346.60580 40.55000 56143.38777 21.65000 299 0.00967 1.01938 g -1
738 22.28709 47.75000 56143.39136 21.65000 299 0.00809 1.24489 g -1
640 300.75680 26.15000 56143.39495 21.65000 299 0.00726 1.19743 g -1
690 329.43922 33.35000 56143.39854 21.65000 299 0.00634 1.01154 g -1
593 310.62655 18.95000 56143.40212 21.65000 299 0.00587 1.16332 g -1
687 306.08789 33.35000 56143.40571 21.65000 299 0.00412 1.15686 g -1
735 355.03720 40.55000 56143.40930 21.65000 299 0.00322 1.02085 g -1
1771 340.05646 44.15000 56143.41289 21.65000 299 0.00292 1.02055 g -1
1730 321.96100 36.95000 56143.41648 21.65000 299 0.00269 1.06533 g -1
739 32.32418 47.75000 56143.42006 21.65000 299 0.00269 1.24153 g -1
773 6.95487 54.95000 56143.42365 21.65000 299 0.00266 1.10416 g -1
1686 314.80237 29.75000 56143.42724 21.65000 299 0.00258 1.15713 g -1
805 356.36462 54.95000 56143.43083 21.65000 299 0.00256 1.07803 g -1
542 305.89962 11.75000 56143.43442 21.65000 299 0.00246 1.48926 g -1
697 28.87947 40.55000 56143.43800 21.65000 299 0.00231 1.13871 g -1
730 312.82187 40.55000 56143.44159 21.65000 299 0.00210 1.21218 g -1
694 3.46860 40.55000 56143.44518 21.65000 299 0.00204 1.01270 g -1
549 354.78937 11.75000 56143.44877 21.65000 299 0.00188 1.07646 g -1
696 20.38973 40.55000 56143.45235 21.65000 299 0.00179 1.05359 g -1
1587 297.54478 15.35000 56143.45594 21.65000 299 0.00163 1.95463 g -1
1772 349.29702 44.15000 56143.45953 21.65000 299 0.00162 1.03324 g -1
1770 330.85831 44.15000 56143.46312 21.65000 299 0.00144 1.12415 g -1
1638 309.45443 22.55000 56143.46671 21.65000 299 0.00141 1.52929 g -1
695 11.90000 40.40000 56143.47029 21.65000 299 0.00141 1.01156 g -1
1637 302.06671 22.55000 56143.47388 21.65000 299 0.00136 1.85974 g -1
804 345.77437 54.95000 56143.47747 21.65000 299 0.00128 1.12006 g -1
1731 330.34250 36.95000 56143.48106 21.65000 299 0.00116 1.18013 g -1
499 1.77362 11.75000 56143.48465 21.65000 299 0.00113 1.08708 g -1
774 17.54512 54.95000 56143.48823 21.65000 299 0.00110 1.07843 g -1
643 323.33360 26.15000 56143.49182 21.65000 299 0.00098 1.38320 g -1
769 322.06455 47.75000 56143.49541 21.65000 299 0.00098 1.33876 g -1
1685 307.14268 29.75000 56143.49900 21.65000 299 0.00095 1.87416 g -1
385 287.65978 -9.85000 56144.15581 21.65000 299 0.01384 1.71129 g -1
384 280.61059 -9.85000 56144.15940 21.65000 299 0.01362 1.55101 g -1
334 283.72589 -17.05000 56144.16299 21.65000 299 0.00998 1.83774 g -1
333 276.64396 -17.05000 56144.16658 21.65000 299 0.00591 1.69171 g -1
1482 289.69352 0.95000 56144.17016 21.65000 299 0.00204 1.38390 g -1
1535 293.39478 8.15000 56144.17375 21.65000 299 0.00173 1.30600 g -1
1430 285.91848 -6.25000 56144.17734 21.65000 299 0.00171 1.44313 g -1
490 302.14120 4.55000 56144.18093 21.65000 299 0.00110 1.46485 g -1
691 337.22300 33.35000 56144.18452 21.65000 299 0.00092 2.00525 g -1
383 273.55117 -9.85000 56144.18810 21.65000 299 0.00081 1.39003 g -1
1377 282.06621 -13.45000 56144.19169 21.65000 299 0.00079 1.53061 g -1
1588 304.65957 15.35000 56144.19528 21.65000 299 0.00072 1.27048 g -1
438 298.44712 -2.65000 56144.19887 21.65000 299 0.00071 1.42983 g -1
435 277.33000 -2.65000 56144.20245 21.65000 299 0.00071 1.24650 g -1
487 281.19311 4.55000 56144.20604 21.65000 299 0.00062 1.15739 g -1
494 330.18472 4.55000 56144.20963 21.65000 299 0.00069 2.03899 g -1
386 294.70896 -9.85000 56144.21322 21.65000 299 0.00061 1.48047 g -1
442 326.56250 -2.65000 56144.21681 21.65000 299 0.00093 2.01641 g -1
335 290.80782 -17.05000 56144.22039 21.65000 299 0.00053 1.63190 g -1
390 322.90570 -9.85000 56144.22398 21.65000 299 0.00081 2.05307 g -1
1773 358.27277 44.15000 56144.22757 21.65000 299 0.00072 2.01785 g -1
1774 2.41694 51.35000 56144.23116 21.65000 299 0.00058 1.99295 g -1
339 319.13554 -17.05000 56144.24192 21.65000 299 0.00050 2.02260 g -1
391 329.95489 -9.85000 56144.24551 21.65000 299 0.00170 2.02245 g -1
340 326.21746 -17.05000 56144.25986 21.65000 299 0.00104 2.04235 g -1
341 333.29939 -17.05000 56144.28139 21.65000 299 0.00068 2.01921 g -1
289 324.19504 -24.25000 56144.30292 21.65000 299 0.00050 2.00181 g -1
732 329.74300 40.55000 56144.30361 21.65000 299 0.04977 1.06301 r -1
641 308.28240 26.15000 56144.30720 21.65000 299 0.04383 1.00788 r -1
592 303.37673 18.95000 56144.31079 21.65000 299 0.03896 1.03652 r -1
688 313.87167 33.35000 56144.31438 21.65000 299 0.03858 1.00126 r -1
