0.7291295068 2.6637705897e-03 47.7872819242
0.7363054327 3.1330452592e-02 94.4729909391
0.7434813587 3.5563181917e-02 141.6832584822
0.7470693216 2.8068801312e-01 189.4705404064
0.7506572846 3.9043906457e-01 236.5234403911
0.7542452475 4.6464685903e-01 283.8386196399
0.7578332105 5.2118126090e-01 329.7899467152
0.7614211735 5.3855297258e-01 333.0946654432
0.7650091364 5.4634313167e-01 379.8328303109
0.7685970994 6.4781604316e-01 424.4203052127
0.7721850624 8.0655817313e-01 468.8504125561
0.7757730253 8.1162504275e-01 470.1093530239
0.7793609883 8.1514856119e-01 472.4174105482
0.7800554327 8.1514856119e-01 472.4174105482
0.7836433957 8.1514856119e-01 472.4174105482
0.7872313587 8.1514856119e-01 472.4174105482
0.7908193216 8.1514856119e-01 472.4174105482
0.7944072846 8.1514856119e-01 472.4174105482
0.7979952476 8.1514856119e-01 472.4174105482
0.8015832105 8.1514856119e-01 472.4174105482
0.8051711735 8.1514856119e-01 472.4174105482
0.8087591365 8.1514856119e-01 472.4174105482
0.8123470994 8.1514856119e-01 472.4174105482
0.8159350624 8.1514856119e-01 472.4174105482
0.8195230254 8.1514856119e-01 472.4174105482
0.8231109883 8.1514856119e-01 472.4174105482
