675 211.88321 33.35000 56013.49665 21.65000 299 0.00335 1.14656 g -1
629 218.43600 26.15000 56013.50024 21.65000 299 0.00334 1.12142 g -1
676 219.73650 33.35000 56013.50383 21.65000 299 0.00334 1.10292 g -1
580 216.23608 18.95000 56013.50741 21.65000 299 0.00334 1.20861 g -1
628 210.95429 26.15000 56013.51100 21.65000 299 0.00333 1.24200 g -1
581 223.50463 18.95000 56013.51459 21.65000 299 0.00327 1.16013 g -1
579 208.96753 18.95000 56013.51818 21.65000 299 0.00326 1.37363 g -1
630 225.91771 26.15000 56013.52177 21.65000 299 0.00325 1.12382 g -1
677 227.58979 33.35000 56013.52535 21.65000 299 0.00323 1.10235 g -1
674 204.02993 33.35000 56013.52894 21.65000 299 0.00323 1.41848 g -1
672 188.32336 33.35000 56014.12504 21.65000 299 0.00271 2.04285 g -1
716 192.25000 40.55000 56014.12862 21.65000 299 0.00277 2.00158 g -1
756 194.94985 47.75000 56014.13221 21.65000 299 0.00260 1.92523 g -1
625 188.50914 26.15000 56014.13580 21.65000 299 0.00267 2.04216 g -1
791 202.40112 54.95000 56014.13939 21.65000 299 0.00247 1.97588 g -1
576 187.38957 18.95000 56014.14298 21.65000 299 0.00252 2.05413 g -1
673 196.17664 33.35000 56014.14656 21.65000 299 0.00301 2.04653 g -1
717 200.86681 40.55000 56014.15015 21.65000 299 0.00302 2.03848 g -1
757 204.72454 47.75000 56014.15374 21.65000 299 0.00289 1.99909 g -1
626 195.99086 26.15000 56014.15733 21.65000 299 0.00298 2.02709 g -1
715 183.63319 40.55000 56014.16092 21.65000 299 0.00243 1.41803 g -1
577 194.55043 18.95000 56014.16450 21.65000 299 0.00285 2.02182 g -1
792 213.41224 54.95000 56014.16809 21.65000 299 0.00254 1.99657 g -1
671 180.47007 33.35000 56014.17168 21.65000 299 0.00234 1.32762 g -1
718 209.48363 40.55000 56014.17527 21.65000 299 0.00317 2.01799 g -1
627 203.47257 26.15000 56014.17886 21.65000 299 0.00319 2.01224 g -1
578 201.71129 18.95000 56014.18244 21.65000 299 0.00308 2.05769 g -1
758 214.49923 47.75000 56014.18603 21.65000 299 0.00297 1.92855 g -1
526 193.90000 11.75000 56014.18962 21.65000 299 0.00256 1.78308 g -1
527 201.02511 11.75000 56014.19321 21.65000 299 0.00280 2.04444 g -1
719 218.10044 40.55000 56014.19680 21.65000 299 0.00319 2.05553 g -1
793 224.50609 54.95000 56014.20038 21.65000 299 0.00253 1.97740 g -1
475 199.09178 4.55000 56014.20397 21.65000 299 0.00238 1.99829 g -1
759 224.27392 47.75000 56014.20756 21.65000 299 0.00293 2.00269 g -1
624 181.02743 26.15000 56014.21115 21.65000 299 0.00233 1.17858 g -1
528 208.15022 11.75000 56014.21473 21.65000 299 0.00296 2.01070 g -1
755 185.52515 47.75000 56014.21832 21.65000 299 0.00232 1.17626 g -1
720 226.71726 40.55000 56014.22191 21.65000 299 0.00310 2.03466 g -1
476 205.93356 4.55000 56014.22550 21.65000 299 0.00255 1.95429 g -1
794 235.60357 54.95000 56014.22909 21.65000 299 0.00232 2.00105 g -1
529 215.12533 11.75000 56014.23267 21.65000 299 0.00297 2.03624 g -1
760 234.04862 47.75000 56014.23626 21.65000 299 0.00273 1.97967 g -1
477 212.77533 4.55000 56014.23985 21.65000 299 0.00264 2.03420 g -1
790 191.39000 54.95000 56014.24344 21.65000 299 0.00230 1.18379 g -1
721 235.33407 40.55000 56014.24703 21.65000 299 0.00291 2.01427 g -1
530 222.10044 11.75000 56014.25061 21.65000 299 0.00300 2.06254 g -1
525 186.77489 11.57000 56014.25420 21.65000 299 0.00229 1.18505 g -1
678 235.44307 33.35000 56014.25779 21.65000 299 0.00303 2.00215 g -1
631 233.39943 26.15000 56014.26138 21.65000 299 0.00306 2.01777 g -1
582 230.77318 18.95000 56014.26497 21.65000 299 0.00309 2.01822 g -1
478 219.61711 4.55000 56014.26855 21.65000 299 0.00264 1.87310 g -1
531 229.07556 11.75000 56014.27214 21.65000 299 0.00285 2.02027 g -1
722 243.95089 40.55000 56014.27573 21.65000 299 0.00262 1.94039 g -1
679 243.29636 33.35000 56014.27932 21.65000 299 0.00273 2.00564 g -1
583 238.04173 18.95000 56014.28291 21.65000 299 0.00285 2.05962 g -1
632 240.88114 26.15000 56014.28649 21.65000 299 0.00277 1.94135 g -1
532 236.05067 11.75000 56014.29008 21.65000 299 0.00258 2.04604 g -1
479 226.45889 4.55000 56014.29367 21.65000 299 0.00256 1.78675 g -1
761 243.82331 47.75000 56014.29726 21.65000 299 0.00247 1.61200 g -1
633 248.36286 26.15000 56014.30085 21.65000 299 0.00246 2.05371 g -1
584 245.31027 18.95000 56014.30443 21.65000 299 0.00249 2.03259 g -1
480 233.30067 4.55000 56014.30802 21.65000 299 0.00241 1.84981 g -1
680 251.14964 33.35000 56014.31161 21.65000 299 0.00240 1.84274 g -1
533 243.02578 11.75000 56014.31520 21.65000 299 0.00232 1.94153 g -1
723 252.56770 40.55000 56014.31879 21.65000 299 0.00229 1.69941 g -1
427 220.61000 -2.65000 56014.32237 21.65000 299 0.00227 1.52983 g -1
426 213.52000 -2.65000 56014.32596 21.65000 299 0.00224 1.39484 g -1
428 227.70000 -2.65000 56014.32955 21.65000 299 0.00219 1.62955 g -1
575 180.32410 18.95000 56014.33314 21.65000 299 0.00219 1.04263 g -1
474 192.25000 4.55000 56014.33673 21.65000 299 0.00217 1.14260 g -1
481 240.14244 4.55000 56014.34031 21.65000 299 0.00215 1.68077 g -1
821 206.66667 62.15000 56014.34390 21.65000 299 0.00213 1.15500 g -1
762 253.59800 47.75000 56014.34749 21.65000 299 0.00213 1.44154 g -1
425 206.43000 -2.65000 56014.35108 21.65000 299 0.00213 1.26072 g -1
822 220.00000 62.15000 56014.35467 21.65000 299 0.00213 1.18277 g -1
585 252.57882 18.95000 56014.35825 21.65000 299 0.00213 1.56797 g -1
634 255.84457 26.15000 56014.36184 21.65000 299 0.00209 1.52189 g -1
795 246.70105 54.95000 56014.36543 21.65000 299 0.00207 1.27556 g -1
681 259.00293 33.35000 56014.36902 21.65000 299 0.00205 1.46496 g -1
820 193.33333 62.15000 56014.37261 21.65000 299 0.00204 1.14807 g -1
714 175.01637 40.55000 56014.37619 21.65000 299 0.00203 1.09940 g -1
429 234.79000 -2.65000 56014.37978 21.65000 299 0.00201 1.41939 g -1
823 233.33333 62.15000 56014.38337 21.65000 299 0.00200 1.19471 g -1
524 179.49978 11.75000 56014.38696 21.65000 299 0.00198 1.20929 g -1
534 250.00089 11.75000 56014.39055 21.65000 299 0.00198 1.35833 g -1
754 176.10046 47.75000 56014.39413 21.65000 299 0.00197 1.15276 g -1
424 199.34000 -2.65000 56014.39772 21.65000 299 0.00196 1.27092 g -1
789 180.37888 54.95000 56014.40131 21.65000 299 0.00195 1.17438 g -1
670 172.61679 33.35000 56014.40490 21.65000 299 0.00193 1.22248 g -1
724 261.18452 40.55000 56014.40848 21.65000 299 0.00193 1.23893 g -1
623 173.54571 26.15000 56014.41207 21.65000 299 0.00193 1.27956 g -1
473 185.30822 4.71000 56014.41566 21.65000 299 0.00188 1.35406 g -1
376 224.06350 -9.85000 56014.41925 21.65000 299 0.00187 1.37679 g -1
375 216.99383 -9.85000 56014.42284 21.65000 299 0.00187 1.37786 g -1
574 173.27093 18.95000 56014.42642 21.65000 299 0.00185 1.44551 g -1
482 246.98422 4.55000 56014.43001 21.65000 299 0.00183 1.23455 g -1
586 259.84737 18.95000 56014.43360 21.65000 299 0.00178 1.20565 g -1
763 263.37269 47.75000 56014.43719 21.65000 299 0.00176 1.16637 g -1
423 192.25000 -2.65000 56014.44078 21.65000 299 0.00176 1.53396 g -1
377 231.13317 -9.85000 56014.44436 21.65000 299 0.00175 1.37385 g -1
635 263.32629 26.15000 56014.44795 21.65000 299 0.00175 1.14611 g -1
819 180.00000 62.15000 56014.45154 21.65000 299 0.00175 1.37396 g -1
374 209.92417 -9.85000 56014.45513 21.65000 299 0.00175 1.51077 g -1
824 246.66667 62.15000 56014.45872 21.65000 299 0.00175 1.15228 g -1
430 241.88000 -2.65000 56014.46230 21.65000 299 0.00175 1.24425 g -1
796 257.79854 54.95000 56014.46589 21.65000 299 0.00174 1.11253 g -1
682 266.85621 33.35000 56014.46948 21.65000 299 0.00171 1.09270 g -1
845 214.28571 69.35000 56014.47307 21.65000 299 0.00170 1.28005 g -1
844 197.14286 69.35000 56014.47666 21.65000 299 0.00168 1.37414 g -1
788 169.45049 54.95000 56014.48024 21.65000 299 0.00165 1.68674 g -1
535 256.97600 11.75000 56014.48383 21.65000 299 0.00160 1.10259 g -1
846 231.42857 69.35000 56014.48742 21.65000 299 0.00159 1.24770 g -1
753 166.67577 47.75000 56014.49101 21.65000 299 0.00159 1.95834 g -1
725 269.80133 40.55000 56014.49460 21.65000 299 0.00159 1.05911 g -1
