586 259.84737 18.95000 56082.16566 21.65000 299 0.06825 1.91550 g -1
634 255.84457 26.15000 56082.16925 21.65000 299 0.06336 1.58886 g -1
680 251.14964 33.35000 56082.17283 21.65000 299 0.02459 1.38320 g -1
535 256.97600 11.75000 56082.17642 21.65000 299 0.02311 1.81302 g -1
635 263.32629 26.15000 56082.18001 21.65000 299 0.01306 1.69952 g -1
536 263.95111 11.75000 56082.18360 21.65000 299 0.05816 2.00950 g -1
484 260.66778 4.55000 56082.18719 21.65000 299 0.03671 2.02635 g -1
585 252.57882 18.95000 56082.19077 21.65000 299 0.01078 1.41199 g -1
633 248.36286 26.15000 56082.19436 21.65000 299 0.00960 1.25595 g -1
681 259.00293 33.35000 56082.19795 21.65000 299 0.00958 1.36111 g -1
587 267.11592 18.95000 56082.20154 21.65000 299 0.00787 1.69238 g -1
485 267.50956 4.55000 56082.20513 21.65000 299 0.02077 2.04459 g -1
433 263.15000 -2.65000 56082.20871 21.65000 299 0.01131 2.04872 g -1
724 261.18452 40.55000 56082.21230 21.65000 299 0.00512 1.28790 g -1
679 243.29636 33.35000 56082.21589 21.65000 299 0.00469 1.09963 g -1
631 233.39943 26.15000 56082.21948 21.65000 299 0.00338 1.04831 g -1
1631 258.09721 22.55000 56082.22307 21.65000 299 0.00330 1.27165 g -1
682 266.85621 33.35000 56082.22665 21.65000 299 0.00329 1.31878 g -1
434 270.24000 -2.65000 56082.23024 21.65000 299 0.00382 2.01620 g -1
1582 262.37857 15.35000 56082.23383 21.65000 299 0.00326 1.34645 g -1
754 176.10046 47.75000 56082.23742 21.65000 299 0.00312 1.24788 g -1
632 240.88114 26.15000 56082.24101 21.65000 299 0.00289 1.04698 g -1
537 270.92622 11.75000 56082.24459 21.65000 299 0.00277 1.48889 g -1
1678 253.52600 29.75000 56082.24818 21.65000 299 0.00270 1.09585 g -1
723 252.56770 40.55000 56082.25177 21.65000 299 0.00270 1.07668 g -1
583 238.04173 18.95000 56082.25536 21.65000 299 0.00262 1.04569 g -1
483 253.82600 4.55000 56082.25894 21.65000 299 0.00241 1.24864 g -1
630 225.91771 26.15000 56082.26253 21.65000 299 0.00240 1.01062 g -1
486 274.35133 4.55000 56082.26612 21.65000 299 0.00237 1.52025 g -1
584 245.31027 18.95000 56082.26971 21.65000 299 0.00233 1.05174 g -1
762 253.59800 47.75000 56082.27330 21.65000 299 0.00230 1.06624 g -1
534 250.00089 11.75000 56082.27688 21.65000 299 0.00227 1.10560 g -1
876 300.00000 83.75000 56082.28047 21.65000 299 0.00224 1.69927 g -1
789 180.37888 54.95000 56082.28406 21.65000 299 0.00221 1.41929 g -1
582 230.77318 18.95000 56082.28765 21.65000 299 0.00220 1.04288 g -1
533 243.02578 11.75000 56082.29124 21.65000 299 0.00213 1.07643 g -1
1531 265.51208 8.15000 56082.29482 21.65000 299 0.00209 1.19406 g -1
877 340.00000 83.75000 56082.29841 21.65000 299 0.00208 1.86282 g -1
432 256.06000 -2.65000 56082.30200 21.65000 299 0.00207 1.26139 g -1
482 246.98422 4.55000 56082.30559 21.65000 299 0.00196 1.14164 g -1
636 270.80800 26.15000 56082.30918 21.65000 299 0.00192 1.07453 g -1
725 269.80133 40.55000 56082.31276 21.65000 299 0.00188 1.05282 g -1
538 277.90133 11.75000 56082.31635 21.65000 299 0.00186 1.19781 g -1
875 260.00000 83.75000 56082.31994 21.65000 299 0.00176 1.57045 g -1
683 274.70950 33.35000 56082.32353 21.65000 299 0.00173 1.05388 g -1
581 223.50463 18.95000 56082.32712 21.65000 299 0.00167 1.16321 g -1
588 274.38447 18.95000 56082.33070 21.65000 299 0.00164 1.08138 g -1
878 10.00000 88.00000 56082.33429 21.65000 299 0.00157 1.85831 g -1
532 236.05067 11.75000 56082.33788 21.65000 299 0.00157 1.14766 g -1
678 235.44307 33.35000 56082.34147 21.65000 299 0.00154 1.06235 g -1
637 278.28971 26.15000 56082.34506 21.65000 299 0.00153 1.04617 g -1
481 240.14244 4.55000 56082.34864 21.65000 299 0.00141 1.22263 g -1
589 281.65302 18.95000 56082.35223 21.65000 299 0.00133 1.07872 g -1
1530 258.57900 8.15000 56082.35582 21.65000 299 0.00126 1.11035 g -1
430 241.88000 -2.65000 56082.35941 21.65000 299 0.00113 1.35415 g -1
763 263.37269 47.75000 56082.36300 21.65000 299 0.00112 1.03351 g -1
1478 261.85923 0.95000 56082.36658 21.65000 299 0.00109 1.19165 g -1
722 243.95089 40.55000 56082.37017 21.65000 299 0.00105 1.07506 g -1
866 300.00000 76.55000 56082.37376 21.65000 299 0.00102 1.41984 g -1
874 220.00000 83.75000 56082.37735 21.65000 299 0.00098 1.65990 g -1
531 229.07556 11.75000 56082.38094 21.65000 299 0.00093 1.43392 g -1
790 191.39000 54.95000 56082.38452 21.65000 299 0.00090 1.97514 g -1
761 243.82331 47.75000 56082.38811 21.65000 299 0.00088 1.13306 g -1
1581 255.36571 15.35000 56082.39170 21.65000 299 0.00086 1.11977 g -1
629 218.43600 26.15000 56082.39529 21.65000 299 0.00079 1.62343 g -1
580 216.23608 18.95000 56082.39888 21.65000 299 0.00076 1.88757 g -1
677 227.58979 33.35000 56082.40246 21.65000 299 0.00072 1.39502 g -1
480 233.30067 4.55000 56082.40605 21.65000 299 0.00069 1.69906 g -1
870 60.00000 83.75000 56082.45269 21.65000 299 0.00093 2.00151 g -1
586 259.84737 18.95000 56082.45339 21.65000 299 0.06825 1.27100 r -1
634 255.84457 26.15000 56082.45698 21.65000 299 0.06336 1.29391 r -1
536 263.95111 11.75000 56082.46057 21.65000 299 0.05816 1.32409 r -1
484 260.66778 4.55000 56082.46415 21.65000 299 0.03671 1.52556 r -1
680 251.14964 33.35000 56082.46774 21.65000 299 0.02459 1.39511 r -1
535 256.97600 11.75000 56082.47133 21.65000 299 0.02311 1.54197 r -1
485 267.50956 4.55000 56082.47492 21.65000 299 0.02077 1.46226 r -1
635 263.32629 26.15000 56082.47851 21.65000 299 0.01306 1.29837 r -1
