464 123.83222 4.55000 55980.10653 21.65000 299 0.00577 1.73233 g -1
413 121.35000 -2.65000 55980.11012 21.65000 299 0.00445 1.81687 g -1
414 128.44000 -2.65000 55980.11371 21.65000 299 0.00833 2.05571 g -1
873 180.00000 83.75000 55980.11730 21.65000 299 0.00333 1.89853 g -1
516 121.29889 11.75000 55980.12088 21.65000 299 0.00327 1.39750 g -1
362 125.08817 -9.85000 55980.12447 21.65000 299 0.00494 2.04644 g -1
463 116.99044 4.55000 55980.12806 21.65000 299 0.00280 1.38653 g -1
465 130.67400 4.55000 55980.13165 21.65000 299 0.00263 1.66224 g -1
415 135.53000 -2.65000 55980.13524 21.65000 299 0.00308 2.02358 g -1
879 170.00000 88.00000 55980.13882 21.65000 299 0.00169 1.81132 g -1
871 100.00000 83.75000 55980.14241 21.65000 299 0.00159 1.57495 g -1
363 132.15783 -9.85000 55980.14600 21.65000 299 0.01045 2.01762 g -1
515 114.02378 11.75000 55980.14959 21.65000 299 0.00159 1.17052 g -1
1895 240.00000 88.50000 55980.15318 21.65000 299 0.00152 1.88404 g -1
872 140.00000 83.75000 55980.15676 21.65000 299 0.00148 1.64693 g -1
566 116.84562 18.95000 55980.16035 21.65000 299 0.00139 1.10900 g -1
364 139.22750 -9.85000 55980.16394 21.65000 299 0.00514 2.04256 g -1
312 128.97374 -17.05000 55980.16753 21.65000 299 0.00406 1.97509 g -1
517 128.57400 11.75000 55980.17112 21.65000 299 0.00135 1.23671 g -1
874 220.00000 83.75000 55980.17470 21.65000 299 0.00996 2.00447 g -1
870 60.00000 83.75000 55980.17829 21.65000 299 0.00131 1.62136 g -1
313 136.00443 -17.05000 55980.18188 21.65000 299 0.01015 2.03355 g -1
361 118.01850 -9.85000 55980.18547 21.65000 299 0.00110 1.43383 g -1
862 204.00000 76.55000 55980.18906 21.65000 299 0.00583 2.00213 g -1
844 197.14286 69.35000 55980.19264 21.65000 299 0.00127 1.98993 g -1
412 114.26000 -2.65000 55980.19623 21.65000 299 0.00101 1.24968 g -1
365 146.29717 -9.85000 55980.19982 21.65000 299 0.00100 1.83209 g -1
314 143.03513 -17.05000 55980.20341 21.65000 299 0.00821 2.00989 g -1
861 180.00000 76.55000 55980.20699 21.65000 299 0.00099 1.66294 g -1
567 123.89878 18.95000 55980.21058 21.65000 299 0.00098 1.05345 g -1
878 10.00000 88.00000 55980.21417 21.65000 299 0.00087 1.83982 g -1
858 108.00000 76.55000 55980.21776 21.65000 299 0.00085 1.37297 g -1
315 150.06583 -17.05000 55980.22135 21.65000 299 0.00222 2.02808 g -1
263 133.96657 -24.25000 55980.22493 21.65000 299 0.00192 2.00063 g -1
311 121.94304 -17.05000 55980.22852 21.65000 299 0.00081 1.57556 g -1
1407 126.32304 -6.25000 55980.23211 21.65000 299 0.00071 1.31010 g -1
845 214.28571 69.35000 55980.23570 21.65000 299 0.00092 2.02186 g -1
462 110.14867 4.55000 55980.23929 21.65000 299 0.00064 1.16371 g -1
264 141.25200 -24.25000 55980.24287 21.65000 299 0.00630 2.01431 g -1
1408 133.26272 -6.25000 55980.24646 21.65000 299 0.00063 1.31644 g -1
857 84.00000 76.55000 55980.25005 21.65000 299 0.00062 1.46895 g -1
863 228.00000 76.55000 55980.25364 21.65000 299 0.00915 2.00963 g -1
1356 136.99733 -13.45000 55980.25723 21.65000 299 0.00062 1.48348 g -1
416 142.62000 -2.65000 55980.26081 21.65000 299 0.00062 1.27174 g -1
265 148.53743 -24.25000 55980.26440 21.65000 299 0.00746 2.00656 g -1
466 137.51578 4.55000 55980.26799 21.65000 299 0.00062 1.14685 g -1
859 132.00000 76.55000 55980.27158 21.65000 299 0.00057 1.37069 g -1
869 20.00000 83.75000 55980.27517 21.65000 299 0.00056 1.96280 g -1
316 157.09652 -17.05000 55980.27875 21.65000 299 0.00055 1.71682 g -1
875 260.00000 83.75000 55980.28234 21.65000 299 0.01813 2.00793 g -1
266 155.82286 -24.25000 55980.28593 21.65000 299 0.00305 1.99902 g -1
846 231.42857 69.35000 55980.28952 21.65000 299 0.00066 1.97378 g -1
1306 142.14591 -20.65000 55980.29311 21.65000 299 0.00053 1.70430 g -1
565 109.79245 18.95000 55980.29669 21.65000 299 0.00048 1.18447 g -1
1458 122.64077 0.95000 55980.30028 21.65000 299 0.00047 1.26859 g -1
267 163.10829 -24.25000 55980.30387 21.65000 299 0.00083 2.01241 g -1
823 233.33333 62.15000 55980.30746 21.65000 299 0.00069 1.97375 g -1
1889 229.01109 80.15000 55980.31105 21.65000 299 0.00043 1.77386 g -1
1890 256.70339 80.15000 55980.31463 21.65000 299 0.00176 2.00494 g -1
864 252.00000 76.55000 55980.31822 21.65000 299 0.01458 2.01747 g -1
794 235.60357 54.95000 55980.32181 21.65000 299 0.00080 2.00222 g -1
616 121.17371 26.15000 55980.32540 21.65000 299 0.00042 1.13472 g -1
615 113.69200 26.15000 55980.32899 21.65000 299 0.00041 1.22854 g -1
847 248.57143 69.35000 55980.33257 21.65000 299 0.00087 2.00546 g -1
856 60.00000 76.55000 55980.33616 21.65000 299 0.00038 1.94800 g -1
824 246.66667 62.15000 55980.33975 21.65000 299 0.00088 2.01856 g -1
860 156.00000 76.55000 55980.34334 21.65000 299 0.00038 1.37073 g -1
518 135.84911 11.75000 55980.34693 21.65000 299 0.00036 1.16976 g -1
1355 130.09075 -13.45000 55980.35051 21.65000 299 0.00034 1.77776 g -1
568 130.95195 18.95000 55980.35410 21.65000 299 0.00034 1.18016 g -1
514 106.74867 11.75000 55980.35769 21.65000 299 0.00033 1.81950 g -1
268 170.39371 -24.25000 55980.36128 21.65000 299 0.00032 1.87920 g -1
1459 129.60169 0.95000 55980.36487 21.65000 299 0.00029 1.48743 g -1
880 10.00000 87.40000 55980.36845 21.65000 299 0.00029 1.94128 g -1
1307 149.30364 -20.65000 55980.37204 21.65000 299 0.00027 1.85745 g -1
760 234.04862 47.75000 55980.37563 21.65000 299 0.00026 1.51307 g -1
366 153.36683 -9.85000 55980.37922 21.65000 299 0.00025 1.46153 g -1
1888 201.31878 80.15000 55980.38281 21.65000 299 0.00025 1.49480 g -1
843 180.00000 69.35000 55980.38639 21.65000 299 0.00024 1.23673 g -1
1510 118.98841 8.15000 55980.38998 21.65000 299 0.00024 1.89635 g -1
876 300.00000 83.75000 55980.39357 21.65000 299 0.00028 2.00565 g -1
1511 125.92100 8.15000 55980.39716 21.65000 299 0.00023 1.72856 g -1
1894 90.00000 88.50000 55980.40074 21.65000 299 0.00022 1.81577 g -1
820 193.33333 62.15000 55980.40433 21.65000 299 0.00021 1.15166 g -1
617 128.65543 26.15000 55980.40792 21.65000 299 0.00020 1.46098 g -1
317 164.12722 -17.05000 55980.41151 21.65000 299 0.00019 1.69578 g -1
795 246.70105 54.95000 55980.41510 21.65000 299 0.00018 1.47251 g -1
877 340.00000 83.75000 55980.50480 21.65000 299 0.00020 2.00541 g -1
875 260.00000 83.75000 55980.50549 21.65000 299 0.01813 1.62672 r -1
864 252.00000 76.55000 55980.50908 21.65000 299 0.01458 1.43151 r -1
874 220.00000 83.75000 55980.51267 21.65000 299 0.00996 1.56670 r -1
863 228.00000 76.55000 55980.51625 21.65000 299 0.00915 1.37261 r -1
862 204.00000 76.55000 55980.51984 21.65000 299 0.00583 1.39048 r -1
873 180.00000 83.75000 55980.52343 21.65000 299 0.00333 1.63278 r -1
1890 256.70339 80.15000 55980.52702 21.65000 299 0.00176 1.50439 r -1
879 170.00000 88.00000 55980.53061 21.65000 299 0.00169 1.76616 r -1
1895 240.00000 88.50000 55980.53419 21.65000 299 0.00152 1.74890 r -1
872 140.00000 83.75000 55980.53778 21.65000 299 0.00148 1.82421 r -1
844 197.14286 69.35000 55980.54137 21.65000 299 0.00127 1.31508 r -1
861 180.00000 76.55000 55980.54496 21.65000 299 0.00099 1.52697 r -1
845 214.28571 69.35000 55980.54855 21.65000 299 0.00092 1.26033 r -1
824 246.66667 62.15000 55980.55213 21.65000 299 0.00088 1.15186 r -1
878 10.00000 88.00000 55980.55572 21.65000 299 0.00087 1.88723 r -1
847 248.57143 69.35000 55980.55931 21.65000 299 0.00087 1.24415 r -1
