0.6570614145 3.1655209770e-02 47.3151792488
0.6606493774 6.4391089551e-02 95.1024611730
0.6642373404 9.4191161008e-02 140.3194063087
0.6678253034 1.2226721455e-01 187.2673945877
0.6714132663 1.4791540547e-01 234.8448531006
0.6750012293 1.7167959692e-01 282.3173999079
0.6785891923 1.9333553331e-01 327.7441684550
0.6821771552 2.1302039175e-01 373.4856721190
0.6857651182 2.3230150779e-01 420.6434838093
0.6893530812 2.5023976522e-01 466.6997225902
0.6929410441 2.6559692158e-01 512.4936821071
0.6965290071 2.8033556996e-01 557.2909804202
0.7001169701 2.9415426119e-01 604.3438804049
0.7037049330 3.0560423349e-01 650.4525750387
0.7072928960 3.1627346984e-01 697.5054750233
0.7108808590 3.2525690446e-01 742.6699643062
0.7144688219 3.3417216187e-01 788.2541004118
0.7180567849 3.4192770051e-01 835.4643679549
0.7216447478 3.4943028637e-01 882.5172679395
0.7252327108 3.5649510879e-01 926.9473752829
0.7288206738 3.6275814426e-01 972.0594087130
0.7324086367 3.6947248767e-01 1019.7942347844
0.7359965997 3.7514172826e-01 1067.3192374445
0.7395845627 3.8042641269e-01 1113.3754762254
0.7431725256 3.8461671849e-01 1157.5957601575
0.7467604886 3.8936327600e-01 1204.8060277006
0.7503484516 3.9325723294e-01 1248.9738557799
0.7539364145 3.9644646576e-01 1289.9943326896
0.7575243775 3.9950110608e-01 1335.6309246479
0.7611123405 4.0217529819e-01 1382.0543543987
0.7647003034 4.0567530557e-01 1426.4844617420
0.7682882664 4.0749195924e-01 1428.8449751192
0.7718762294 4.0928277425e-01 1476.2650660736
0.7754641923 4.1092366038e-01 1518.9116744209
0.7790521553 4.1250404053e-01 1520.9574526811
0.7826401183 4.1411136038e-01 1523.0032309413
0.7862280812 4.1551626278e-01 1525.0490092015
0.7898160442 4.1691064477e-01 1571.1577038353
0.7934040071 4.1829327710e-01 1618.2106038200
0.7969919701 4.1958306222e-01 1665.2635038046
0.8005799331 4.2066709818e-01 1710.9000957630
0.8041678960 4.2182650899e-01 1756.4842318685
0.8077558590 4.2295964421e-01 1802.0159121212
0.8113438220 4.2407510281e-01 1804.0616903814
0.8149317849 4.2519520847e-01 1806.3172920529
0.8185197479 4.2625643379e-01 1808.6778054301
0.8221077109 4.2720470347e-01 1853.9472064186
0.8256956738 4.2816879047e-01 1855.8356171204
0.8292836368 4.2907484556e-01 1858.1961304975
0.8328715998 4.2985514732e-01 1860.3468204634
0.8364595627 4.3065101789e-01 1902.2065910183
0.8400475257 4.3139689011e-01 1945.9547722749
0.8436354887 4.3213858147e-01 1948.0530063879
0.8472234516 4.3282910157e-01 1950.3610639123
0.8508114146 4.3338281612e-01 1952.5642097310
0.8543993776 4.3386798600e-01 1954.8198114025
0.8579873405 4.3430924361e-01 1957.1278689268
0.8615753035 4.3473668284e-01 1959.3834705983
0.8651632664 4.3516075843e-01 1961.4817047113
0.8687512294 4.3554231877e-01 2006.5937381414
0.8723391924 4.3587538572e-01 2050.4992869565
0.8759271553 4.3620542569e-01 2052.5975210696
0.8795151183 4.3654793932e-01 2054.6957551826
0.8802095628 4.3654793932e-01 2054.6957551826
0.8837975257 4.3654793932e-01 2054.6957551826
0.8873854887 4.3654793932e-01 2054.6957551826
0.8909734516 4.3654793932e-01 2054.6957551826
0.8945614146 4.3654793932e-01 2054.6957551826
0.8981493776 4.3654793932e-01 2054.6957551826
0.9017373405 4.3654793932e-01 2054.6957551826
0.9053253035 4.3654793932e-01 2054.6957551826
0.9089132665 4.3654793932e-01 2054.6957551826
0.9125012294 4.3654793932e-01 2054.6957551826
0.9160891924 4.3654793932e-01 2054.6957551826
0.9196771554 4.3654793932e-01 2054.6957551826
0.9232651183 4.3654793932e-01 2054.6957551826
0.9268530813 4.3654793932e-01 2054.6957551826
0.9304410443 4.3654793932e-01 2054.6957551826
0.9340290072 4.3654793932e-01 2054.6957551826
0.9376169702 4.3654793932e-01 2054.6957551826
0.9412049332 4.3654793932e-01 2054.6957551826
0.9447928961 4.3654793932e-01 2054.6957551826
0.9483808591 4.3654793932e-01 2054.6957551826
0.9519688221 4.3654793932e-01 2054.6957551826
0.9555567850 4.3654793932e-01 2054.6957551826
0.9591447480 4.3654793932e-01 2054.6957551826
0.9627327109 4.3654793932e-01 2054.6957551826
0.9663206739 4.3654793932e-01 2054.6957551826
0.9699086369 4.3654793932e-01 2054.6957551826
0.9734965998 4.3654793932e-01 2054.6957551826
0.9770845628 4.3654793932e-01 2054.6957551826
0.9806725258 4.3654793932e-01 2054.6957551826
0.9842604887 4.3654793932e-01 2054.6957551826
0.9878484517 4.3654793932e-01 2054.6957551826
0.9914364147 4.3654793932e-01 2054.6957551826
