762 253.59800 47.75000 56122.16843 21.65000 299 0.00859 1.06078 g -1
761 243.82331 47.75000 56122.17201 21.65000 299 0.00753 1.03606 g -1
723 252.56770 40.55000 56122.17560 21.65000 299 0.00671 1.02710 g -1
722 243.95089 40.55000 56122.17919 21.65000 299 0.00528 1.00943 g -1
724 261.18452 40.55000 56122.18278 21.65000 299 0.00290 1.04800 g -1
795 246.70105 54.95000 56122.18637 21.65000 299 0.00269 1.07673 g -1
763 263.37269 47.75000 56122.18995 21.65000 299 0.00265 1.06788 g -1
796 257.79854 54.95000 56122.19354 21.65000 299 0.00166 1.08894 g -1
794 235.60357 54.95000 56122.19713 21.65000 299 0.00128 1.08528 g -1
680 251.14964 33.35000 56122.20072 21.65000 299 0.00126 1.00124 g -1
760 234.04862 47.75000 56122.20431 21.65000 299 0.00107 1.05305 g -1
681 259.00293 33.35000 56122.20789 21.65000 299 0.00079 1.00805 g -1
725 269.80133 40.55000 56122.21148 21.65000 299 0.00076 1.04114 g -1
679 243.29636 33.35000 56122.21507 21.65000 299 0.00070 1.00990 g -1
1761 247.73246 44.15000 56122.21866 21.65000 299 0.00045 1.02194 g -1
764 273.14738 47.75000 56122.22225 21.65000 299 0.00040 1.06128 g -1
824 246.66667 62.15000 56122.22583 21.65000 299 0.00038 1.14893 g -1
797 268.89602 54.95000 56122.22942 21.65000 299 0.00036 1.08532 g -1
682 266.85621 33.35000 56122.23301 21.65000 299 0.00036 1.00595 g -1
1762 256.97954 44.15000 56122.23660 21.65000 299 0.00034 1.01929 g -1
823 233.33333 62.15000 56122.24019 21.65000 299 0.00029 1.20680 g -1
1798 249.56881 51.35000 56122.24377 21.65000 299 0.00024 1.06809 g -1
721 235.33407 40.55000 56122.24736 21.65000 299 0.00023 1.09737 g -1
825 260.00000 62.15000 56122.25095 21.65000 299 0.00022 1.14374 g -1
726 278.41815 40.55000 56122.25454 21.65000 299 0.00018 1.02049 g -1
1760 238.48538 44.15000 56122.25813 21.65000 299 0.00016 1.10847 g -1
1797 239.19508 51.35000 56122.26171 21.65000 299 0.00014 1.13816 g -1
1799 260.05956 51.35000 56122.26530 21.65000 299 0.00013 1.06214 g -1
633 248.36286 26.15000 56122.26889 21.65000 299 0.00013 1.07830 g -1
1721 246.63237 36.95000 56122.27248 21.65000 299 0.00013 1.08082 g -1
1722 255.10475 36.95000 56122.27607 21.65000 299 0.00013 1.04336 g -1
683 274.70950 33.35000 56122.27965 21.65000 299 0.00012 1.00025 g -1
634 255.84457 26.15000 56122.28324 21.65000 299 0.00012 1.06487 g -1
1763 266.22662 44.15000 56122.28683 21.65000 299 0.00009 1.03322 g -1
762 253.59800 47.75000 56122.28752 21.65000 299 0.00859 1.09415 r -1
761 243.82331 47.75000 56122.29111 21.65000 299 0.00753 1.16533 r -1
723 252.56770 40.55000 56122.29470 21.65000 299 0.00671 1.09649 r -1
722 243.95089 40.55000 56122.29829 21.65000 299 0.00528 1.17566 r -1
724 261.18452 40.55000 56122.30188 21.65000 299 0.00290 1.06232 r -1
795 246.70105 54.95000 56122.30546 21.65000 299 0.00269 1.21422 r -1
763 263.37269 47.75000 56122.30905 21.65000 299 0.00265 1.08454 r -1
796 257.79854 54.95000 56122.31264 21.65000 299 0.00166 1.15746 r -1
794 235.60357 54.95000 56122.31623 21.65000 299 0.00128 1.36419 r -1
680 251.14964 33.35000 56122.31982 21.65000 299 0.00126 1.19043 r -1
760 234.04862 47.75000 56122.32340 21.65000 299 0.00107 1.41916 r -1
681 259.00293 33.35000 56122.32699 21.65000 299 0.00079 1.13824 r -1
725 269.80133 40.55000 56122.33058 21.65000 299 0.00076 1.07126 r -1
679 243.29636 33.35000 56122.33417 21.65000 299 0.00070 1.37763 r -1
1761 247.73246 44.15000 56122.33775 21.65000 299 0.00045 1.29484 r -1
764 273.14738 47.75000 56122.34134 21.65000 299 0.00040 1.09364 r -1
824 246.66667 62.15000 56122.34493 21.65000 299 0.00038 1.38897 r -1
797 268.89602 54.95000 56122.34852 21.65000 299 0.00036 1.16846 r -1
682 266.85621 33.35000 56122.35211 21.65000 299 0.00036 1.14929 r -1
1762 256.97954 44.15000 56122.35569 21.65000 299 0.00034 1.25967 r -1
823 233.33333 62.15000 56122.35928 21.65000 299 0.00029 1.64301 r -1
1798 249.56881 51.35000 56122.36287 21.65000 299 0.00024 1.39754 r -1
721 235.33407 40.55000 56122.36646 21.65000 299 0.00023 1.81511 r -1
825 260.00000 62.15000 56122.37005 21.65000 299 0.00022 1.34684 r -1
726 278.41815 40.55000 56122.37363 21.65000 299 0.00018 1.11465 r -1
1760 238.48538 44.15000 56122.37722 21.65000 299 0.00016 1.79118 r -1
1797 239.19508 51.35000 56122.38081 21.65000 299 0.00014 1.73377 r -1
1799 260.05956 51.35000 56122.38440 21.65000 299 0.00013 1.35888 r -1
633 248.36286 26.15000 56122.38799 21.65000 299 0.00013 1.86698 r -1
1721 246.63237 36.95000 56122.39157 21.65000 299 0.00013 1.78993 r -1
1722 255.10475 36.95000 56122.39516 21.65000 299 0.00013 1.57405 r -1
683 274.70950 33.35000 56122.39875 21.65000 299 0.00012 1.25024 r -1
634 255.84457 26.15000 56122.40234 21.65000 299 0.00012 1.77578 r -1
1763 266.22662 44.15000 56122.40593 21.65000 299 0.00009 1.38596 r -1
