0.1257323632 3.3466820980e-02 48.2069287468
0.1293203262 4.3478731610e-02 86.9193481322
0.1329082891 4.4664688599e-02 114.1439357487
0.1364962521 4.5615205617e-02 161.9312176729
0.1400842150 4.6634280626e-02 209.2463969217
0.1436721780 4.8014709284e-02 257.0336788459
0.1472601410 4.9404007772e-02 303.8242995664
0.1508481039 5.0225778781e-02 349.4608915248
0.1544360669 5.0745950662e-02 388.2782226158
0.1580240299 5.1525611195e-02 433.8623587213
0.1616119928 5.2313090501e-02 481.2824496758
0.1651999558 5.6091053435e-02 528.4402613661
0.1687879188 5.8432377445e-02 575.5456172036
0.1723758817 5.9827650292e-02 621.5494001317
0.1759638447 6.0633222901e-02 668.6023001163
0.1795518077 6.1329682453e-02 695.4596967631
0.1831397706 6.4751643162e-02 742.6699643062
0.1867277336 6.6550246975e-02 789.7228642909
0.1903156966 6.7888593331e-02 837.0380435397
0.1939036595 6.9173463728e-02 880.1567545624
0.1974916225 6.9997760776e-02 927.9964923394
0.2010795855 7.0733594898e-02 975.0493923241
0.2046675484 7.5165756535e-02 1022.1547481615
0.2082555114 8.8742741251e-02 1069.2076481462
0.2118434743 9.1900651838e-02 1116.2605481309
0.2154314373 9.3032069275e-02 1163.8380066438
0.2190194003 1.0655461055e-01 1186.0792882419
0.2226073632 1.0935376683e-01 1232.5551738454
0.2261953262 1.2025254687e-01 1276.1459875436
0.2297832892 1.2159979201e-01 1323.6709902037
0.2333712521 1.4128597435e-01 1355.1445018991
0.2369592151 1.4863898128e-01 1376.2317547350
0.2405471781 1.5208731576e-01 1423.9665808064
0.2441351410 1.6325105524e-01 1445.7882155819
0.2477231040 1.6631083831e-01 1490.5330580422
0.2513110670 1.7702384834e-01 1519.5936005076
0.2548990299 1.7895687181e-01 1566.3842212282
0.2584869929 1.8048796386e-01 1613.2272978015
0.2620749559 1.9191454938e-01 1645.3302797308
0.2656629188 1.9422907329e-01 1693.5896643305
0.2692508818 1.9527287338e-01 1740.7474760208
0.2728388448 1.9631492315e-01 1786.0168770094
0.2764268077 1.9732636014e-01 1831.8632923790
0.2800147707 1.9832074788e-01 1877.1851492204
0.2836027336 1.9921707105e-01 1923.0840204429
0.2871906966 2.0056800262e-01 1970.2942879860
0.2907786596 2.0548834663e-01 2017.3471879707
0.2943666225 2.1420813789e-01 2035.5493689012
0.2979545855 2.1520568673e-01 2080.8712257426
0.3015425485 2.1640983876e-01 2129.0781544894
0.3051305114 2.1712182858e-01 2176.9178922665
0.3087184744 2.1781580082e-01 2218.4629277044
0.3123064374 2.1847474618e-01 2263.6274169873
0.3158944003 2.1914990757e-01 2310.8376845305
0.3194823633 2.1987401108e-01 2358.1528637793
0.3230703263 2.2048836338e-01 2405.4680430280
0.3266582892 2.2101255082e-01 2451.5767376618
0.3302462522 2.2154477311e-01 2499.3640195860
0.3338342152 2.2216355688e-01 2541.2237901409
0.3374221781 2.2266572332e-01 2584.1851336052
0.3410101411 2.2319622448e-01 2631.2380335898
0.3445981040 2.2370142540e-01 2672.7830690278
0.3481860670 2.2418960208e-01 2715.5345890807
0.3517740300 2.2469791617e-01 2762.7973124767
0.3553619929 2.2523468403e-01 2764.5808114728
0.3589499559 2.2608652465e-01 2803.4505984166
0.3625379189 2.2719404223e-01 2850.7657776654
0.3661258818 2.2768925770e-01 2853.4934820123
0.3697138448 2.2818935982e-01 2900.8086612611
0.3733018078 2.2853375989e-01 2930.3413064020
0.3768897707 2.2901239003e-01 2975.5582515377
0.3804777337 2.4336836336e-01 3008.0808802896
0.3840656967 2.4384406537e-01 3055.2386919800
0.3876536596 2.4427843775e-01 3098.3049471498
0.3912416226 2.4495548610e-01 3144.8857444591
0.3948295856 2.4541123234e-01 3192.1484678550
0.3984175485 2.4582257633e-01 3233.6935032930
0.4020055115 2.4625155118e-01 3276.7073026100
0.4055934745 2.4867475027e-01 3322.8159972438
0.4091814374 2.4907768099e-01 3367.6132955570
0.4127694004 2.4950218045e-01 3415.0333865114
0.4163573633 2.4986696938e-01 3458.8864794737
0.4199453263 2.5024818956e-01 3506.6213055451
0.4235332893 2.5062909362e-01 3548.1138851302
0.4271212522 2.5101946720e-01 3595.5339760846
0.4307092152 2.5139750404e-01 3622.3913727314
0.4342971782 2.5176695930e-01 3669.4442727160
