632 240.88114 26.15000 56081.46963 21.65000 299 0.02701 1.73395 g -1
633 248.36286 26.15000 56081.47322 21.65000 299 0.02437 1.54531 g -1
584 245.31027 18.95000 56081.47681 21.65000 299 0.02400 1.80670 g -1
680 251.14964 33.35000 56081.48040 21.65000 299 0.02372 1.46864 g -1
583 238.04173 18.95000 56082.16566 21.65000 299 0.02884 1.31308 g -1
531 229.07556 11.75000 56082.16925 21.65000 299 0.02555 1.24392 g -1
532 236.05067 11.75000 56082.17283 21.65000 299 0.02501 1.32018 g -1
582 230.77318 18.95000 56082.17642 21.65000 299 0.02256 1.17149 g -1
480 233.30067 4.55000 56082.18001 21.65000 299 0.02201 1.34155 g -1
725 269.80133 40.55000 56082.18360 21.65000 299 0.02194 1.67037 g -1
681 259.00293 33.35000 56082.18719 21.65000 299 0.02161 1.43556 g -1
724 261.18452 40.55000 56082.19077 21.65000 299 0.01994 1.41215 g -1
479 226.45889 4.55000 56082.19436 21.65000 299 0.01939 1.21481 g -1
682 266.85621 33.35000 56082.19795 21.65000 299 0.01848 1.52472 g -1
533 243.02578 11.75000 56082.20154 21.65000 299 0.01844 1.27220 g -1
634 255.84457 26.15000 56082.20513 21.65000 299 0.01772 1.30981 g -1
428 227.70000 -2.65000 56082.20871 21.65000 299 0.01663 1.29220 g -1
683 274.70950 33.35000 56082.21230 21.65000 299 0.01625 1.59371 g -1
726 278.41815 40.55000 56082.21589 21.65000 299 0.01479 1.58858 g -1
679 243.29636 33.35000 56082.21948 21.65000 299 0.01327 1.09049 g -1
585 252.57882 18.95000 56082.22307 21.65000 299 0.01294 1.22592 g -1
684 282.56279 33.35000 56082.22665 21.65000 299 0.01285 1.67122 g -1
481 240.14244 4.55000 56082.23024 21.65000 299 0.01280 1.22025 g -1
429 234.79000 -2.65000 56082.23383 21.65000 299 0.01254 1.27932 g -1
631 233.39943 26.15000 56082.23742 21.65000 299 0.01075 1.02460 g -1
635 263.32629 26.15000 56082.24101 21.65000 299 0.01035 1.23074 g -1
427 220.61000 -2.65000 56082.24459 21.65000 299 0.00926 1.23938 g -1
723 252.56770 40.55000 56082.24818 21.65000 299 0.00925 1.08415 g -1
478 219.61711 4.55000 56082.25177 21.65000 299 0.00913 1.15014 g -1
377 231.13317 -9.85000 56082.25536 21.65000 299 0.00904 1.37531 g -1
530 222.10044 11.75000 56082.25894 21.65000 299 0.00875 1.08346 g -1
376 224.06350 -9.85000 56082.26253 21.65000 299 0.00826 1.38315 g -1
727 287.03496 40.55000 56082.26612 21.65000 299 0.00739 1.38785 g -1
534 250.00089 11.75000 56082.26971 21.65000 299 0.00679 1.11784 g -1
685 290.41607 33.35000 56082.27330 21.65000 299 0.00676 1.44216 g -1
636 270.80800 26.15000 56082.27688 21.65000 299 0.00667 1.16772 g -1
637 278.28971 26.15000 56082.28047 21.65000 299 0.00645 1.23999 g -1
638 285.77143 26.15000 56082.28406 21.65000 299 0.00635 1.33336 g -1
764 273.14738 47.75000 56082.28765 21.65000 299 0.00604 1.14197 g -1
765 282.92208 47.75000 56082.29124 21.65000 299 0.00490 1.21225 g -1
586 259.84737 18.95000 56082.29482 21.65000 299 0.00454 1.07348 g -1
375 216.99383 -9.85000 56082.29841 21.65000 299 0.00434 1.55861 g -1
430 241.88000 -2.65000 56082.30200 21.65000 299 0.00396 1.23836 g -1
482 246.98422 4.55000 56082.30559 21.65000 299 0.00394 1.14164 g -1
326 227.40348 -17.05000 56082.30918 21.65000 299 0.00356 1.69901 g -1
426 213.52000 -2.65000 56082.31276 21.65000 299 0.00350 1.52463 g -1
763 263.37269 47.75000 56082.31635 21.65000 299 0.00336 1.04867 g -1
374 209.92417 -9.85000 56082.31994 21.65000 299 0.00314 1.91262 g -1
581 223.50463 18.95000 56082.32353 21.65000 299 0.00310 1.15134 g -1
325 220.37278 -17.05000 56082.32712 21.65000 299 0.00238 1.98420 g -1
766 292.69677 47.75000 56082.33070 21.65000 299 0.00215 1.17255 g -1
678 235.44307 33.35000 56082.33429 21.65000 299 0.00209 1.04897 g -1
728 295.65178 40.55000 56082.33788 21.65000 299 0.00206 1.16445 g -1
535 256.97600 11.75000 56082.34147 21.65000 299 0.00193 1.07633 g -1
722 243.95089 40.55000 56082.34506 21.65000 299 0.00167 1.03503 g -1
587 267.11592 18.95000 56082.34864 21.65000 299 0.00149 1.03628 g -1
1579 241.34000 15.35000 56082.35223 21.65000 299 0.00137 1.11843 g -1
1628 236.19677 22.55000 56082.35582 21.65000 299 0.00137 1.12192 g -1
1677 245.86650 29.75000 56082.35941 21.65000 299 0.00136 1.04660 g -1
1474 234.01554 0.95000 56082.36300 21.65000 299 0.00125 1.40740 g -1
1629 243.46476 22.55000 56082.36658 21.65000 299 0.00124 1.09698 g -1
1578 234.32714 15.35000 56082.37017 21.65000 299 0.00124 1.24356 g -1
1422 230.41824 -6.25000 56082.37376 21.65000 299 0.00122 1.74554 g -1
639 293.25314 26.15000 56082.37735 21.65000 299 0.00120 1.06221 g -1
1526 230.65100 8.15000 56082.38094 21.65000 299 0.00115 1.45877 g -1
1678 253.52600 29.75000 56082.38452 21.65000 299 0.00111 1.05345 g -1
1722 255.10475 36.95000 56082.38811 21.65000 299 0.00103 1.04786 g -1
1577 227.31429 15.35000 56082.39170 21.65000 299 0.00101 1.50595 g -1
1527 237.63300 8.15000 56082.39529 21.65000 299 0.00098 1.42272 g -1
483 253.82600 4.55000 56082.39888 21.65000 299 0.00098 1.26262 g -1
1723 263.36541 36.95000 56082.40246 21.65000 299 0.00098 1.03500 g -1
1630 250.78086 22.55000 56082.40605 21.65000 299 0.00095 1.15262 g -1
589 281.65302 18.95000 56082.40964 21.65000 299 0.00094 1.03294 g -1
762 253.59800 47.75000 56082.41323 21.65000 299 0.00093 1.12844 g -1
1679 261.36518 29.75000 56082.41682 21.65000 299 0.00093 1.07484 g -1
630 225.91771 26.15000 56082.42040 21.65000 299 0.00091 1.67264 g -1
1724 271.73193 36.95000 56082.42399 21.65000 299 0.00084 1.03279 g -1
588 274.38447 18.95000 56082.42758 21.65000 299 0.00076 1.06524 g -1
1580 248.35286 15.35000 56082.43117 21.65000 299 0.00073 1.36355 g -1
1680 268.85396 29.75000 56082.43476 21.65000 299 0.00072 1.06874 g -1
1764 275.47369 44.15000 56082.43834 21.65000 299 0.00070 1.05166 g -1
767 302.47146 47.75000 56082.44193 21.65000 299 0.00066 1.03714 g -1
1725 280.09844 36.95000 56082.44552 21.65000 299 0.00064 1.03065 g -1
1681 276.50450 29.75000 56082.44911 21.65000 299 0.00063 1.05512 g -1
1676 238.20700 29.75000 56082.45269 21.65000 299 0.00059 1.60328 g -1
1763 266.22662 44.15000 56082.45628 21.65000 299 0.00059 1.13925 g -1
536 263.95111 11.75000 56082.45987 21.65000 299 0.00054 1.32024 g -1
1682 284.16400 29.75000 56082.46346 21.65000 299 0.00052 1.04317 g -1
590 288.92157 18.95000 56082.46705 21.65000 299 0.00047 1.06392 g -1
