537 270.92622 11.75000 56130.16486 21.65000 299 0.11664 1.20171 g -1
486 274.35133 4.55000 56130.16845 21.65000 299 0.08319 1.31287 g -1
587 267.11592 18.95000 56130.17204 21.65000 299 0.05016 1.09686 g -1
588 274.38447 18.95000 56130.17562 21.65000 299 0.01863 1.14009 g -1
536 263.95111 11.75000 56130.17921 21.65000 299 0.01754 1.11417 g -1
538 277.90133 11.75000 56130.18280 21.65000 299 0.01550 1.20657 g -1
485 267.50956 4.55000 56130.18639 21.65000 299 0.00925 1.19129 g -1
435 277.33000 -2.65000 56130.18998 21.65000 299 0.00788 1.37566 g -1
635 263.32629 26.15000 56130.19356 21.65000 299 0.00677 1.02040 g -1
636 270.80800 26.15000 56130.19715 21.65000 299 0.00663 1.04027 g -1
1532 272.61597 8.15000 56130.20074 21.65000 299 0.00570 1.15128 g -1
586 259.84737 18.95000 56130.20433 21.65000 299 0.00555 1.03362 g -1
487 281.19311 4.55000 56130.20792 21.65000 299 0.00467 1.23440 g -1
1583 269.39143 15.35000 56130.21150 21.65000 299 0.00435 1.06493 g -1
725 269.80133 40.55000 56130.21509 21.65000 299 0.00257 1.01591 g -1
764 273.14738 47.75000 56130.21868 21.65000 299 0.00229 1.04358 g -1
682 266.85621 33.35000 56130.22227 21.65000 299 0.00221 1.00127 g -1
799 291.09099 54.95000 56130.22586 21.65000 299 0.00197 1.13659 g -1
828 300.00000 62.15000 56130.22944 21.65000 299 0.00189 1.23515 g -1
726 278.41815 40.55000 56130.23303 21.65000 299 0.00176 1.02022 g -1
765 282.92208 47.75000 56130.23662 21.65000 299 0.00174 1.05142 g -1
798 279.99351 54.95000 56130.24021 21.65000 299 0.00171 1.08421 g -1
683 274.70950 33.35000 56130.24380 21.65000 299 0.00169 1.00133 g -1
827 286.66667 62.15000 56130.24738 21.65000 299 0.00166 1.15690 g -1
1582 262.37857 15.35000 56130.25097 21.65000 299 0.00156 1.06927 g -1
1480 275.78108 0.95000 56130.25456 21.65000 299 0.00146 1.18444 g -1
537 270.92622 11.75000 56130.25525 21.65000 299 0.11664 1.07828 r -1
486 274.35133 4.55000 56130.25884 21.65000 299 0.08319 1.14194 r -1
587 267.11592 18.95000 56130.26243 21.65000 299 0.05016 1.04749 r -1
588 274.38447 18.95000 56130.26602 21.65000 299 0.01863 1.03537 r -1
536 263.95111 11.75000 56130.26961 21.65000 299 0.01754 1.11606 r -1
538 277.90133 11.75000 56130.27319 21.65000 299 0.01550 1.07762 r -1
485 267.50956 4.55000 56130.27678 21.65000 299 0.00925 1.18223 r -1
435 277.33000 -2.65000 56130.28037 21.65000 299 0.00788 1.24554 r -1
635 263.32629 26.15000 56130.28396 21.65000 299 0.00677 1.06854 r -1
636 270.80800 26.15000 56130.28755 21.65000 299 0.00663 1.03891 r -1
1532 272.61597 8.15000 56130.29113 21.65000 299 0.00570 1.14372 r -1
586 259.84737 18.95000 56130.29472 21.65000 299 0.00555 1.15629 r -1
487 281.19311 4.55000 56130.29831 21.65000 299 0.00467 1.15648 r -1
1583 269.39143 15.35000 56130.30190 21.65000 299 0.00435 1.12549 r -1
725 269.80133 40.55000 56130.30548 21.65000 299 0.00257 1.06518 r -1
764 273.14738 47.75000 56130.30907 21.65000 299 0.00229 1.07633 r -1
682 266.85621 33.35000 56130.31266 21.65000 299 0.00221 1.09711 r -1
799 291.09099 54.95000 56130.31625 21.65000 299 0.00197 1.07903 r -1
828 300.00000 62.15000 56130.31984 21.65000 299 0.00189 1.14163 r -1
726 278.41815 40.55000 56130.32342 21.65000 299 0.00176 1.05496 r -1
765 282.92208 47.75000 56130.32701 21.65000 299 0.00174 1.06373 r -1
798 279.99351 54.95000 56130.33060 21.65000 299 0.00171 1.11980 r -1
683 274.70950 33.35000 56130.33419 21.65000 299 0.00169 1.09650 r -1
827 286.66667 62.15000 56130.33778 21.65000 299 0.00166 1.16822 r -1
1582 262.37857 15.35000 56130.34136 21.65000 299 0.00156 1.37922 r -1
1480 275.78108 0.95000 56130.34495 21.65000 299 0.00146 1.39173 r -1
