580 216.23608 18.95000 55939.43078 21.65000 299 0.00370 1.99454 g -1
629 218.43600 26.15000 55939.43436 21.65000 299 0.00205 1.85874 g -1
677 227.58979 33.35000 55939.43795 21.65000 299 0.00811 2.05180 g -1
529 215.12533 11.75000 55939.44154 21.65000 299 0.00478 1.96180 g -1
630 225.91771 26.15000 55939.44513 21.65000 299 0.00950 2.02316 g -1
581 223.50463 18.95000 55939.44872 21.65000 299 0.00627 2.03482 g -1
721 235.33407 40.55000 55939.45230 21.65000 299 0.00235 2.00595 g -1
720 226.71726 40.55000 55939.45589 21.65000 299 0.00196 1.65869 g -1
477 212.77533 4.55000 55939.45948 21.65000 299 0.00162 1.80089 g -1
760 234.04862 47.75000 55939.46307 21.65000 299 0.00141 1.72163 g -1
676 219.73650 33.35000 55939.46666 21.65000 299 0.00069 1.45269 g -1
530 222.10044 11.75000 55939.47024 21.65000 299 0.00059 1.81387 g -1
476 205.93356 4.55000 55939.47383 21.65000 299 0.00052 1.46897 g -1
1626 221.37928 22.55000 55939.47742 21.65000 299 0.00051 1.50976 g -1
794 235.60357 54.95000 55939.48101 21.65000 299 0.00050 1.56880 g -1
301 51.20061 -17.05000 55940.08304 21.65000 299 0.04788 1.78280 g -1
302 58.28254 -17.05000 55940.08663 21.65000 299 0.02026 1.91327 g -1
351 47.49593 -9.85000 55940.09021 21.65000 299 0.01913 1.46146 g -1
352 54.54511 -9.85000 55940.09380 21.65000 299 0.01058 1.53072 g -1
300 44.11868 -17.05000 55940.09739 21.65000 299 0.00562 1.62026 g -1
402 43.87981 -2.65000 55940.10098 21.65000 299 0.00505 1.26187 g -1
251 45.51882 -24.25000 55940.10457 21.65000 299 0.00436 1.92300 g -1
252 52.91189 -24.25000 55940.10815 21.65000 299 0.03875 2.00390 g -1
1294 55.64929 -20.65000 55940.11174 21.65000 299 0.00363 1.83951 g -1
403 50.90865 -2.65000 55940.11533 21.65000 299 0.00361 1.27132 g -1
350 40.44674 -9.85000 55940.11892 21.65000 299 0.00288 1.37147 g -1
299 37.03675 -17.05000 55940.12251 21.65000 299 0.00228 1.57009 g -1
253 60.30496 -24.25000 55940.12609 21.65000 299 0.04517 2.01992 g -1
452 40.29352 4.55000 55940.12968 21.65000 299 0.00160 1.14158 g -1
1344 53.87329 -13.45000 55940.13327 21.65000 299 0.00129 1.48623 g -1
401 36.85096 -2.65000 55940.13686 21.65000 299 0.00125 1.24916 g -1
349 33.39756 -9.85000 55940.14045 21.65000 299 0.00124 1.41255 g -1
453 47.30440 4.55000 55940.14403 21.65000 299 0.00090 1.14077 g -1
254 67.69804 -24.25000 55940.14762 21.65000 299 0.00097 2.01380 g -1
1343 46.93607 -13.45000 55940.15121 21.65000 299 0.00088 1.46305 g -1
1396 50.24237 -6.25000 55940.15480 21.65000 299 0.00079 1.29764 g -1
1293 48.41607 -20.65000 55940.15839 21.65000 299 0.00066 1.70723 g -1
250 38.12575 -24.25000 55940.16197 21.65000 299 0.00059 1.97561 g -1
400 29.82212 -2.65000 55940.16556 21.65000 299 0.00049 1.37666 g -1
301 51.20061 -17.05000 55940.16626 21.65000 299 0.04788 1.57427 r -1
253 60.30496 -24.25000 55940.16984 21.65000 299 0.04517 1.86896 r -1
252 52.91189 -24.25000 55940.17343 21.65000 299 0.03875 1.87724 r -1
302 58.28254 -17.05000 55940.17702 21.65000 299 0.02026 1.56859 r -1
351 47.49593 -9.85000 55940.18061 21.65000 299 0.01913 1.41547 r -1
352 54.54511 -9.85000 55940.18420 21.65000 299 0.01058 1.38559 r -1
300 44.11868 -17.05000 55940.18778 21.65000 299 0.00562 1.68922 r -1
402 43.87981 -2.65000 55940.19137 21.65000 299 0.00505 1.32673 r -1
1294 55.64929 -20.65000 55940.19496 21.65000 299 0.00363 1.73956 r -1
403 50.90865 -2.65000 55940.19855 21.65000 299 0.00361 1.29110 r -1
350 40.44674 -9.85000 55940.20214 21.65000 299 0.00288 1.58587 r -1
299 37.03675 -17.05000 55940.20572 21.65000 299 0.00228 1.96663 r -1
452 40.29352 4.55000 55940.20931 21.65000 299 0.00160 1.32113 r -1
1344 53.87329 -13.45000 55940.21290 21.65000 299 0.00129 1.55908 r -1
401 36.85096 -2.65000 55940.21649 21.65000 299 0.00125 1.56212 r -1
349 33.39756 -9.85000 55940.22008 21.65000 299 0.00124 1.92659 r -1
254 67.69804 -24.25000 55940.22366 21.65000 299 0.00097 1.89803 r -1
453 47.30440 4.55000 55940.22725 21.65000 299 0.00090 1.31429 r -1
1343 46.93607 -13.45000 55940.23084 21.65000 299 0.00088 1.78687 r -1
1396 50.24237 -6.25000 55940.23443 21.65000 299 0.00079 1.51992 r -1
676 219.73650 33.35000 55940.41383 21.65000 299 0.00069 2.04587 r -1
629 218.43600 26.15000 55940.42100 21.65000 299 0.00205 2.03585 r -1
580 216.23608 18.95000 55940.42459 21.65000 299 0.00370 2.05937 r -1
720 226.71726 40.55000 55940.42818 21.65000 299 0.00196 1.96837 r -1
