0.4521157556 6.8229331858e-02 47.8397377770
0.4557037185 1.2946343200e-01 94.8926377617
0.4592916815 1.7527359976e-01 142.0504494520
0.4628796445 2.1608308502e-01 189.1033494366
0.4664676074 2.5562229154e-01 236.8906313609
0.4700555704 2.9005588854e-01 283.9435313455
0.4736435334 3.2643059967e-01 331.1537988886
0.4772314963 3.5692913000e-01 378.9935366657
0.4808194593 3.8131220239e-01 423.1613647449
0.4844074223 4.0718596524e-01 468.4307657335
0.4879953852 4.3180305678e-01 515.4836657181
0.4915833482 4.5350430792e-01 562.1169188802
0.4951713112 4.6950542684e-01 608.8550837479
0.4987592741 4.8532496067e-01 653.0229118271
0.5023472371 5.0108515697e-01 698.8693271968
0.5059352000 5.1537556626e-01 746.6566091210
0.5095231630 5.2893758803e-01 793.7619649585
0.5131111260 5.4222773132e-01 841.0771442072
0.5166990889 5.5521837065e-01 885.1925164337
0.5202870519 5.6641954514e-01 930.5143732751
0.5238750149 5.7730404928e-01 978.2491993464
0.5274629778 5.8824488368e-01 1025.4594668896
0.5310509408 5.9797102441e-01 1072.0402641988
0.5346389038 6.0767036268e-01 1117.2572093345
0.5382268667 6.1600639917e-01 1164.4674768777
0.5418148297 6.2412907021e-01 1211.5203768623
0.5454027927 6.3175191774e-01 1257.9962624659
0.5489907556 6.3937461082e-01 1305.2589858618
0.5525787186 6.4462571314e-01 1349.6890932052
0.5561666816 6.5030968249e-01 1395.6928761333
0.5597546445 6.5587470325e-01 1398.7353155972
0.5633426075 6.6122626006e-01 1445.7882155819
0.5669305705 6.6563373059e-01 1449.0404784571
0.5705185334 6.6968284647e-01 1495.1491730909
0.5741064964 6.7351430496e-01 1541.2578677247
0.5776944593 6.7724452889e-01 1587.5239299169
0.5812824223 6.8033951149e-01 1633.6850804035
0.5848703853 6.8333370751e-01 1681.4199064749
0.5884583482 6.8622381372e-01 1683.5181405879
0.5920463112 6.8893054476e-01 1731.1480549537
0.5956342742 6.9159540313e-01 1778.3058666440
0.5992222371 6.9415935862e-01 1825.3587666286
0.6028102001 6.9661839609e-01 1871.3625495568
0.6063981631 6.9865171199e-01 1874.5099007263
0.6099861260 7.0064115235e-01 1876.5556789865
0.6135740890 7.0248553626e-01 1878.6014572467
0.6171620520 7.0401528793e-01 1922.8217411788
0.6207500149 7.0563953437e-01 1968.1435980202
0.6243379779 7.0734924087e-01 2014.2522926540
0.6279259409 7.0902507207e-01 2061.3051926386
0.6315139038 7.1059996166e-01 2064.5049996610
0.6351018668 7.1216462071e-01 2067.1802481551
0.6386898297 7.1360273614e-01 2113.9708688756
0.6422777927 7.1500752799e-01 2116.0166471358
0.6458657557 7.1649609734e-01 2161.2860481244
0.6494537186 7.1768044407e-01 2205.1391410867
0.6530416816 7.1879653236e-01 2251.3002915733
0.6566296446 7.1984741735e-01 2295.7303989167
0.6602176075 7.2082821100e-01 2298.1433681467
0.6638055705 7.2173100368e-01 2344.2520627804
0.6673935335 7.2251030218e-01 2389.5739196218
0.6709814964 7.2342541842e-01 2391.9344329990
0.6745694594 7.2429630586e-01 2394.0326671120
0.6781574224 7.2508692451e-01 2396.3407246364
0.6817453853 7.2582375757e-01 2443.4460804738
0.6853333483 7.2655317951e-01 2446.1737848208
0.6860277927 7.2655317951e-01 2446.1737848208
0.6896157557 7.2655317951e-01 2446.1737848208
0.6932037187 7.2655317951e-01 2446.1737848208
0.6967916816 7.2655317951e-01 2446.1737848208
0.7003796446 7.2655317951e-01 2446.1737848208
0.7039676076 7.2655317951e-01 2446.1737848208
0.7075555705 7.2655317951e-01 2446.1737848208
0.7111435335 7.2655317951e-01 2446.1737848208
0.7147314965 7.2655317951e-01 2446.1737848208
0.7183194594 7.2655317951e-01 2446.1737848208
0.7219074224 7.2655317951e-01 2446.1737848208
0.7254953854 7.2655317951e-01 2446.1737848208
0.7290833483 7.2655317951e-01 2446.1737848208
0.7326713113 7.2655317951e-01 2446.1737848208
0.7362592743 7.2655317951e-01 2446.1737848208
0.7398472372 7.2655317951e-01 2446.1737848208
0.7434352002 7.2655317951e-01 2446.1737848208
0.7470231631 7.2655317951e-01 2446.1737848208
0.7506111261 7.2655317951e-01 2446.1737848208
0.7541990891 7.2655317951e-01 2446.1737848208
0.7577870520 7.2655317951e-01 2446.1737848208
0.7613750150 7.2655317951e-01 2446.1737848208
0.7649629780 7.2655317951e-01 2446.1737848208
0.7685509409 7.2655317951e-01 2446.1737848208
0.7721389039 7.2655317951e-01 2446.1737848208
0.7757268669 7.2655317951e-01 2446.1737848208
0.7793148298 7.2655317951e-01 2446.1737848208
0.7829027928 7.2655317951e-01 2446.1737848208
0.7864907558 7.2655317951e-01 2446.1737848208
0.7900787187 7.2655317951e-01 2446.1737848208
0.7936666817 7.2655317951e-01 2446.1737848208
0.7972546447 7.2655317951e-01 2446.1737848208
0.8008426076 7.2655317951e-01 2446.1737848208
0.8044305706 7.2655317951e-01 2446.1737848208
0.8080185335 7.2655317951e-01 2446.1737848208
0.8116064965 7.2655317951e-01 2446.1737848208
