0.1598518094 4.0165991386e-03 47.2627233960
0.1634397724 8.1152720698e-03 94.4729909391
0.1670277353 1.1645809948e-02 142.2602728633
0.1706156983 1.4572515519e-02 186.6903802067
0.1742036613 1.7789476930e-02 233.3760892215
0.1777916242 2.0619049598e-02 279.4847838553
0.1813795872 2.3261981516e-02 327.0622423682
0.1849675502 2.5901630505e-02 373.0135694435
0.1885555131 2.8511993655e-02 418.2305145793
0.1921434761 3.2059348086e-02 465.5456938281
0.1957314390 3.4553927058e-02 512.5985938127
0.1993194020 3.6727716008e-02 559.7039496502
0.2029073650 3.8892281912e-02 607.2814081631
0.2064953279 4.1251990496e-02 649.1411787180
0.2100832909 4.3338562975e-02 692.9942716803
0.2136712539 4.5384873944e-02 739.1029663141
0.2172592168 4.7368098401e-02 786.9951599439
0.2208471798 4.9282974890e-02 832.2645609325
0.2244351428 5.1185652839e-02 878.4257114191
0.2280231057 5.2823858709e-02 920.2854819740
0.2316110687 5.5115777670e-02 967.4432936643
0.2351990317 5.8075775096e-02 1015.0732080301
0.2387869946 6.2150114152e-02 1060.3426090187
0.2423749576 6.3789760370e-02 1107.5528765618
0.2459629206 6.5414328407e-02 1154.6057765464
0.2495508835 6.6961411954e-02 1201.7635882367
0.2531388465 6.8799659067e-02 1249.1312233383
0.2567268094 7.0400871692e-02 1296.1841233230
0.2603147724 7.1819405766e-02 1342.2403621040
0.2639027354 7.3227414985e-02 1386.6704694473
0.2674906983 7.4875081094e-02 1434.3003838131
0.2710786613 7.6258331453e-02 1482.3499450014
0.2746666243 7.7435837546e-02 1525.4162001713
0.2782545872 8.0610934575e-02 1572.4691001559
0.2818425502 8.1901605166e-02 1617.7909569973
0.2854305132 8.4402067061e-02 1664.3717543066
0.2890184761 8.7514261055e-02 1712.1590362308
0.2926064391 8.9306895018e-02 1759.2119362154
0.2961944021 9.3211194390e-02 1806.2648362001
0.2997823650 9.4453788287e-02 1853.4751037432
0.3033703280 9.5682959373e-02 1900.5280037279
0.3069582910 1.0237501008e-01 1947.7382712710
0.3105462539 1.0589234847e-01 1994.6862595500
0.3141342169 1.0778435203e-01 2041.8965270931
0.3177221799 1.1274057985e-01 2088.9494270778
0.3213101428 1.1397404837e-01 2132.0156822477
0.3248981058 1.1804965429e-01 2179.1734939380
0.3284860687 1.2656675210e-01 2226.0165705113
0.3320740317 1.3013475822e-01 2273.0694704960
0.3356619947 1.3584785785e-01 2320.1223704806
0.3392499576 1.3742258815e-01 2367.1752704653
0.3428379206 1.4069332984e-01 2414.2281704499
0.3464258836 1.4973661061e-01 2461.7007172572
0.3500138465 1.5634861228e-01 2507.8094118910
0.3536018095 1.5756198759e-01 2555.0196794341
0.3571897725 1.6294897495e-01 2602.0725794187
0.3607777354 1.6420824105e-01 2649.4402145204
0.3643656984 1.7194338111e-01 2695.6013650070
0.3679536614 1.7941223379e-01 2743.4411027840
0.3715416243 1.8178737538e-01 2790.4940027687
0.3751295873 1.8543822912e-01 2837.5469027533
0.3787175503 1.8679942746e-01 2884.6522585908
0.3823055132 1.8906575706e-01 2931.7051585754
0.3858934762 1.9604754751e-01 2977.8663090620
0.3894814392 2.0112037326e-01 3025.4962234278
0.3930694021 2.0593369788e-01 3072.7589468237
0.3966573651 2.0908243306e-01 3119.8118468084
0.4002453280 2.1084583522e-01 3166.8647467930
0.4038332910 2.1678976938e-01 3213.0258972796
0.4074212540 2.2088731508e-01 3260.0263414115
0.4110092169 2.2698867392e-01 3305.6629333698
0.4145971799 2.2898085623e-01 3352.7158333545
0.4181851429 2.3076803639e-01 3398.6147045770
0.4217731058 2.3227241097e-01 3445.8249721201
0.4253610688 2.3833462259e-01 3491.4615640785
0.4289490318 2.4264962260e-01 3537.6227145651
0.4325369947 2.4504709491e-01 3584.8329821082
0.4361249577 2.4729974573e-01 3631.8858820928
0.4397129207 2.4966858782e-01 3679.0436937831
0.4433008836 2.5226831256e-01 3725.2048442698
0.4468888466 2.5707126902e-01 3770.8414362281
0.4504768096 2.5950380635e-01 3818.6811740052
0.4540647725 2.6214095854e-01 3865.7340739898
0.4576527355 2.6388912913e-01 3912.7345181216
0.4612406985 2.6663676118e-01 3958.8956686082
0.4648286614 2.6982611715e-01 4006.6829505325
0.4684166244 2.7323313315e-01 4052.3195424908
0.4720045873 2.7455680695e-01 4099.3724424755
0.4755925503 2.7587056020e-01 4146.4253424601
0.4791805133 2.7709663400e-01 4193.4782424448
0.4827684762 2.8056510397e-01 4239.6393929314
0.4863564392 2.8380072131e-01 4285.3808965954
0.4899444022 2.8525516434e-01 4332.6436199913
0.4935323651 2.8647558803e-01 4379.8538875345
0.4971203281 2.8866475991e-01 4427.9559045756
0.5007082911 2.9043865456e-01 4474.1170550623
0.5042962540 2.9159608391e-01 4521.8518811336
0.5078842170 2.9538430614e-01 4567.4360172392
0.5114721800 2.9649694274e-01 4614.4889172238
0.5150601429 3.0101738773e-01 4661.5418172085
0.5186481059 3.0211356371e-01 4708.5947171931
0.5222360689 3.0313646242e-01 4755.5427054721
0.5258240318 3.0647637807e-01 4801.2842091361
0.5294119948 3.0742714908e-01 4848.2846532680
0.5329999578 3.0830336574e-01 4895.3375532526
0.5365879207 3.0928621073e-01 4942.1806298260
0.5401758837 3.1010442859e-01 4988.0270451956
0.5437638466 3.1091840042e-01 5034.4504749464
0.5473518096 3.1164944693e-01 5081.3984632254
0.5509397726 3.1235100046e-01 5127.7169812704
0.5545277355 3.1304803739e-01 5173.9305876099
0.5581156985 3.1375300776e-01 5221.1408551530
0.5617036615 3.1469290568e-01 5267.6691966094
0.5652916244 3.1531629131e-01 5314.9843758582
0.5688795874 3.1593688892e-01 5360.6209678165
0.5724675504 3.1656519626e-01 5408.3557938879
0.5760555133 3.1715399153e-01 5454.6743119330
0.5796434763 3.1773619811e-01 5458.6609567478
0.5832314393 3.1822197276e-01 5462.3853222984
0.5868194022 3.1870597541e-01 5465.6900410264
0.5904073652 3.1918497875e-01 5512.0085590715
0.5939953282 3.1965059832e-01 5556.9107690903
0.5975832911 3.2010918300e-01 5603.0719195769
0.6011712541 3.2055126863e-01 5648.7609673881
0.6047592171 3.2097620932e-01 5696.5482493123
0.6083471800 3.2137897076e-01 5744.1781636781
0.6119351430 3.2177529559e-01 5789.9721231949
0.6155231059 3.2214403140e-01 5835.8185385645
0.6191110689 3.2332371887e-01 5881.9796890512
0.6226990319 3.2367948072e-01 5885.5991428961
0.6262869948 3.2403435034e-01 5931.2357348545
0.6298749578 3.2437003822e-01 5935.4846589334
0.6334629208 3.2467651489e-01 5981.2786184502
0.6370508837 3.2498927628e-01 6028.3839742877
0.6406388467 3.2524808674e-01 6032.5279866609
0.6442268097 3.2548698263e-01 6035.1507793022
0.6478147726 3.2570706669e-01 6082.4659585510
