0.6897385937 1.3782762363e-02 47.0004441318
0.6933265567 2.3484401960e-02 93.1615946184
0.6969145196 3.4326746038e-02 140.4243180144
0.7005024826 3.8491100124e-02 186.5854685010
0.7040904456 4.2359226253e-02 233.5334567800
0.7076784085 4.5789674991e-02 280.5863567647
0.7112663715 4.7614581026e-02 324.4394497269
0.7148543345 5.6555437498e-02 371.7546289757
0.7184422974 5.8176231856e-02 417.8633236095
0.7220302604 5.9179686059e-02 465.2309587111
0.7256182234 6.0073888178e-02 513.4378874579
0.7292061863 6.0924068150e-02 516.3229593633
0.7327941493 7.3789965455e-02 563.4807710536
0.7363821122 7.4586812039e-02 610.5861268911
0.7399700752 7.7489579973e-02 617.9824021395
0.7435580382 7.8169776124e-02 664.0910967733
0.7471460011 7.8754349302e-02 710.7243499354
0.7507339641 7.9342905958e-02 752.5841204903
0.7543219271 9.1343898545e-02 794.0242442226
0.7579098900 9.1815698143e-02 835.8840147775
0.7614978530 9.2342742818e-02 880.3141221209
0.7650858160 9.2716490894e-02 883.9335759658
0.7686737789 1.0868644805e-01 908.3255475298
0.7722617419 1.1041157662e-01 955.5882709257
0.7758497049 1.1075460068e-01 1003.4280087028
0.7794376678 1.1248155981e-01 1009.7751668947
0.7830256308 1.1276171771e-01 1012.5028712416
0.7866135938 1.1302098078e-01 1059.5557712263
0.7902015567 1.2925080820e-01 1083.8428310846
0.7937895197 1.2945787489e-01 1128.3778501336
0.7973774827 1.2964574799e-01 1175.4307501182
0.8009654456 1.2982714920e-01 1178.9977481104
0.8045534086 1.3000786640e-01 1220.8575186653
0.8081413715 1.3018722499e-01 1266.9662132991
0.8117293345 1.3035878526e-01 1273.1560039325
0.8153172975 1.3050521266e-01 1320.2089039172
0.8189052604 1.3064791642e-01 1367.2618039018
0.8224932234 1.3077645321e-01 1411.9541905093
0.8231876679 1.3077645321e-01 1411.9541905093
0.8267756308 1.3077645321e-01 1411.9541905093
0.8303635938 1.3077645321e-01 1411.9541905093
0.8339515567 1.3077645321e-01 1411.9541905093
0.8375395197 1.3077645321e-01 1411.9541905093
0.8411274827 1.3077645321e-01 1411.9541905093
0.8447154456 1.3077645321e-01 1411.9541905093
0.8483034086 1.3077645321e-01 1411.9541905093
0.8518913716 1.3077645321e-01 1411.9541905093
0.8554793345 1.3077645321e-01 1411.9541905093
0.8590672975 1.3077645321e-01 1411.9541905093
0.8626552605 1.3077645321e-01 1411.9541905093
0.8662432234 1.3077645321e-01 1411.9541905093
0.8698311864 1.3077645321e-01 1411.9541905093
0.8734191494 1.3077645321e-01 1411.9541905093
0.8770071123 1.3077645321e-01 1411.9541905093
0.8805950753 1.3077645321e-01 1411.9541905093
0.8841830383 1.3077645321e-01 1411.9541905093
0.8877710012 1.3077645321e-01 1411.9541905093
0.8913589642 1.3077645321e-01 1411.9541905093
0.8949469272 1.3077645321e-01 1411.9541905093
0.8985348901 1.3077645321e-01 1411.9541905093
0.9021228531 1.3077645321e-01 1411.9541905093
0.9057108160 1.3077645321e-01 1411.9541905093
