321 192.25000 -17.05000 56012.25003 21.65000 299 0.15428 2.03862 g -1
1313 192.08329 -20.65000 56012.26797 21.65000 299 0.03204 2.03363 g -1
322 199.28070 -17.05000 56012.27155 21.65000 299 0.04134 2.01437 g -1
1314 199.24102 -20.65000 56012.28949 21.65000 299 0.02813 2.01732 g -1
271 192.25000 -24.25000 56012.29667 21.65000 299 0.31018 2.01618 g -1
272 199.53543 -24.25000 56012.31820 21.65000 299 0.42694 2.00795 g -1
272 199.53543 -24.25000 56012.31889 21.65000 299 0.42694 2.00387 r -1
271 192.25000 -24.25000 56012.32248 21.65000 299 0.31018 1.90383 r -1
321 192.25000 -17.05000 56012.32607 21.65000 299 0.15428 1.58950 r -1
322 199.28070 -17.05000 56012.32966 21.65000 299 0.04134 1.62746 r -1
1313 192.08329 -20.65000 56012.33324 21.65000 299 0.03204 1.71305 r -1
1314 199.24102 -20.65000 56012.33683 21.65000 299 0.02813 1.74586 r -1
