0.2116898149 2.0658764036e-04 46.7381648677
0.2188657409 5.0536737972e-04 94.5254467919
0.2260416668 1.4105801061e-03 141.5783467766
0.2296296298 3.1911197297e-03 189.3656287008
0.2332175927 6.0353584996e-03 235.2120440704
0.2368055557 6.6041295782e-03 282.2649440551
0.2403935187 1.0402437276e-02 327.5868008965
0.2439814816 1.7536748180e-02 374.3774216170
0.2475694446 3.0047290654e-02 421.5352333073
0.2511574075 3.3939200059e-02 469.1651476730
0.2547453705 5.0276425630e-02 515.1689306012
0.2583333335 5.5880488672e-02 562.3791981443
0.2619212964 7.2858909168e-02 607.7010549857
0.2655092594 8.2059179174e-02 654.9113225288
0.2690972224 9.4046862586e-02 702.2265017776
0.2726851853 9.9176357359e-02 750.4858863773
0.2762731483 1.1214120111e-01 796.5945810110
0.2798611113 1.1359667978e-01 843.6474809957
0.2834490742 1.1499961890e-01 890.9626602445
0.2870370372 1.1583674014e-01 893.1658060632
0.2906250002 1.1648705767e-01 895.4738635875
0.2942129631 1.1695513401e-01 939.6416916667
0.2978009261 1.1746168158e-01 942.0022050439
0.3013888891 1.2030690217e-01 949.5033919980
0.3049768520 1.2185314576e-01 953.3326692542
0.3085648150 1.2222639600e-01 955.5882709257
0.3121527780 1.2436947636e-01 1002.6411709104
0.3157407409 1.2469859657e-01 1004.6869491706
0.3193287039 1.2498236243e-01 1007.3097418119
0.3229166668 1.2522976686e-01 1054.3626417965
0.3265046298 1.2558482422e-01 1101.8351886038
