0.0000000000 3.2497430338e-02 46.1611504866
0.0035879630 7.2658034190e-02 94.4729909391
0.0071759259 8.4225289891e-02 133.2378661773
0.0107638889 9.8852150711e-02 180.5530454261
0.0143518519 1.1138993992e-01 227.8682246748
0.0179398148 1.2494960462e-01 275.1834039236
0.0215277778 1.3626504704e-01 322.9182299950
0.0251157408 1.4543611076e-01 369.7088507155
0.0287037037 1.5373199704e-01 416.5519272889
0.0322916667 1.6141054623e-01 461.5065931605
0.0358796296 1.6766798012e-01 503.3139078626
0.0394675926 1.7214066843e-01 547.1145449720
0.0430555556 1.7573643016e-01 589.8136091721
0.0466435185 1.8020652559e-01 633.4044228703
0.0502314815 1.8404114975e-01 679.0410148287
0.0538194445 1.8696955294e-01 724.8874301983
0.0574074074 1.8974293505e-01 772.6222562697
0.0609953704 1.9140141499e-01 800.1091231504
0.0645833334 1.9201026626e-01 843.6999368485
0.0681712963 1.9310375905e-01 845.7981709616
0.0717592593 1.9413243061e-01 892.1166890066
0.0753472223 1.9511149947e-01 939.1695889913
0.0789351852 1.9589819129e-01 983.1275936592
0.0825231482 1.9656999753e-01 985.1209160666
0.0861111112 1.9738381008e-01 1026.6659515046
0.0896990741 1.9807358642e-01 1030.0231260854
0.0932870371 1.9870033705e-01 1032.2787277569
0.0968750001 1.9925351600e-01 1034.3769618699
0.1004629630 1.9989036050e-01 1036.5801076886
0.1040509260 2.0029799102e-01 1079.0693484774
0.1076388889 2.0073111768e-01 1105.6644658601
0.1112268519 2.0126678311e-01 1114.6344166933
0.1148148149 2.0161918853e-01 1116.6277391006
0.1184027778 2.0201283595e-01 1162.2643310590
0.1219907408 2.0230705393e-01 1171.8112962733
0.1255787038 2.0276137829e-01 1183.1417604836
0.1291666667 2.0310988166e-01 1185.4498180079
0.6541106655 2.1256060669e-01 1232.4502621398
0.6576986284 2.1727679236e-01 1279.5031621244
0.6612865914 2.2127362101e-01 1326.8183413732
0.6648745544 2.2457188239e-01 1374.0286089163
0.6684625173 2.4569315619e-01 1420.5569503727
0.6720504803 2.4823718114e-01 1468.7114232667
0.6756384433 2.5059351658e-01 1515.7643232514
0.6792264062 2.5213966236e-01 1563.6565168812
0.6828143692 2.5366655808e-01 1610.8143285715
0.6864023322 2.5533368924e-01 1657.3951258808
0.6899902951 2.5609919703e-01 1704.7103051295
0.6935782581 2.5679939175e-01 1708.4346706802
0.6971662210 2.6755525797e-01 1732.9315539498
0.7007541840 2.6822667716e-01 1735.1871556213
0.7043421470 2.6898381969e-01 1782.4498790172
0.7079301099 2.6942137352e-01 1821.2672101082
0.7115180729 2.6997653082e-01 1868.1102866816
0.7151060359 2.7471725897e-01 1901.8918559013
0.7186939988 2.7524635301e-01 1949.1021234445
0.7222819618 2.7563115938e-01 1951.2528134103
0.7330458507 2.8339395202e-01 1987.8145428298
0.7337402951 2.8339395202e-01 1987.8145428298
0.7373282581 2.8339395202e-01 1987.8145428298
0.7409162211 2.8339395202e-01 1987.8145428298
0.7445041840 2.8339395202e-01 1987.8145428298
0.7480921470 2.8339395202e-01 1987.8145428298
0.7516801100 2.8339395202e-01 1987.8145428298
0.7552680729 2.8339395202e-01 1987.8145428298
0.7588560359 2.8339395202e-01 1987.8145428298
0.7624439989 2.8339395202e-01 1987.8145428298
0.7660319618 2.8339395202e-01 1987.8145428298
0.7696199248 2.8339395202e-01 1987.8145428298
0.7732078878 2.8339395202e-01 1987.8145428298
0.7767958507 2.8339395202e-01 1987.8145428298
0.7803838137 2.8339395202e-01 1987.8145428298
0.7839717767 2.8339395202e-01 1987.8145428298
0.7875597396 2.8339395202e-01 1987.8145428298
0.7911477026 2.8339395202e-01 1987.8145428298
0.7947356655 2.8339395202e-01 1987.8145428298
0.7983236285 2.8339395202e-01 1987.8145428298
0.8019115915 2.8339395202e-01 1987.8145428298
0.8413791841 2.8339395202e-01 1987.8145428298
0.8951986286 2.8339395202e-01 1987.8145428298
0.8987865915 2.8339395202e-01 1987.8145428298
0.9095504804 2.8339395202e-01 1987.8145428298
0.9167264064 2.8339395202e-01 1987.8145428298
0.9203143693 2.8339395202e-01 1987.8145428298
0.9239023323 2.8339395202e-01 1987.8145428298
0.9274902953 2.8339395202e-01 1987.8145428298
0.9310782582 2.8339395202e-01 1987.8145428298
0.9346662212 2.8339395202e-01 1987.8145428298
0.9382541841 2.8339395202e-01 1987.8145428298
0.9418421471 2.8339395202e-01 1987.8145428298
0.9454301101 2.8339395202e-01 1987.8145428298
0.9490180730 2.8339395202e-01 1987.8145428298
0.9526060360 2.8339395202e-01 1987.8145428298
0.9561939990 2.8339395202e-01 1987.8145428298
0.9597819619 2.8339395202e-01 1987.8145428298
0.9633699249 2.8339395202e-01 1987.8145428298
0.9669578879 2.8339395202e-01 1987.8145428298
0.9705458508 2.8339395202e-01 1987.8145428298
0.9741338138 2.8339395202e-01 1987.8145428298
0.9777217768 2.8339395202e-01 1987.8145428298
0.9813097397 2.8339395202e-01 1987.8145428298
0.9848977027 2.8339395202e-01 1987.8145428298
0.9884856657 2.8339395202e-01 1987.8145428298
0.9920736286 2.8339395202e-01 1987.8145428298
0.9956615916 2.8339395202e-01 1987.8145428298
0.9992495546 2.8339395202e-01 1987.8145428298
