331 262.55696 -17.05000 56114.17065 21.65000 299 0.00239 1.98575 g -1
381 259.41183 -9.85000 56114.17424 21.65000 299 0.00238 1.60174 g -1
382 266.48150 -9.85000 56114.17782 21.65000 299 0.00215 1.72293 g -1
433 263.15000 -2.65000 56114.18141 21.65000 299 0.00186 1.43933 g -1
484 260.66778 4.55000 56114.18500 21.65000 299 0.00163 1.26826 g -1
332 269.58765 -17.05000 56114.18859 21.65000 299 0.00252 2.00246 g -1
383 273.55117 -9.85000 56114.19218 21.65000 299 0.00161 1.77116 g -1
432 256.06000 -2.65000 56114.19576 21.65000 299 0.00157 1.30252 g -1
330 255.52626 -17.05000 56114.19935 21.65000 299 0.00154 1.65217 g -1
434 270.24000 -2.65000 56114.20294 21.65000 299 0.00151 1.42895 g -1
333 276.64396 -17.05000 56114.20653 21.65000 299 0.00158 2.02052 g -1
435 277.33000 -2.65000 56114.21012 21.65000 299 0.00143 1.50308 g -1
486 274.35133 4.55000 56114.21370 21.65000 299 0.00132 1.30579 g -1
384 280.61059 -9.85000 56114.21729 21.65000 299 0.00131 1.71945 g -1
485 267.50956 4.55000 56114.22088 21.65000 299 0.00124 1.21372 g -1
380 252.34217 -9.85000 56114.22447 21.65000 299 0.00123 1.37614 g -1
487 281.19311 4.55000 56114.22806 21.65000 299 0.00122 1.32701 g -1
436 284.38942 -2.65000 56114.23164 21.65000 299 0.00116 1.48998 g -1
536 263.95111 11.75000 56114.23523 21.65000 299 0.00114 1.09555 g -1
282 272.44354 -24.25000 56114.23882 21.65000 299 0.00158 2.02159 g -1
538 277.90133 11.75000 56114.24241 21.65000 299 0.00106 1.15658 g -1
334 283.72589 -17.05000 56114.24600 21.65000 299 0.00103 1.82910 g -1
537 270.92622 11.75000 56114.24958 21.65000 299 0.00099 1.10221 g -1
379 245.27250 -9.85000 56114.25317 21.65000 299 0.00099 1.41651 g -1
587 267.11592 18.95000 56114.25676 21.65000 299 0.00097 1.03889 g -1
283 279.83661 -24.25000 56114.26035 21.65000 299 0.00139 2.01446 g -1
539 284.87644 11.75000 56114.26394 21.65000 299 0.00095 1.15069 g -1
488 288.11944 4.55000 56114.26752 21.65000 299 0.00094 1.24484 g -1
281 265.10429 -24.25000 56114.27111 21.65000 299 0.00092 1.86686 g -1
385 287.65978 -9.85000 56114.27470 21.65000 299 0.00088 1.48440 g -1
637 278.28971 26.15000 56114.27829 21.65000 299 0.00080 1.02073 g -1
284 287.22968 -24.25000 56114.28188 21.65000 299 0.00087 2.00750 g -1
535 256.97600 11.75000 56114.28546 21.65000 299 0.00076 1.10221 g -1
329 248.49557 -17.05000 56114.28905 21.65000 299 0.00075 1.74652 g -1
431 248.97000 -2.65000 56114.29264 21.65000 299 0.00075 1.35779 g -1
588 274.38447 18.95000 56114.29623 21.65000 299 0.00073 1.03243 g -1
483 253.82600 4.55000 56114.29982 21.65000 299 0.00072 1.22430 g -1
636 270.80800 26.15000 56114.30340 21.65000 299 0.00072 1.01228 g -1
589 281.65302 18.95000 56114.30699 21.65000 299 0.00070 1.03393 g -1
437 291.41827 -2.65000 56114.31058 21.65000 299 0.00070 1.26402 g -1
638 285.77143 26.15000 56114.31417 21.65000 299 0.00066 1.01080 g -1
540 291.93112 11.75000 56114.31776 21.65000 299 0.00059 1.08953 g -1
335 290.80782 -17.05000 56114.32134 21.65000 299 0.00057 1.58501 g -1
639 293.25314 26.15000 56114.32493 21.65000 299 0.00052 1.01649 g -1
590 288.92157 18.95000 56114.32852 21.65000 299 0.00052 1.03348 g -1
586 259.84737 18.95000 56114.33211 21.65000 299 0.00052 1.13660 g -1
285 294.62275 -24.25000 56114.33570 21.65000 299 0.00051 1.88020 g -1
489 295.13032 4.55000 56114.33928 21.65000 299 0.00046 1.14553 g -1
386 294.70896 -9.85000 56114.34287 21.65000 299 0.00044 1.37429 g -1
482 246.98422 4.55000 56114.34646 21.65000 299 0.00039 1.59323 g -1
591 296.12691 18.95000 56114.35005 21.65000 299 0.00029 1.03305 g -1
336 297.88975 -17.05000 56114.35363 21.65000 299 0.00028 1.57037 g -1
640 300.75680 26.15000 56114.35722 21.65000 299 0.00028 1.01016 g -1
438 298.44712 -2.65000 56114.36081 21.65000 299 0.00028 1.23575 g -1
684 282.56279 33.35000 56114.36440 21.65000 299 0.00025 1.02911 g -1
541 298.91537 11.75000 56114.36799 21.65000 299 0.00024 1.07554 g -1
286 302.01582 -24.25000 56114.37157 21.65000 299 0.00021 1.86466 g -1
534 250.00089 11.75000 56114.37516 21.65000 299 0.00021 1.64923 g -1
592 303.37673 18.95000 56114.37875 21.65000 299 0.00021 1.03234 g -1
685 290.41607 33.35000 56114.38234 21.65000 299 0.00018 1.02432 g -1
635 263.32629 26.15000 56114.38593 21.65000 299 0.00018 1.27009 g -1
773 6.95487 54.95000 56114.38951 21.65000 299 0.00017 1.43454 g -1
1427 265.14043 -6.25000 56114.39310 21.65000 299 0.00015 1.86456 g -1
490 302.14120 4.55000 56114.39669 21.65000 299 0.00015 1.15256 g -1
1428 271.96930 -6.25000 56114.40028 21.65000 299 0.00014 1.73163 g -1
829 313.33333 62.15000 56114.40387 21.65000 299 0.00013 1.14161 g -1
683 274.70950 33.35000 56114.40745 21.65000 299 0.00013 1.19248 g -1
803 335.18412 54.95000 56114.41104 21.65000 299 0.00011 1.10843 g -1
830 326.66667 62.15000 56114.41463 21.65000 299 0.00011 1.14883 g -1
802 324.38344 54.95000 56114.41822 21.65000 299 0.00011 1.07895 g -1
1429 278.99600 -6.25000 56114.42181 21.65000 299 0.00011 1.75249 g -1
736 2.21291 47.75000 56114.42539 21.65000 299 0.00010 1.20660 g -1
1480 275.78108 0.95000 56114.42898 21.65000 299 0.00010 1.70973 g -1
806 6.66667 62.15000 56114.43257 21.65000 299 0.00009 1.29809 g -1
542 305.89962 11.75000 56114.43616 21.65000 299 0.00009 1.12880 g -1
686 298.26936 33.35000 56114.43975 21.65000 299 0.00008 1.08795 g -1
854 12.00000 76.55000 56114.44333 21.65000 299 0.00007 1.48720 g -1
694 3.46860 40.55000 56114.44692 21.65000 299 0.00007 1.13811 g -1
1481 282.74200 0.95000 56114.45051 21.65000 299 0.00007 1.73504 g -1
1430 285.91848 -6.25000 56114.45410 21.65000 299 0.00007 1.90860 g -1
593 310.62655 18.95000 56114.45769 21.65000 299 0.00007 1.09713 g -1
828 300.00000 62.15000 56114.46127 21.65000 299 0.00006 1.23527 g -1
1482 289.69352 0.95000 56114.46486 21.65000 299 0.00006 1.68037 g -1
727 287.03496 40.55000 56114.46845 21.65000 299 0.00005 1.29886 g -1
1533 279.52500 8.15000 56114.47204 21.65000 299 0.00005 1.94785 g -1
1682 284.16400 29.75000 56114.47563 21.65000 299 0.00005 1.44982 g -1
833 8.57143 69.35000 56114.47921 21.65000 299 0.00005 1.29299 g -1
770 332.10164 47.75000 56114.48280 21.65000 299 0.00005 1.04107 g -1
