718 209.48363 40.55000 56032.13543 21.65000 299 0.01334 1.88097 g -1
757 204.72454 47.75000 56032.13902 21.65000 299 0.00885 1.61984 g -1
758 214.49923 47.75000 56032.14261 21.65000 299 0.00829 1.85769 g -1
756 194.94985 47.75000 56032.14619 21.65000 299 0.00659 1.38123 g -1
719 218.10044 40.55000 56032.14978 21.65000 299 0.02025 2.02089 g -1
717 200.86681 40.55000 56032.15337 21.65000 299 0.00589 1.46078 g -1
759 224.27392 47.75000 56032.15696 21.65000 299 0.00581 2.02333 g -1
716 192.25000 40.55000 56032.16054 21.65000 299 0.00437 1.27544 g -1
676 219.73650 33.35000 56032.16413 21.65000 299 0.01326 2.02004 g -1
791 202.40112 54.95000 56032.16772 21.65000 299 0.00415 1.38254 g -1
755 185.52515 47.75000 56032.17131 21.65000 299 0.00404 1.16993 g -1
720 226.71726 40.55000 56032.17490 21.65000 299 0.01328 2.00080 g -1
715 183.63319 40.55000 56032.17848 21.65000 299 0.00391 1.12141 g -1
792 213.41224 54.95000 56032.18207 21.65000 299 0.00379 1.46651 g -1
677 227.58979 33.35000 56032.18566 21.65000 299 0.02803 2.02359 g -1
630 225.91771 26.15000 56032.18925 21.65000 299 0.00947 2.06000 g -1
675 211.88321 33.35000 56032.19284 21.65000 299 0.00356 1.43885 g -1
721 235.33407 40.55000 56032.19642 21.65000 299 0.00460 2.03766 g -1
714 175.01637 40.55000 56032.20001 21.65000 299 0.00340 1.03439 g -1
578 201.71129 18.95000 56032.20360 21.65000 299 0.00310 1.30175 g -1
678 235.44307 33.35000 56032.20719 21.65000 299 0.01315 2.02715 g -1
631 233.39943 26.15000 56032.21078 21.65000 299 0.03175 2.04456 g -1
582 230.77318 18.95000 56032.21436 21.65000 299 0.00834 2.04572 g -1
674 204.02993 33.35000 56032.21795 21.65000 299 0.00298 1.18225 g -1
713 166.39956 40.55000 56032.22154 21.65000 299 0.00297 1.00778 g -1
790 191.39000 54.95000 56032.22513 21.65000 299 0.00297 1.12343 g -1
679 243.29636 33.35000 56032.22872 21.65000 299 0.00307 2.03075 g -1
632 240.88114 26.15000 56032.23230 21.65000 299 0.01164 2.02939 g -1
583 238.04173 18.95000 56032.23589 21.65000 299 0.03226 2.01912 g -1
760 234.04862 47.75000 56032.23948 21.65000 299 0.00296 1.47255 g -1
532 236.05067 11.75000 56032.24307 21.65000 299 0.01447 2.00621 g -1
793 224.50609 54.95000 56032.24666 21.65000 299 0.00290 1.30593 g -1
577 194.55043 18.95000 56032.25024 21.65000 299 0.00287 1.07423 g -1
584 245.31027 18.95000 56032.25383 21.65000 299 0.00800 2.06057 g -1
673 196.17664 33.35000 56032.25742 21.65000 299 0.00284 1.03040 g -1
533 243.02578 11.75000 56032.26101 21.65000 299 0.02241 2.03155 g -1
625 188.50914 26.15000 56032.26460 21.65000 299 0.00278 1.01299 g -1
481 240.14244 4.55000 56032.26818 21.65000 299 0.01432 2.00329 g -1
626 195.99086 26.15000 56032.27177 21.65000 299 0.00275 1.02326 g -1
672 188.32336 33.35000 56032.27536 21.65000 299 0.00266 1.00061 g -1
667 149.05693 33.35000 56032.27895 21.65000 299 0.00264 1.17519 g -1
528 208.15022 11.75000 56032.28254 21.65000 299 0.00257 1.13405 g -1
579 208.96753 18.95000 56032.28612 21.65000 299 0.00257 1.08159 g -1
821 206.66667 62.15000 56032.28971 21.65000 299 0.00255 1.15921 g -1
820 193.33333 62.15000 56032.29330 21.65000 299 0.00255 1.14040 g -1
576 187.38957 18.95000 56032.29689 21.65000 299 0.00251 1.03793 g -1
671 180.47007 33.35000 56032.30048 21.65000 299 0.00242 1.02282 g -1
629 218.43600 26.15000 56032.30406 21.65000 299 0.00240 1.06755 g -1
712 157.78274 40.55000 56032.30765 21.65000 299 0.00236 1.18311 g -1
624 181.02743 26.15000 56032.31124 21.65000 299 0.00232 1.04621 g -1
633 248.36286 26.15000 56032.31483 21.65000 299 0.00230 1.34706 g -1
527 201.02511 11.75000 56032.31842 21.65000 299 0.00226 1.07610 g -1
529 215.12533 11.75000 56032.32200 21.65000 299 0.00222 1.09840 g -1
822 220.00000 62.15000 56032.32559 21.65000 299 0.00221 1.16018 g -1
480 233.30067 4.55000 56032.32918 21.65000 299 0.00221 1.28402 g -1
627 203.47257 26.15000 56032.33277 21.65000 299 0.00217 1.00929 g -1
754 176.10046 47.75000 56032.33636 21.65000 299 0.00216 1.13083 g -1
477 212.77533 4.55000 56032.33994 21.65000 299 0.00211 1.14396 g -1
670 172.61679 33.35000 56032.34353 21.65000 299 0.00208 1.17283 g -1
628 210.95429 26.15000 56032.34712 21.65000 299 0.00207 1.00819 g -1
844 197.14286 69.35000 56032.35071 21.65000 299 0.00207 1.25269 g -1
819 180.00000 62.15000 56032.35429 21.65000 299 0.00204 1.23689 g -1
581 223.50463 18.95000 56032.35788 21.65000 299 0.00202 1.04051 g -1
575 180.32410 18.95000 56032.36147 21.65000 299 0.00202 1.23198 g -1
722 243.95089 40.55000 56032.36506 21.65000 299 0.00197 1.07538 g -1
482 246.98422 4.55000 56032.36865 21.65000 299 0.00195 1.27756 g -1
794 235.60357 54.95000 56032.37223 21.65000 299 0.00194 1.09347 g -1
843 180.00000 69.35000 56032.37582 21.65000 299 0.00193 1.36380 g -1
531 229.07556 11.75000 56032.37941 21.65000 299 0.00192 1.08043 g -1
478 219.61711 4.55000 56032.38300 21.65000 299 0.00186 1.14626 g -1
526 193.90000 11.75000 56032.38659 21.65000 299 0.00185 1.24434 g -1
427 220.61000 -2.65000 56032.39017 21.65000 299 0.00184 1.24596 g -1
789 180.37888 54.95000 56032.39376 21.65000 299 0.00183 1.29957 g -1
842 162.85714 69.35000 56032.39735 21.65000 299 0.00182 1.58851 g -1
429 234.79000 -2.65000 56032.40094 21.65000 299 0.00180 1.23925 g -1
476 205.93356 4.55000 56032.40453 21.65000 299 0.00172 1.26994 g -1
1675 230.54750 29.75000 56032.40811 21.65000 299 0.00166 1.00327 g -1
580 216.23608 18.95000 56032.41170 21.65000 299 0.00164 1.08037 g -1
669 164.76350 33.35000 56032.41529 21.65000 299 0.00163 1.91786 g -1
761 243.82331 47.75000 56032.41888 21.65000 299 0.00162 1.03557 g -1
1628 236.19677 22.55000 56032.42247 21.65000 299 0.00160 1.01919 g -1
845 214.28571 69.35000 56032.42605 21.65000 299 0.00155 1.28289 g -1
818 166.66667 62.15000 56032.42964 21.65000 299 0.00153 1.70182 g -1
426 213.52000 -2.65000 56032.43323 21.65000 299 0.00153 1.42664 g -1
376 224.06350 -9.85000 56032.43682 21.65000 299 0.00148 1.47496 g -1
479 226.45889 4.55000 56032.44041 21.65000 299 0.00148 1.20448 g -1
428 227.70000 -2.65000 56032.44399 21.65000 299 0.00147 1.31141 g -1
530 222.10044 11.75000 56032.44758 21.65000 299 0.00144 1.18121 g -1
1579 241.34000 15.35000 56032.45117 21.65000 299 0.00141 1.06060 g -1
823 233.33333 62.15000 56032.45476 21.65000 299 0.00138 1.16450 g -1
375 216.99383 -9.85000 56032.45835 21.65000 299 0.00134 1.72538 g -1
680 251.14964 33.35000 56032.46193 21.65000 299 0.00133 1.00050 g -1
1718 221.53281 36.95000 56032.46552 21.65000 299 0.00122 1.12376 g -1
585 252.57882 18.95000 56032.46911 21.65000 299 0.00109 1.03398 g -1
425 206.43000 -2.65000 56032.47270 21.65000 299 0.00104 1.99170 g -1
534 250.00089 11.75000 56032.47629 21.65000 299 0.00098 1.08619 g -1
723 252.56770 40.55000 56032.47987 21.65000 299 0.00086 1.01305 g -1
795 246.70105 54.95000 56032.48346 21.65000 299 0.00082 1.09306 g -1
846 231.42857 69.35000 56032.48705 21.65000 299 0.00077 1.30335 g -1
1528 244.61500 8.15000 56032.49064 21.65000 299 0.00073 1.16368 g -1
634 255.84457 26.15000 56032.49423 21.65000 299 0.00071 1.01774 g -1
377 231.13317 -9.85000 56032.49781 21.65000 299 0.00070 1.72756 g -1
1757 210.74415 44.15000 56032.50140 21.65000 299 0.00067 1.40652 g -1
1578 234.32714 15.35000 56032.50499 21.65000 299 0.00067 1.23602 g -1
824 246.66667 62.15000 56032.50858 21.65000 299 0.00066 1.18477 g -1
1719 230.02320 36.95000 56032.51217 21.65000 299 0.00066 1.20339 g -1
