600 0.96160 26.15000 56183.15207 21.65000 299 0.00223 2.03897 g -1
737 12.25000 47.75000 56183.15566 21.65000 299 0.00169 2.00866 g -1
549 354.78937 11.75000 56183.15924 21.65000 299 0.00212 2.01156 g -1
649 8.35811 33.35000 56183.16283 21.65000 299 0.00914 2.03127 g -1
695 11.90000 40.40000 56183.16642 21.65000 299 0.00780 1.97871 g -1
550 1.37527 18.95000 56183.17001 21.65000 299 0.00751 1.93312 g -1
601 8.48720 26.15000 56183.17360 21.65000 299 0.01960 2.02671 g -1
499 1.77362 11.75000 56183.17718 21.65000 299 0.01339 2.03795 g -1
738 22.28709 47.75000 56183.18077 21.65000 299 0.02272 2.04788 g -1
650 16.14189 33.35000 56183.18436 21.65000 299 0.02353 2.03223 g -1
696 20.38973 40.55000 56183.18795 21.65000 299 0.03582 2.00686 g -1
551 8.62509 18.95000 56183.19154 21.65000 299 0.01665 1.90937 g -1
602 16.01280 26.15000 56183.19512 21.65000 299 0.01535 2.01464 g -1
775 28.13537 54.95000 56183.19871 21.65000 299 0.01402 1.90635 g -1
500 8.75787 11.75000 56183.20230 21.65000 299 0.00929 1.93518 g -1
651 23.92567 33.35000 56183.20589 21.65000 299 0.00970 2.03320 g -1
739 32.32418 47.75000 56183.20948 21.65000 299 0.02230 2.03538 g -1
697 28.87947 40.55000 56183.21306 21.65000 299 0.01868 1.98256 g -1
776 38.72562 54.95000 56183.21665 21.65000 299 0.02193 2.03971 g -1
447 5.23912 4.55000 56183.22024 21.65000 299 0.00789 1.73847 g -1
498 358.22824 4.55000 56183.22383 21.65000 299 0.00710 1.50988 g -1
552 15.87491 18.95000 56183.22742 21.65000 299 0.00441 1.68754 g -1
809 46.66667 62.15000 56183.23100 21.65000 299 0.01097 2.00085 g -1
396 1.70673 -2.65000 56183.23459 21.65000 299 0.00412 1.67051 g -1
740 42.36127 47.75000 56183.23818 21.65000 299 0.00420 2.02301 g -1
808 33.33333 62.15000 56183.24177 21.65000 299 0.00340 1.62709 g -1
446 354.67788 -2.65000 56183.24536 21.65000 299 0.00271 1.44431 g -1
777 49.31587 54.95000 56183.24894 21.65000 299 0.00964 2.00401 g -1
836 60.00000 69.35000 56183.25253 21.65000 299 0.00799 2.01661 g -1
1737 26.04723 44.15000 56183.25612 21.65000 299 0.00195 1.43209 g -1
395 358.15163 -9.85000 56183.25971 21.65000 299 0.00158 1.59680 g -1
1694 20.63150 36.95000 56183.26329 21.65000 299 0.00143 1.32017 g -1
810 60.00000 62.15000 56183.26688 21.65000 299 0.06719 2.01196 g -1
774 17.54512 54.95000 56183.27047 21.65000 299 0.00140 1.26337 g -1
1813 54.98986 58.55000 56183.27406 21.65000 299 0.00127 1.85580 g -1
778 60.11656 54.95000 56183.27765 21.65000 299 0.01523 2.01932 g -1
497 351.21736 4.55000 56183.28123 21.65000 299 0.00111 1.17518 g -1
698 37.42753 40.55000 56183.28482 21.65000 299 0.00107 1.46696 g -1
1843 68.79756 65.75000 56183.28841 21.65000 299 0.00106 1.98205 g -1
1814 66.98986 58.55000 56183.29200 21.65000 299 0.00273 2.01195 g -1
1647 15.90016 29.75000 56183.29559 21.65000 299 0.00099 1.14256 g -1
837 77.14286 69.35000 56183.29917 21.65000 299 0.00934 2.02368 g -1
811 73.33333 62.15000 56183.30276 21.65000 299 0.01812 2.02305 g -1
779 71.12768 54.95000 56183.30635 21.65000 299 0.00702 2.04209 g -1
1777 32.08880 51.35000 56183.30994 21.65000 299 0.00098 1.25187 g -1
1842 53.87953 65.75000 56183.31353 21.65000 299 0.00095 1.55364 g -1
1597 8.72505 22.55000 56183.31711 21.65000 299 0.00094 1.06278 g -1
603 23.53840 26.15000 56183.32070 21.65000 299 0.00093 1.14235 g -1
394 351.10244 -9.85000 56183.32429 21.65000 299 0.00090 1.37069 g -1
1493 1.96084 8.15000 56183.32788 21.65000 299 0.00083 1.11510 g -1
1646 8.59984 29.75000 56183.33147 21.65000 299 0.00082 1.02272 g -1
835 42.85714 69.35000 56183.33505 21.65000 299 0.00081 1.39610 g -1
812 86.66667 62.15000 56183.33864 21.65000 299 0.00138 2.03409 g -1
1736 16.84908 44.15000 56183.34223 21.65000 299 0.00077 1.04948 g -1
838 94.28571 69.35000 56183.34941 21.65000 299 0.00120 2.00342 g -1
810 60.00000 62.15000 56183.35010 21.65000 299 0.06719 1.44792 r -1
696 20.38973 40.55000 56183.35369 21.65000 299 0.03582 1.03839 r -1
650 16.14189 33.35000 56183.35728 21.65000 299 0.02353 1.01503 r -1
738 22.28709 47.75000 56183.36086 21.65000 299 0.02272 1.05857 r -1
739 32.32418 47.75000 56183.36445 21.65000 299 0.02230 1.09420 r -1
776 38.72562 54.95000 56183.36804 21.65000 299 0.02193 1.15896 r -1
601 8.48720 26.15000 56183.37163 21.65000 299 0.01960 1.00792 r -1
697 28.87947 40.55000 56183.37522 21.65000 299 0.01868 1.04103 r -1
811 73.33333 62.15000 56183.37880 21.65000 299 0.01812 1.48559 r -1
551 8.62509 18.95000 56183.38239 21.65000 299 0.01665 1.03504 r -1
602 16.01280 26.15000 56183.38598 21.65000 299 0.01535 1.00801 r -1
778 60.11656 54.95000 56183.38957 21.65000 299 0.01523 1.25977 r -1
775 28.13537 54.95000 56183.39316 21.65000 299 0.01402 1.08606 r -1
499 1.77362 11.75000 56183.39674 21.65000 299 0.01339 1.11692 r -1
809 46.66667 62.15000 56183.40033 21.65000 299 0.01097 1.19931 r -1
651 23.92567 33.35000 56183.40392 21.65000 299 0.00970 1.00082 r -1
777 49.31587 54.95000 56183.40751 21.65000 299 0.00964 1.13953 r -1
837 77.14286 69.35000 56183.41110 21.65000 299 0.00934 1.45057 r -1
500 8.75787 11.75000 56183.41468 21.65000 299 0.00929 1.11435 r -1
649 8.35811 33.35000 56183.41827 21.65000 299 0.00914 1.03524 r -1
836 60.00000 69.35000 56183.42186 21.65000 299 0.00799 1.31127 r -1
447 5.23912 4.55000 56183.42545 21.65000 299 0.00789 1.23964 r -1
695 11.90000 40.40000 56183.42904 21.65000 299 0.00780 1.04155 r -1
550 1.37527 18.95000 56183.43262 21.65000 299 0.00751 1.16002 r -1
498 358.22824 4.55000 56183.43621 21.65000 299 0.00710 1.37044 r -1
779 71.12768 54.95000 56183.43980 21.65000 299 0.00702 1.20104 r -1
552 15.87491 18.95000 56183.44339 21.65000 299 0.00441 1.08292 r -1
740 42.36127 47.75000 56183.44698 21.65000 299 0.00420 1.03562 r -1
396 1.70673 -2.65000 56183.45056 21.65000 299 0.00412 1.54364 r -1
808 33.33333 62.15000 56183.45415 21.65000 299 0.00340 1.14440 r -1
1814 66.98986 58.55000 56183.45774 21.65000 299 0.00273 1.16425 r -1
446 354.67788 -2.65000 56183.46133 21.65000 299 0.00271 1.84456 r -1
600 0.96160 26.15000 56183.46492 21.65000 299 0.00223 1.25332 r -1
549 354.78937 11.75000 56183.46850 21.65000 299 0.00212 1.55869 r -1
1737 26.04723 44.15000 56183.47209 21.65000 299 0.00195 1.05587 r -1
737 12.25000 47.75000 56183.47568 21.65000 299 0.00169 1.15206 r -1
1694 20.63150 36.95000 56183.47927 21.65000 299 0.00143 1.08523 r -1
774 17.54512 54.95000 56183.48286 21.65000 299 0.00140 1.16786 r -1
812 86.66667 62.15000 56183.48644 21.65000 299 0.00138 1.24616 r -1
1813 54.98986 58.55000 56183.49003 21.65000 299 0.00127 1.10612 r -1
838 94.28571 69.35000 56183.49362 21.65000 299 0.00120 1.35656 r -1
698 37.42753 40.55000 56183.49721 21.65000 299 0.00107 1.03834 r -1
1843 68.79756 65.75000 56183.50079 21.65000 299 0.00106 1.19667 r -1
1647 15.90016 29.75000 56183.50438 21.65000 299 0.00099 1.22545 r -1
1777 32.08880 51.35000 56183.50797 21.65000 299 0.00098 1.11647 r -1
1842 53.87953 65.75000 56183.51156 21.65000 299 0.00095 1.18744 r -1
1597 8.72505 22.55000 56183.51515 21.65000 299 0.00094 1.47069 r -1
603 23.53840 26.15000 56183.51873 21.65000 299 0.00093 1.21245 r -1
1646 8.59984 29.75000 56183.52232 21.65000 299 0.00082 1.45774 r -1
