0.0000000000 1.6681727653e-02 47.7872819242
0.0035879630 3.2530336609e-02 94.8401819089
0.0071759259 4.7848984563e-02 142.1553611576
0.0107638889 6.2240840110e-02 189.2607169951
0.0143518519 7.5560642622e-02 236.5234403911
0.0179398148 8.7485394101e-02 283.6287962285
0.0215277778 9.9470188578e-02 330.5243286547
0.0251157408 1.1147526994e-01 377.7870520507
0.0287037037 1.2274580427e-01 425.6267898277
0.0322916667 1.3251513146e-01 470.8437349635
0.0358796296 1.4168506007e-01 516.4803269218
0.0394675926 1.5096474478e-01 563.4807710536
0.0430555556 1.5978157805e-01 609.6943773931
0.0466435185 1.6840977807e-01 655.5407927627
0.0502314815 1.7650142945e-01 701.6494873965
0.0538194445 1.8407699614e-01 745.7648596229
0.0574074074 1.9223965722e-01 792.9751271661
0.0609953704 2.0008580084e-01 840.7099532375
0.0645833334 2.0954352991e-01 888.0775883391
0.0681712963 2.1616007322e-01 935.4452234407
0.0717592593 2.2224166073e-01 978.5114786106
0.0753472223 2.2788617861e-01 1025.4594668896
0.0789351852 2.3246067868e-01 1067.2667815916
0.0825231482 2.3736572979e-01 1108.7593611768
0.0861111112 2.4045680361e-01 1150.6191317317
0.0896990741 2.4444102064e-01 1198.4064136559
0.0932870371 2.4830485539e-01 1241.4726688258
0.0968750001 2.5200476468e-01 1287.0568049313
0.1004629630 2.5533690683e-01 1333.0605878595
0.1040509260 2.5808963686e-01 1380.6905022252
0.1076388889 2.6058130496e-01 1426.7991968590
0.1112268519 2.6283137693e-01 1472.0685978476
0.1148148149 2.6499528745e-01 1519.8034239189
0.1184027778 2.6713482045e-01 1563.9187961454
0.1219907408 2.6995307595e-01 1609.2406529868
0.1255787038 2.7197221750e-01 1657.3951258808
0.1291666667 2.7412813129e-01 1704.2382024541
0.1327546297 2.7575888022e-01 1750.2944412351
0.1363425927 2.7736967950e-01 1791.8394766730
0.1399305556 2.7893512006e-01 1838.7874649520
0.1435185186 2.8070144098e-01 1884.0044100878
0.1471064816 2.8194014874e-01 1922.8741970316
0.1506944445 2.8515146321e-01 1970.1893762804
0.1542824075 2.8772282930e-01 2016.0357916500
0.1578703705 2.9080907304e-01 2063.6657060158
0.1614583334 2.9271013055e-01 2110.7186060004
0.1650462964 2.9556249279e-01 2155.9880069890
0.1686342594 2.9742781364e-01 2203.0933628265
0.1722222223 2.9941036103e-01 2248.9922340490
0.1758101853 3.0117779812e-01 2296.3074132978
0.1793981482 3.0334345968e-01 2343.8324159578
0.1829861112 3.0479558597e-01 2388.5772584182
0.1865740742 3.0658003518e-01 2435.7875259613
0.1901620371 3.0956170825e-01 2481.8962205951
0.1937500001 3.1104428317e-01 2529.4736791080
0.1973379631 3.1405544847e-01 2576.7364025039
0.2009259260 3.1552485440e-01 2623.8942141942
0.2045138890 3.1694366422e-01 2671.4716727071
0.2081018520 3.1834741217e-01 2719.5212338955
0.2116898149 3.1970547453e-01 2764.7381790312
0.2152777779 3.2108011605e-01 2811.7910790159
0.2188657409 3.2223697215e-01 2855.9589070951
0.2224537038 3.2350539519e-01 2900.8086612611
0.2260416668 3.2467796926e-01 2946.9173558949
0.2296296298 3.2585776730e-01 2985.7346869859
0.2332175927 3.2702793183e-01 3033.2072337932
0.2368055557 3.2819413672e-01 3080.5748688948
0.2403935187 3.2932715081e-01 3127.6277688794
0.2439814816 3.3043865215e-01 3174.1036544830
0.2475694446 3.3151638278e-01 3219.3730554716
0.2511574075 3.3260765022e-01 3264.6424564601
0.2547453705 3.3365364661e-01 3310.6462393883
0.2583333335 3.3469876029e-01 3357.6991393729
0.2619212964 3.3571619448e-01 3404.9094069161
0.2655092594 3.3673250289e-01 3451.8049393422
0.2690972224 3.3774121754e-01 3498.3857366514
0.2726851853 3.3891420786e-01 3545.6484600474
0.2762731483 3.3983134007e-01 3588.7671710701
0.2798611113 3.4074341560e-01 3635.1906008209
0.2834490742 3.4178975477e-01 3681.5091188660
0.2870370372 3.4266471377e-01 3728.5620188506
0.2906250002 3.4358142652e-01 3770.1070542886
0.9433677213 3.5381385321e-01 3817.4222335373
0.9469556843 3.6292427975e-01 3864.4751335220
0.9505436472 3.7164676357e-01 3911.4231218010
0.9541316102 3.7888110388e-01 3958.4760217856
0.9577195731 3.8472507645e-01 4005.5289217703
0.9613075361 3.9059878450e-01 4051.2704254343
0.9648954991 3.9602944751e-01 4096.9070173927
0.9684834620 4.0075769049e-01 4142.7534327623
0.9720714250 4.0441040971e-01 4189.8063327470
0.9756593880 4.0914353080e-01 4237.4887029655
0.9792473509 4.1219940023e-01 4283.1777507767
0.9828353139 4.1503194047e-01 4330.3880183198
0.9864232769 4.1765354827e-01 4377.4409183045
0.9900112398 4.2003180028e-01 4424.5462741420
0.9935992028 4.2221714496e-01 4469.7632192777
0.9971871658 4.2442636149e-01 4516.7636634095
