728 295.65178 40.55000 56118.16971 21.65000 299 0.03575 1.54981 g -1
767 302.47146 47.75000 56118.17330 21.65000 299 0.03445 1.63295 g -1
685 290.41607 33.35000 56118.17689 21.65000 299 0.03165 1.42801 g -1
801 313.28596 54.95000 56118.18048 21.65000 299 0.02493 1.78575 g -1
638 285.77143 26.15000 56118.18406 21.65000 299 0.02271 1.34395 g -1
686 298.26936 33.35000 56118.18765 21.65000 299 0.02102 1.51589 g -1
639 293.25314 26.15000 56118.19124 21.65000 299 0.01949 1.43933 g -1
729 304.26859 40.55000 56118.19483 21.65000 299 0.01908 1.53929 g -1
590 288.92157 18.95000 56118.19842 21.65000 299 0.01503 1.37430 g -1
829 313.33333 62.15000 56118.20200 21.65000 299 0.01430 1.59799 g -1
589 281.65302 18.95000 56118.20559 21.65000 299 0.01429 1.22435 g -1
800 302.18847 54.95000 56118.20918 21.65000 299 0.01376 1.38291 g -1
768 312.24615 47.75000 56118.21277 21.65000 299 0.01367 1.53270 g -1
830 326.66667 62.15000 56118.21636 21.65000 299 0.01263 1.74625 g -1
539 284.87644 11.75000 56118.21994 21.65000 299 0.00889 1.26797 g -1
766 292.69677 47.75000 56118.22353 21.65000 299 0.00836 1.20038 g -1
802 324.38344 54.95000 56118.22712 21.65000 299 0.00808 1.65019 g -1
538 277.90133 11.75000 56118.23071 21.65000 299 0.00725 1.15869 g -1
727 287.03496 40.55000 56118.23430 21.65000 299 0.00606 1.11010 g -1
852 334.28571 69.35000 56118.23788 21.65000 299 0.00551 1.72249 g -1
831 340.00000 62.15000 56118.24147 21.65000 299 0.00467 1.83824 g -1
684 282.56279 33.35000 56118.24506 21.65000 299 0.00462 1.05747 g -1
853 351.42857 69.35000 56118.24865 21.65000 299 0.00448 1.94965 g -1
487 281.19311 4.55000 56118.25224 21.65000 299 0.00405 1.20227 g -1
486 274.35133 4.55000 56118.25582 21.65000 299 0.00309 1.16034 g -1
637 278.28971 26.15000 56118.25941 21.65000 299 0.00295 1.02886 g -1
851 317.14286 69.35000 56118.26300 21.65000 299 0.00221 1.42767 g -1
828 300.00000 62.15000 56118.26659 21.65000 299 0.00198 1.22623 g -1
588 274.38447 18.95000 56118.27018 21.65000 299 0.00192 1.03638 g -1
1727 296.83148 36.95000 56118.27376 21.65000 299 0.00179 1.07874 g -1
640 300.75680 26.15000 56118.27735 21.65000 299 0.00178 1.11585 g -1
591 296.12691 18.95000 56118.28094 21.65000 299 0.00173 1.10652 g -1
687 306.08789 33.35000 56118.28453 21.65000 299 0.00173 1.11894 g -1
833 8.57143 69.35000 56118.28811 21.65000 299 0.00197 2.00880 g -1
1683 291.82350 29.75000 56118.29170 21.65000 299 0.00166 1.02807 g -1
1767 303.21492 44.15000 56118.29529 21.65000 299 0.00164 1.08126 g -1
730 312.82187 40.55000 56118.29888 21.65000 299 0.00155 1.12858 g -1
540 291.93112 11.75000 56118.30247 21.65000 299 0.00146 1.09449 g -1
769 322.06455 47.75000 56118.30605 21.65000 299 0.00145 1.19680 g -1
435 277.33000 -2.65000 56118.30964 21.65000 299 0.00142 1.24240 g -1
799 291.09099 54.95000 56118.31323 21.65000 299 0.00141 1.07941 g -1
1635 287.36264 22.55000 56118.31682 21.65000 299 0.00122 1.01832 g -1
537 270.92622 11.75000 56118.32041 21.65000 299 0.00122 1.11369 g -1
832 353.33333 62.15000 56118.32399 21.65000 299 0.00121 1.53715 g -1
1835 318.98986 58.55000 56118.32758 21.65000 299 0.00108 1.17851 g -1
1804 312.03909 51.35000 56118.33117 21.65000 299 0.00102 1.09198 g -1
1803 301.78852 51.35000 56118.33476 21.65000 299 0.00100 1.05976 g -1
868 348.00000 76.55000 56118.33835 21.65000 299 0.00099 1.54528 g -1
434 270.24000 -2.65000 56118.34193 21.65000 299 0.00097 1.36245 g -1
488 288.11944 4.55000 56118.34552 21.65000 299 0.00095 1.15135 g -1
803 335.18412 54.95000 56118.34911 21.65000 299 0.00089 1.20663 g -1
1585 283.41714 15.35000 56118.35270 21.65000 299 0.00087 1.08353 g -1
1766 293.96785 44.15000 56118.35629 21.65000 299 0.00083 1.02152 g -1
834 25.71429 69.35000 56118.35987 21.65000 299 0.00081 1.84366 g -1
854 12.00000 76.55000 56118.36346 21.65000 299 0.00069 1.66001 g -1
485 267.50956 4.55000 56118.36705 21.65000 299 0.00068 1.39904 g -1
765 282.92208 47.75000 56118.37064 21.65000 299 0.00068 1.07900 g -1
1682 284.16400 29.75000 56118.37423 21.65000 299 0.00065 1.05928 g -1
867 324.00000 76.55000 56118.37781 21.65000 299 0.00059 1.38748 g -1
1726 288.46496 36.95000 56118.38140 21.65000 299 0.00058 1.04654 g -1
726 278.41815 40.55000 56118.38499 21.65000 299 0.00054 1.11578 g -1
1834 306.98986 58.55000 56118.38858 21.65000 299 0.00052 1.10727 g -1
850 300.00000 69.35000 56118.39217 21.65000 299 0.00052 1.24818 g -1
436 284.38942 -2.65000 56118.39575 21.65000 299 0.00050 1.43037 g -1
806 6.66667 62.15000 56118.39934 21.65000 299 0.00048 1.36942 g -1
683 274.70950 33.35000 56118.40293 21.65000 299 0.00046 1.21926 g -1
1634 280.04629 22.55000 56118.40652 21.65000 299 0.00039 1.22153 g -1
1861 338.77725 65.75000 56118.41011 21.65000 299 0.00039 1.21304 g -1
804 345.77437 54.95000 56118.41369 21.65000 299 0.00037 1.13111 g -1
728 295.65178 40.55000 56118.41439 21.65000 299 0.03575 1.07376 r -1
767 302.47146 47.75000 56118.41798 21.65000 299 0.03445 1.06908 r -1
685 290.41607 33.35000 56118.42156 21.65000 299 0.03165 1.12760 r -1
801 313.28596 54.95000 56118.42515 21.65000 299 0.02493 1.08718 r -1
638 285.77143 26.15000 56118.42874 21.65000 299 0.02271 1.22840 r -1
686 298.26936 33.35000 56118.43233 21.65000 299 0.02102 1.09671 r -1
639 293.25314 26.15000 56118.43592 21.65000 299 0.01949 1.17181 r -1
729 304.26859 40.55000 56118.43950 21.65000 299 0.01908 1.07622 r -1
590 288.92157 18.95000 56118.44309 21.65000 299 0.01503 1.31126 r -1
829 313.33333 62.15000 56118.44668 21.65000 299 0.01430 1.17085 r -1
589 281.65302 18.95000 56118.45027 21.65000 299 0.01429 1.50864 r -1
800 302.18847 54.95000 56118.45386 21.65000 299 0.01376 1.17347 r -1
768 312.24615 47.75000 56118.45744 21.65000 299 0.01367 1.08817 r -1
830 326.66667 62.15000 56118.46103 21.65000 299 0.01263 1.15132 r -1
539 284.87644 11.75000 56118.46462 21.65000 299 0.00889 1.69181 r -1
766 292.69677 47.75000 56118.46821 21.65000 299 0.00836 1.27371 r -1
802 324.38344 54.95000 56118.47180 21.65000 299 0.00808 1.10150 r -1
727 287.03496 40.55000 56118.47538 21.65000 299 0.00606 1.40220 r -1
852 334.28571 69.35000 56118.47897 21.65000 299 0.00551 1.24377 r -1
831 340.00000 62.15000 56118.48256 21.65000 299 0.00467 1.14415 r -1
684 282.56279 33.35000 56118.48615 21.65000 299 0.00462 1.65199 r -1
