775 28.13537 54.95000 56180.51517 21.65000 299 0.16153 1.15673 g -1
774 17.54512 54.95000 56180.51875 21.65000 299 0.11112 1.24080 g -1
807 20.00000 62.15000 56180.52234 21.65000 299 0.09183 1.28084 g -1
771 342.13873 47.75000 56181.12178 21.65000 299 0.01078 1.54685 g -1
732 329.74300 40.55000 56181.12536 21.65000 299 0.00959 1.32222 g -1
805 356.36462 54.95000 56181.12895 21.65000 299 0.00924 1.77659 g -1
770 332.10164 47.75000 56181.13254 21.65000 299 0.00744 1.31297 g -1
643 323.33360 26.15000 56181.13613 21.65000 299 0.00500 1.23422 g -1
689 321.65544 33.35000 56181.13972 21.65000 299 0.00493 1.17147 g -1
642 315.80800 26.15000 56181.14330 21.65000 299 0.00490 1.12689 g -1
804 345.77437 54.95000 56181.14689 21.65000 299 0.00441 1.43954 g -1
542 305.89962 11.75000 56181.15048 21.65000 299 0.00389 1.12459 g -1
731 321.31160 40.55000 56181.15407 21.65000 299 0.00382 1.11854 g -1
773 6.95487 54.95000 56181.15766 21.65000 299 0.00321 1.78297 g -1
733 338.17440 40.55000 56181.16124 21.65000 299 0.00300 1.25964 g -1
1810 18.98986 58.55000 56181.16483 21.65000 299 0.01515 2.00552 g -1
593 310.62655 18.95000 56181.16842 21.65000 299 0.00290 1.06776 g -1
690 329.43922 33.35000 56181.17201 21.65000 299 0.00279 1.13480 g -1
772 352.17582 47.75000 56181.17560 21.65000 299 0.00212 1.37751 g -1
688 313.87167 33.35000 56181.17918 21.65000 299 0.00192 1.02696 g -1
738 22.28709 47.75000 56181.18636 21.65000 299 0.00645 2.04602 g -1
808 33.33333 62.15000 56181.19712 21.65000 299 0.01855 2.02393 g -1
1811 30.98986 58.55000 56181.20071 21.65000 299 0.00480 1.97769 g -1
775 28.13537 54.95000 56181.20141 21.65000 299 0.16153 1.93684 r -1
774 17.54512 54.95000 56181.20499 21.65000 299 0.11112 1.63202 r -1
807 20.00000 62.15000 56181.20858 21.65000 299 0.09183 1.63719 r -1
808 33.33333 62.15000 56181.21217 21.65000 299 0.01855 1.88356 r -1
1810 18.98986 58.55000 56181.21576 21.65000 299 0.01515 1.57728 r -1
771 342.13873 47.75000 56181.21935 21.65000 299 0.01078 1.11690 r -1
732 329.74300 40.55000 56181.22293 21.65000 299 0.00959 1.03320 r -1
805 356.36462 54.95000 56181.22652 21.65000 299 0.00924 1.23343 r -1
770 332.10164 47.75000 56181.23011 21.65000 299 0.00744 1.05529 r -1
738 22.28709 47.75000 56181.23370 21.65000 299 0.00645 1.54264 r -1
643 323.33360 26.15000 56181.23729 21.65000 299 0.00500 1.00995 r -1
689 321.65544 33.35000 56181.24087 21.65000 299 0.00493 1.00018 r -1
642 315.80800 26.15000 56181.24446 21.65000 299 0.00490 1.01181 r -1
1811 30.98986 58.55000 56181.24805 21.65000 299 0.00480 1.58369 r -1
804 345.77437 54.95000 56181.25164 21.65000 299 0.00441 1.11615 r -1
542 305.89962 11.75000 56181.25523 21.65000 299 0.00389 1.13313 r -1
731 321.31160 40.55000 56181.25881 21.65000 299 0.00382 1.01108 r -1
773 6.95487 54.95000 56181.26240 21.65000 299 0.00321 1.21455 r -1
733 338.17440 40.55000 56181.26599 21.65000 299 0.00300 1.01565 r -1
593 310.62655 18.95000 56181.26958 21.65000 299 0.00290 1.08610 r -1
690 329.43922 33.35000 56181.27316 21.65000 299 0.00279 1.00071 r -1
772 352.17582 47.75000 56181.27675 21.65000 299 0.00212 1.06597 r -1
688 313.87167 33.35000 56181.28034 21.65000 299 0.00192 1.04735 r -1
