0.2188657409 3.7873019484e-03 47.7348260714
0.2224537038 3.4057155337e-02 94.9450936145
0.2260416668 5.8206958802e-02 123.4286216989
0.2296296298 6.8276638311e-02 154.9021333943
0.2368055557 7.2597722033e-02 202.3222243487
0.2403935187 7.5232064540e-02 249.5849477447
0.2439814816 1.2986977954e-01 296.4804801708
0.2475694446 2.8809586679e-01 336.7665751410
0.2511574075 3.5138498519e-01 361.8929286445
0.2547453705 3.7865891481e-01 393.8909988682
0.2583333335 4.0491934570e-01 402.8084938485
0.2619212964 4.1417951515e-01 449.0745560408
0.2655092594 4.2474808866e-01 496.9142938178
0.2690972224 5.0180209262e-01 538.1970499917
0.2726851853 6.4897884323e-01 579.5322620183
0.2733796298 6.4897884323e-01 579.5322620183
0.2769675927 6.4897884323e-01 579.5322620183
0.2805555557 6.4897884323e-01 579.5322620183
0.2841435187 6.4897884323e-01 579.5322620183
0.2877314816 6.4897884323e-01 579.5322620183
0.2913194446 6.4897884323e-01 579.5322620183
0.2949074076 6.4897884323e-01 579.5322620183
0.2984953705 6.4897884323e-01 579.5322620183
0.3020833335 6.4897884323e-01 579.5322620183
0.3056712965 6.4897884323e-01 579.5322620183
0.3092592594 6.4897884323e-01 579.5322620183
0.3128472224 6.4897884323e-01 579.5322620183
0.3164351854 6.4897884323e-01 579.5322620183
