0.6174139723 8.6894480379e-02 46.9479882790
0.6210019353 1.6946761293e-01 94.7352702032
0.6245898982 2.3299897214e-01 140.5292297200
0.6281778612 2.8130367861e-01 187.8444089688
0.6317658242 3.2045593241e-01 235.0022206591
0.6353537871 3.5634570089e-01 282.5796791720
0.6389417501 3.8904779954e-01 328.3211828360
0.6425297131 4.1825239818e-01 373.9053189416
0.6461176760 4.3895216628e-01 421.6401450130
0.6497056390 4.5476751826e-01 466.8570901487
0.6532936020 4.6476883910e-01 513.9099901334
0.6568815649 4.7269286921e-01 515.9557683936
0.6604695279 4.7979112193e-01 563.3758593480
0.6640574909 4.8567288682e-01 608.4878927781
0.6676454538 4.9161928304e-01 610.8484061553
0.6712334168 4.9612149819e-01 656.3276305551
0.6748213797 5.0059439123e-01 658.5832322266
0.6784093427 5.0439320493e-01 706.1082348867
0.6819973057 5.0776725243e-01 753.3185024298
0.6855852686 5.1072740008e-01 798.4829917128
0.6891732316 5.1369874435e-01 845.5358916974
0.6927611946 5.1658135970e-01 890.3331900106
0.6963491575 5.1912418574e-01 936.7566197613
0.6999371205 5.2121512593e-01 983.8095197460
0.7035250835 5.2323615725e-01 1029.8657585269
0.7071130464 5.2503347200e-01 1076.9186585116
0.7107010094 5.2669839179e-01 1123.9715584962
0.7142889724 5.2835260953e-01 1169.5556946018
0.7178769353 5.2978808148e-01 1171.6014728620
0.7214648983 5.3110639806e-01 1217.2380648203
0.7250528613 5.3250291607e-01 1219.5985781975
0.7286408242 5.3387613225e-01 1266.9662132991
0.7322287872 5.3486922037e-01 1312.6028052574
0.7329232316 5.3486922037e-01 1312.6028052574
0.7365111946 5.3486922037e-01 1312.6028052574
0.7400991576 5.3486922037e-01 1312.6028052574
0.7436871205 5.3486922037e-01 1312.6028052574
0.7472750835 5.3486922037e-01 1312.6028052574
0.7508630465 5.3486922037e-01 1312.6028052574
0.7544510094 5.3486922037e-01 1312.6028052574
0.7580389724 5.3486922037e-01 1312.6028052574
0.7616269354 5.3486922037e-01 1312.6028052574
0.7652148983 5.3486922037e-01 1312.6028052574
0.7688028613 5.3486922037e-01 1312.6028052574
0.7723908242 5.3486922037e-01 1312.6028052574
0.7759787872 5.3486922037e-01 1312.6028052574
0.7795667502 5.3486922037e-01 1312.6028052574
0.7831547131 5.3486922037e-01 1312.6028052574
0.7867426761 5.3486922037e-01 1312.6028052574
0.7903306391 5.3486922037e-01 1312.6028052574
0.7939186020 5.3486922037e-01 1312.6028052574
0.7975065650 5.3486922037e-01 1312.6028052574
0.8010945280 5.3486922037e-01 1312.6028052574
0.8046824909 5.3486922037e-01 1312.6028052574
0.8082704539 5.3486922037e-01 1312.6028052574
0.8118584169 5.3486922037e-01 1312.6028052574
0.8154463798 5.3486922037e-01 1312.6028052574
0.8190343428 5.3486922037e-01 1312.6028052574
0.8226223058 5.3486922037e-01 1312.6028052574
0.8262102687 5.3486922037e-01 1312.6028052574
0.8297982317 5.3486922037e-01 1312.6028052574
0.8333861947 5.3486922037e-01 1312.6028052574
0.8369741576 5.3486922037e-01 1312.6028052574
0.8405621206 5.3486922037e-01 1312.6028052574
