0.0000000000 2.4563276056e-03 47.1578116903
0.0035879630 4.7642092950e-03 93.3189621769
0.0071759259 6.9370298661e-03 139.4801126635
0.0107638889 8.9327858332e-03 185.6412631501
0.0143518519 1.1513611076e-02 232.8515306933
0.0179398148 1.3449178503e-02 280.4814450590
0.0215277778 1.5703105011e-02 326.1704928702
0.0251157408 1.7560665992e-02 374.0102306472
0.0287037037 1.9333712408e-02 420.1713811338
0.0322916667 2.1067666055e-02 467.6439279411
0.0358796296 2.3747309059e-02 513.2805198995
0.0394675926 2.5709620567e-02 558.9171118578
0.0430555556 2.7577289395e-02 606.2322911066
0.0466435185 2.9148159298e-02 653.0753676799
0.0502314815 3.0658078416e-02 699.1840623137
0.0538194445 3.2098288204e-02 746.2369622984
0.0574074074 3.3898451879e-02 794.2340676339
0.0609953704 3.5298108195e-02 841.4443351770
0.0645833334 3.6687251908e-02 888.4972351617
0.0681712963 3.8220958920e-02 935.9697819689
0.0717592593 3.9558423272e-02 983.0226819536
0.0753472223 4.0836336294e-02 1024.5677173915
0.0789351852 4.2109337173e-02 1071.6206173762
0.0825231482 4.3483040889e-02 1118.9882524778
0.0861111112 4.4711906638e-02 1166.0411524624
0.0896990741 4.6171291351e-02 1214.0907136508
0.0932870371 4.7355997497e-02 1261.1436136354
0.0968750001 4.9175312658e-02 1308.3014253257
0.1004629630 5.0758492909e-02 1355.5641487217
0.1040509260 5.2119433485e-02 1402.9842396761
0.1076388889 5.3598414813e-02 1441.9589383256
0.1112268519 5.4708324651e-02 1483.3990620579
0.1148148149 5.5831057995e-02 1522.3213048546
0.1184027778 5.7292442414e-02 1568.4299994884
0.1219907408 5.8370453917e-02 1616.2172814126
0.1255787038 5.9445472620e-02 1643.4418690291
0.1291666667 6.0570083642e-02 1690.7570482779
0.1327546297 6.2068388505e-02 1733.8233034478
0.1363425927 6.3300004735e-02 1777.2567495875
0.1399305556 6.4437862737e-02 1823.4179000741
0.1435185186 6.5474034678e-02 1870.4708000587
0.1471064816 6.7183072468e-02 1912.0682913495
0.1506944445 6.8198422353e-02 1955.1870023722
0.1542824075 6.9369821377e-02 2002.4497257682
0.1578703705 7.0402588505e-02 2050.6041986622
0.1614583334 7.1932761093e-02 2094.8769384471
0.1650462964 7.3703935132e-02 2142.0347501374
0.1686342594 7.4689404048e-02 2189.0876501220
0.1722222223 7.6502242794e-02 2232.1539052919
0.1758101853 7.8239835362e-02 2270.8663246773
0.1793981482 7.9652330323e-02 2316.0832698130
0.1829861112 8.0684734384e-02 2363.3459932090
0.1865740742 8.2053395782e-02 2409.0350410202
0.1901620371 8.3037691902e-02 2456.0879410048
0.1937500001 8.5059812200e-02 2497.6329764428
0.1973379631 8.6907578235e-02 2541.4336135522
0.2009259260 8.8198684448e-02 2586.5981028352
0.2045138890 8.9116776403e-02 2625.7301690431
0.2081018520 9.1270630586e-02 2668.7439683602
0.2116898149 9.3037660208e-02 2713.9609134960
0.2152777779 9.3988369696e-02 2761.0138134806
0.2188657409 9.4904855107e-02 2806.1258469107
0.2224537038 9.6133515603e-02 2853.9131288349
0.2260416668 9.8361849459e-02 2897.9235893557
0.2296296298 1.0001130326e-01 2943.0356227858
0.2332175927 1.0089627936e-01 2984.5806582237
0.2368055557 1.0306245657e-01 3029.7976033595
0.2403935187 1.0536962505e-01 3071.3426387974
0.2439814816 1.0786022486e-01 3114.3564381145
0.2475694446 1.0940277420e-01 3159.9405742200
0.2511574075 1.1145614577e-01 3205.1575193558
0.2547453705 1.1404368136e-01 3248.9581564653
0.2583333335 1.1599195144e-01 3287.8279434091
0.2619212964 1.1856578118e-01 3333.0973443977
0.2655092594 1.1965798898e-01 3379.8879651182
0.2690972224 1.2109293611e-01 3425.8917480463
0.2726851853 1.2200389437e-01 3452.7491446931
0.2762731483 1.2288804798e-01 3496.6022376554
0.2798611113 1.2481403789e-01 3542.1339179081
0.2834490742 1.2566555579e-01 3587.8754215721
0.2870370372 1.2652933444e-01 3635.0856891152
0.2906250002 1.2738944277e-01 3682.0861332470
0.2942129631 1.2843890515e-01 3727.6702693526
0.2978009261 1.2926856718e-01 3770.6840686696
0.3013888891 1.3031773886e-01 3818.4713505939
0.3049768520 1.3115213633e-01 3865.3668830200
0.3085648150 1.3198498748e-01 3911.5280335066
0.3121527780 1.3277643176e-01 3956.7974344952
0.3157407409 1.3356794287e-01 4003.8503344799
0.3193287039 1.3433782287e-01 4051.5851605513
0.3229166668 1.3510105483e-01 4095.4382535135
0.3265046298 1.3586198486e-01 4140.8125662078
0.3300925928 1.3662567168e-01 4168.0371538243
0.3336805557 1.3734565942e-01 4206.8020290625
0.3372685187 1.3808772026e-01 4252.4386210209
0.3408564817 1.3916593424e-01 4279.6632086374
0.3444444446 1.4027865860e-01 4306.2058701672
0.3480324076 1.4099443778e-01 4353.3636818575
0.3516203706 1.4171303487e-01 4400.4165818421
0.3552083335 1.4242563129e-01 4445.6335269779
0.3587962965 1.4310366284e-01 4487.1261065630
0.9680782238 1.4507837529e-01 4534.1265506949
0.9716661868 1.4681701177e-01 4577.1403500119
0.9752541497 1.4864429480e-01 4624.5604409664
0.9788421127 1.5066656228e-01 4671.7707085095
0.9824300757 1.5225626861e-01 4719.1907994639
0.9860180386 1.5378863717e-01 4766.2436994486
0.9896060016 1.5527991950e-01 4813.2965994332
0.9931939646 1.5664657933e-01 4856.8349572785
0.9967819275 1.5909929073e-01 4902.9961077652
