0.0000000000 9.1589690401e-02 47.2627233960
0.0035879630 1.1492661091e-01 91.3780956224
0.0071759259 1.3822787186e-01 138.6932748711
0.0107638889 1.5602811227e-01 186.4805567954
0.0143518519 1.7101199807e-01 232.6941631348
0.0179398148 1.7758833388e-01 278.0160199762
0.0215277778 1.8292623363e-01 325.3311992250
0.0251157408 1.8753354792e-01 370.7579677720
0.0287037037 1.9181341743e-01 414.9782517041
0.0322916667 1.9609302228e-01 460.1951968398
0.0358796296 1.9969011168e-01 462.6081660698
0.0394675926 2.0245473019e-01 504.5728483304
0.6949242396 2.7005370288e-01 551.7306600207
0.6985122026 3.3081079915e-01 599.0982951223
0.7021001655 3.7976488876e-01 646.1511951069
0.7056881285 4.2230173589e-01 693.2040950916
0.7092760915 4.6403684079e-01 740.2569950762
0.7128640544 5.0159837882e-01 787.4672626194
0.7164520174 5.2413205454e-01 833.6284131060
0.7200399804 5.4804392196e-01 881.4156950302
0.7236279433 5.6950478240e-01 929.1505211016
0.7272159063 6.3086471656e-01 976.3607886447
0.7308038692 6.4812944573e-01 1023.4136886294
0.7343918322 6.6344223961e-01 1070.5715003197
0.7379797952 6.7583600937e-01 1117.9391354213
0.7415677581 6.8651011122e-01 1165.7264173455
0.7451557211 6.9626422306e-01 1212.5170380660
0.7487436841 7.0446502804e-01 1259.5699380507
0.7523316470 7.1202758727e-01 1306.3081029184
0.7559196100 7.1748932341e-01 1352.0496065824
0.7595075730 7.2307045187e-01 1397.8960219520
0.7630955359 7.2849649107e-01 1444.0571724386
0.7666834989 7.3380348062e-01 1491.3723516874
0.7702714619 7.3901854454e-01 1494.8868938267
0.7738594248 7.4320567197e-01 1539.9989272568
0.7774473878 7.4664003326e-01 1542.6217198981
0.7810353508 7.4998622818e-01 1588.2058560037
0.7846233137 7.5294466185e-01 1590.2516342639
0.7882112767 7.5574843502e-01 1636.0455937807
0.7917992397 7.5838752768e-01 1638.1438278937
0.7953872026 7.6098623231e-01 1684.2525225275
0.7989751656 7.6357610955e-01 1731.0955991009
0.8025631285 7.6574295046e-01 1776.2600883838
0.8061510915 7.6777510232e-01 1823.6801793382
0.8097390545 7.6969688609e-01 1867.8480074175
0.8133270174 7.7132793004e-01 1869.9462415305
0.8169149804 7.7283370847e-01 1917.6810676019
0.8205029434 7.7420366852e-01 1963.5274829715
0.8240909063 7.7549752465e-01 2009.1640749299
0.8276788693 7.7680435078e-01 2011.5245883070
0.8312668323 7.7809881939e-01 2057.1087244126
0.8348547952 7.7941524361e-01 2104.1616243972
0.8384427582 7.8062656130e-01 2151.2145243819
0.8420307212 7.8181422685e-01 2153.7848611703
0.8456186841 7.8295847153e-01 2200.2082909211
0.8492066471 7.8407593031e-01 2202.2540691813
0.8527946101 7.8504849655e-01 2246.0022504379
0.8563825730 7.8609152665e-01 2291.2191955737
0.8599705360 7.8708208001e-01 2336.7508758264
0.9676094249 7.8801009944e-01 2383.8037758110
0.9783733138 7.8930546467e-01 2430.8042199428
0.9963131287 7.9106754600e-01 2478.0669433388
0.9970075731 7.9106754600e-01 2478.0669433388
