0.6128297178 2.1879970541e-03 47.3151792488
0.6164176808 4.3295860180e-03 94.5779026447
0.6200056437 6.2130979663e-03 138.2736280485
0.6235936067 8.1667031782e-03 185.5363514445
0.6271815697 1.0017591737e-02 228.7599741729
0.6307695326 1.1862188275e-02 273.9244634558
0.6343574956 1.3654334118e-02 317.6726447124
0.6379454586 1.5440189653e-02 365.4599266366
0.6415334215 1.7264683275e-02 412.9324734439
0.6451213845 1.8828675077e-02 458.0969627268
0.6487093475 2.0391543153e-02 503.7860105380
0.6522973104 2.1948895706e-02 546.9571774136
0.6558852734 2.3504282405e-02 592.1216666965
0.6594732364 2.5033277624e-02 637.8107145077
0.6630611993 2.6815815358e-02 680.8769696776
0.6666491623 2.8345638336e-02 727.7725021037
0.6702371252 2.9804558256e-02 771.4157716547
0.6738250882 3.1226963914e-02 814.4820268246
0.6774130512 3.2624443357e-02 860.2759863414
0.6810010141 3.3992426868e-02 908.0108124128
0.6845889771 3.5299902413e-02 953.6474043712
0.6881769401 3.6768308937e-02 1000.9625836200
0.6917649030 3.8009830273e-02 1047.2811016651
0.6953528660 3.9249301641e-02 1092.9176936234
0.6989408290 4.0473447843e-02 1136.1413163518
0.7025287919 4.1666685660e-02 1178.1059986123
0.7061167549 4.2838730815e-02 1224.4769725103
0.7097047179 4.4013753240e-02 1271.5298724949
0.7132926808 4.5196554703e-02 1317.1664644533
0.7168806438 4.6382848894e-02 1364.9012905247
0.7204686068 4.7540564530e-02 1409.8559563963
0.7240565697 4.8679136453e-02 1457.0662239394
0.7276445327 4.9803676796e-02 1500.0800232565
0.7312324957 5.0943538097e-02 1546.7657322714
0.7348204586 5.2057194680e-02 1593.9759998145
0.7384084216 5.3165663695e-02 1639.6125917728
0.7419963845 5.4258377550e-02 1686.6130359047
0.7455843475 5.5339206426e-02 1733.7708475950
0.7491723105 5.6414774167e-02 1777.5190288516
0.7527602734 5.7477927205e-02 1824.5719288363
0.7563482364 5.8589704542e-02 1872.4116666133
0.7599361994 5.9632115563e-02 1918.1007144245
0.7635241623 6.0720920409e-02 1965.4683495261
0.7671121253 6.1755591161e-02 2012.4163378051
0.7707000883 6.2825846857e-02 2059.7839729067
0.7742880512 6.3850374640e-02 2106.1549468046
0.7778760142 6.4872794747e-02 2153.2078467892
0.7814639772 6.5935911808e-02 2200.8377611550
0.7850519401 6.6910275738e-02 2245.8973387323
0.7886399031 6.7875638239e-02 2291.7437541019
0.7922278661 6.8834224603e-02 2333.2887895399
0.7958158290 6.9785133394e-02 2379.1876607624
0.7994037920 7.0738113018e-02 2426.2930165998
0.8029917550 7.1688543004e-02 2471.7197851469
0.8065797179 7.2628633097e-02 2518.9300526900
0.8101676809 7.3565104585e-02 2564.6191005012
0.8137556438 7.4587315335e-02 2612.0916473085
0.8173436068 7.5515351170e-02 2659.1445472931
0.8209315698 7.6432236340e-02 2706.4597265419
0.8245195327 7.7368729576e-02 2753.5126265265
0.8281074957 7.8264961463e-02 2799.3590418962
0.8316954587 7.9172132450e-02 2846.3594860280
0.8352834216 8.0057509032e-02 2893.4123860127
0.8388713846 8.0915563698e-02 2938.3670518843
0.8424593476 8.1789196019e-02 2980.9612043788
0.8460473105 8.2650330340e-02 3024.7618414882
0.8496352735 8.3518395247e-02 3069.8738749183
0.8532232365 8.4381027497e-02 3115.5104668767
0.8568111994 8.5433917800e-02 3163.5075722122
0.8603991624 8.6284561738e-02 3208.6720614951
0.8639871254 8.7118850370e-02 3253.2595363970
0.8675750883 8.8084972088e-02 3300.5222597929
0.8711630513 8.8921657690e-02 3345.6867490758
0.8747510142 8.9748224460e-02 3388.7530042457
0.8783389772 9.0537561837e-02 3432.3962737967
0.8819269402 9.1351683031e-02 3475.3576172610
0.8855149031 9.2164037612e-02 3517.5845787857
0.8891028661 9.2972711616e-02 3564.7423904760
0.8926908291 9.3780213750e-02 3608.4381158798
0.8962787920 9.4571975787e-02 3649.9831513177
0.8998667550 9.5488000724e-02 3697.2983305665
0.9034547180 9.6287435674e-02 3740.8366884118
0.9070426809 9.7103260068e-02 3782.3817238498
0.9106306439 9.7898921980e-02 3829.4346238344
0.9142186069 9.8569852327e-02 3865.1570596087
0.9178065698 9.9316381341e-02 3904.0793024054
0.9213945328 1.0007432061e-01 3951.1322023900
0.9249824958 1.0078199128e-01 3992.7296936808
0.9285704587 1.0151930074e-01 4039.7825936655
0.9321584217 1.0225505563e-01 4087.5698755897
0.9357463847 1.0298645708e-01 4131.1082334350
0.9393343476 1.0372064057e-01 4178.6856919479
0.9429223106 1.0445166632e-01 4225.8959594911
0.9465102735 1.0522421343e-01 4272.9488594757
0.9500982365 1.0593048428e-01 4316.0151146456
0.9536861995 1.0662044175e-01 4354.8324457366
0.9572741624 1.0730232387e-01 4396.3250253217
