343 347.46325 -17.05000 55893.06885 21.65000 299 0.00478 1.61949 g -1
293 353.76732 -24.25000 55893.07244 21.65000 299 0.01171 2.00390 g -1
344 354.54518 -17.05000 55893.07602 21.65000 299 0.00111 1.66404 g -1
292 346.37425 -24.25000 55893.07961 21.65000 299 0.00108 1.89014 g -1
750 138.40169 47.75000 55893.29848 21.65000 299 0.00108 2.02894 g -1
665 133.35036 33.35000 55893.30565 21.65000 299 0.00344 2.00029 g -1
710 140.54911 40.55000 55893.31283 21.65000 299 0.04891 2.05049 g -1
786 147.60097 54.95000 55893.31642 21.65000 299 0.01647 1.99672 g -1
618 136.13714 26.15000 55893.32000 21.65000 299 0.03530 2.06330 g -1
751 147.82638 47.75000 55893.32359 21.65000 299 0.09595 2.04303 g -1
666 141.20364 33.35000 55893.32718 21.65000 299 0.09531 2.00403 g -1
817 153.33333 62.15000 55893.33077 21.65000 299 0.00652 1.90976 g -1
1750 146.01462 44.15000 55893.33436 21.65000 299 0.00598 1.88863 g -1
711 149.16593 40.55000 55893.33794 21.65000 299 0.09701 2.02996 g -1
619 143.61886 26.15000 55893.34153 21.65000 299 0.02325 2.04810 g -1
787 158.52573 54.95000 55893.34512 21.65000 299 0.06177 2.01511 g -1
667 149.05693 33.35000 55893.34871 21.65000 299 0.01557 2.00773 g -1
752 157.25108 47.75000 55893.35230 21.65000 299 0.03379 2.00542 g -1
818 166.66667 62.15000 55893.35588 21.65000 299 0.02458 2.02122 g -1
569 138.00511 18.95000 55893.35947 21.65000 299 0.01547 1.69984 g -1
568 130.95195 18.95000 55893.36306 21.65000 299 0.00500 1.46623 g -1
1709 146.23415 36.95000 55893.36665 21.65000 299 0.00400 1.61570 g -1
1789 155.73716 51.35000 55893.37024 21.65000 299 0.00366 1.70849 g -1
1663 138.63350 29.75000 55893.37382 21.65000 299 0.00337 1.43481 g -1
518 135.84911 11.75000 55893.37741 21.65000 299 0.00299 1.57172 g -1
843 180.00000 69.35000 55893.38100 21.65000 299 0.01237 2.00328 g -1
788 169.45049 54.95000 55893.38459 21.65000 299 0.00296 1.90825 g -1
842 162.85714 69.35000 55893.38818 21.65000 299 0.00219 1.66822 g -1
819 180.00000 62.15000 55893.39176 21.65000 299 0.00235 2.03102 g -1
1822 163.18423 58.55000 55893.39535 21.65000 299 0.00202 1.63636 g -1
861 180.00000 76.55000 55893.39894 21.65000 299 0.00155 1.82913 g -1
1708 137.86763 36.95000 55893.40253 21.65000 299 0.00143 1.22234 g -1
517 128.57400 11.75000 55893.40612 21.65000 299 0.00107 1.24735 g -1
862 204.00000 76.55000 55893.42406 21.65000 299 0.00210 2.01405 g -1
844 197.14286 69.35000 55893.42764 21.65000 299 0.00326 2.00836 g -1
711 149.16593 40.55000 55893.42834 21.65000 299 0.09701 1.24091 r -1
751 147.82638 47.75000 55893.43193 21.65000 299 0.09595 1.21700 r -1
666 141.20364 33.35000 55893.43551 21.65000 299 0.09531 1.13989 r -1
787 158.52573 54.95000 55893.43910 21.65000 299 0.06177 1.32406 r -1
710 140.54911 40.55000 55893.44269 21.65000 299 0.04891 1.11103 r -1
618 136.13714 26.15000 55893.44628 21.65000 299 0.03530 1.08846 r -1
752 157.25108 47.75000 55893.44987 21.65000 299 0.03379 1.24731 r -1
818 166.66667 62.15000 55893.45345 21.65000 299 0.02458 1.39154 r -1
619 143.61886 26.15000 55893.45704 21.65000 299 0.02325 1.11467 r -1
786 147.60097 54.95000 55893.46063 21.65000 299 0.01647 1.16563 r -1
667 149.05693 33.35000 55893.46422 21.65000 299 0.01557 1.11849 r -1
569 138.00511 18.95000 55893.46781 21.65000 299 0.01547 1.08408 r -1
843 180.00000 69.35000 55893.47139 21.65000 299 0.01237 1.51349 r -1
817 153.33333 62.15000 55893.47498 21.65000 299 0.00652 1.22543 r -1
1750 146.01462 44.15000 55893.47857 21.65000 299 0.00598 1.07339 r -1
568 130.95195 18.95000 55893.48216 21.65000 299 0.00500 1.03973 r -1
1709 146.23415 36.95000 55893.48575 21.65000 299 0.00400 1.05031 r -1
1789 155.73716 51.35000 55893.48933 21.65000 299 0.00366 1.13216 r -1
665 133.35036 33.35000 55893.49292 21.65000 299 0.00344 1.00374 r -1
1663 138.63350 29.75000 55893.49651 21.65000 299 0.00337 1.01301 r -1
844 197.14286 69.35000 55893.50010 21.65000 299 0.00326 1.58818 r -1
518 135.84911 11.75000 55893.50369 21.65000 299 0.00299 1.07888 r -1
788 169.45049 54.95000 55893.50727 21.65000 299 0.00296 1.19842 r -1
819 180.00000 62.15000 55893.51086 21.65000 299 0.00235 1.32050 r -1
842 162.85714 69.35000 55893.51445 21.65000 299 0.00219 1.28865 r -1
862 204.00000 76.55000 55893.51804 21.65000 299 0.00210 1.63974 r -1
1822 163.18423 58.55000 55893.52163 21.65000 299 0.00202 1.15844 r -1
861 180.00000 76.55000 55893.52521 21.65000 299 0.00155 1.46561 r -1
1708 137.86763 36.95000 55893.52880 21.65000 299 0.00143 1.00256 r -1
750 138.40169 47.75000 55893.53239 21.65000 299 0.00108 1.03312 r -1
517 128.57400 11.75000 55893.53598 21.65000 299 0.00107 1.10658 r -1
