0.1420830202 4.8287806252e-03 47.1578116903
0.1456709831 4.7857360988e-02 94.4205350863
0.1492589461 4.8969145033e-02 140.9488765427
0.1528469091 5.4652799677e-02 187.2673945877
0.3717126499 5.5734406270e-02 234.5825738365
0.3788885759 5.9176205891e-02 282.4223116136
0.3860645018 1.0809415316e-01 329.7899467152
0.3896524648 1.2456531162e-01 377.1051259639
0.3932404277 1.5990976916e-01 423.7908349788
0.3968283907 2.5585978473e-01 467.4341045298
0.4004163537 3.5116906313e-01 513.1231523410
0.4040043166 3.5769546420e-01 560.6481550011
0.4075922796 4.1367456596e-01 576.3849108488
0.4111802425 4.6068252932e-01 607.7535108385
0.4147682055 4.8393407965e-01 653.6523820610
0.4183561685 5.4570659610e-01 696.8235489366
0.4219441314 5.6127605764e-01 742.4601408949
0.4255320944 5.9506928328e-01 786.2083221516
0.4291200574 6.1965011787e-01 829.2221214686
0.4327080203 6.3554059600e-01 876.7995799815
0.4362959833 6.4011880839e-01 923.1180980266
0.4398839463 6.4426198089e-01 925.1638762868
0.4434719092 6.4802851297e-01 927.1571986942
0.4470598722 6.5140439750e-01 929.5177120714
0.4506478352 6.5439002582e-01 976.5706120560
0.4542357981 6.6715265580e-01 1023.3612327765
0.4578237611 6.7010906136e-01 1066.5848555049
0.4614117241 6.7190545514e-01 1108.3921702070
0.4649996870 6.7425922320e-01 1150.6191317317
0.4685876500 6.7637095180e-01 1152.8222775504
0.4721756130 6.7792790215e-01 1200.8718387387
0.4757635759 6.7925143510e-01 1209.7893337191
0.4793515389 6.8032269573e-01 1256.9996012622
0.4972913537 6.8371665298e-01 1296.0267557645
0.5008793167 6.8712822361e-01 1337.8340704666
0.5015737611 6.8712822361e-01 1337.8340704666
0.5051617241 6.8712822361e-01 1337.8340704666
0.5087496870 6.8712822361e-01 1337.8340704666
0.5123376500 6.8712822361e-01 1337.8340704666
0.5159256130 6.8712822361e-01 1337.8340704666
0.5195135759 6.8712822361e-01 1337.8340704666
0.5231015389 6.8712822361e-01 1337.8340704666
0.5266895019 6.8712822361e-01 1337.8340704666
0.5302774648 6.8712822361e-01 1337.8340704666
0.5338654278 6.8712822361e-01 1337.8340704666
0.5374533908 6.8712822361e-01 1337.8340704666
0.5410413537 6.8712822361e-01 1337.8340704666
0.5446293167 6.8712822361e-01 1337.8340704666
0.5482172797 6.8712822361e-01 1337.8340704666
0.5518052426 6.8712822361e-01 1337.8340704666
0.5553932056 6.8712822361e-01 1337.8340704666
0.5589811686 6.8712822361e-01 1337.8340704666
0.5625691315 6.8712822361e-01 1337.8340704666
0.5661570945 6.8712822361e-01 1337.8340704666
0.5697450575 6.8712822361e-01 1337.8340704666
0.5733330204 6.8712822361e-01 1337.8340704666
0.5769209834 6.8712822361e-01 1337.8340704666
0.5805089463 6.8712822361e-01 1337.8340704666
0.5840969093 6.8712822361e-01 1337.8340704666
0.5876848723 6.8712822361e-01 1337.8340704666
0.5912728352 6.8712822361e-01 1337.8340704666
0.5948607982 6.8712822361e-01 1337.8340704666
0.5984487612 6.8712822361e-01 1337.8340704666
0.6020367241 6.8712822361e-01 1337.8340704666
0.6056246871 6.8712822361e-01 1337.8340704666
0.6092126501 6.8712822361e-01 1337.8340704666
