0.1032381334 1.1891956479e-01 47.3151792488
0.1068260964 2.3122409537e-01 94.6828143504
0.1104140593 3.3420189983e-01 142.4176404218
0.1140020223 4.2872105131e-01 189.8377313762
0.1175899853 5.0554463424e-01 236.6808079495
0.1211779482 5.7113250667e-01 282.8419584362
0.1247659112 6.2539517158e-01 330.5767845075
0.1283538742 6.5976543411e-01 377.7870520507
0.1319418371 6.8806920409e-01 424.5776727712
0.1355298001 7.0860916880e-01 466.3849874733
0.1391177631 7.2665900523e-01 513.4378874579
0.1427057260 7.3913203776e-01 557.0287011561
0.1462936890 7.5332739892e-01 600.7768824127
0.1498816519 7.6669396364e-01 643.3710349072
0.1534696149 7.7764412413e-01 691.6828753597
0.1570575779 7.8690035026e-01 737.3194673180
0.1606455408 7.9507732601e-01 776.1892542619
0.1642335038 8.0259273904e-01 821.1439201335
0.1678214668 8.0740796846e-01 866.9903355031
0.1714094297 8.1177528722e-01 913.3088535482
0.1749973927 8.1791604864e-01 925.2163321397
0.1785853557 8.2321240923e-01 972.2692321243
0.1821733186 8.2912455865e-01 988.0059879720
0.1857612816 8.3400204278e-01 997.7103207448
0.1893492446 8.3845398454e-01 999.8085548578
0.1929372075 8.4266405681e-01 1046.8614548425
0.1965251705 8.4674545754e-01 1092.4980468008
0.2001131335 8.5053681532e-01 1139.5509467855
0.2037010964 8.5419101902e-01 1186.6563026229
0.2072890594 8.5727429397e-01 1233.6567467548
0.2108770223 8.6061878755e-01 1244.9872109651
0.2144649853 8.6346904256e-01 1291.3581848630
0.2180529483 8.6712898625e-01 1330.2279718069
0.2216409112 8.6996030758e-01 1332.4311176256
0.2252288742 8.7009185221e-01 1364.0619968794
0.2288168372 8.7235060464e-01 1407.7577222833
0.2324048001 8.7445898643e-01 1412.6361165960
0.2359927631 8.7635003606e-01 1414.9441741204
0.2395807261 8.7821881154e-01 1424.7534185988
0.2431686890 8.7981385424e-01 1468.3442322969
0.2467566520 8.8126666910e-01 1509.8892677349
0.2503446150 8.8269085904e-01 1511.8301342894
0.2539325779 8.8411352171e-01 1556.9421677195
0.2575205409 8.8549903833e-01 1558.9879459797
0.2611085039 8.8670413866e-01 1560.9812683871
0.2618029483 8.8670413866e-01 1560.9812683871
0.2653909113 8.8670413866e-01 1560.9812683871
0.2689788742 8.8670413866e-01 1560.9812683871
0.2725668372 8.8670413866e-01 1560.9812683871
0.2761548002 8.8670413866e-01 1560.9812683871
0.2797427631 8.8670413866e-01 1560.9812683871
0.2833307261 8.8670413866e-01 1560.9812683871
0.2869186891 8.8670413866e-01 1560.9812683871
0.2905066520 8.8670413866e-01 1560.9812683871
0.2940946150 8.8670413866e-01 1560.9812683871
0.2976825780 8.8670413866e-01 1560.9812683871
0.3012705409 8.8670413866e-01 1560.9812683871
0.3048585039 8.8670413866e-01 1560.9812683871
0.3084464669 8.8670413866e-01 1560.9812683871
0.3120344298 8.8670413866e-01 1560.9812683871
0.3156223928 8.8670413866e-01 1560.9812683871
0.3192103557 8.8670413866e-01 1560.9812683871
0.3227983187 8.8670413866e-01 1560.9812683871
0.3263862817 8.8670413866e-01 1560.9812683871
0.3299742446 8.8670413866e-01 1560.9812683871
0.3335622076 8.8670413866e-01 1560.9812683871
0.3371501706 8.8670413866e-01 1560.9812683871
0.3407381335 8.8670413866e-01 1560.9812683871
0.3443260965 8.8670413866e-01 1560.9812683871
0.3479140595 8.8670413866e-01 1560.9812683871
0.3515020224 8.8670413866e-01 1560.9812683871
0.3550899854 8.8670413866e-01 1560.9812683871
0.3586779484 8.8670413866e-01 1560.9812683871
0.3622659113 8.8670413866e-01 1560.9812683871
0.3658538743 8.8670413866e-01 1560.9812683871
0.3694418373 8.8670413866e-01 1560.9812683871
0.3730298002 8.8670413866e-01 1560.9812683871
0.3766177632 8.8670413866e-01 1560.9812683871
0.3802057261 8.8670413866e-01 1560.9812683871
0.3837936891 8.8670413866e-01 1560.9812683871
0.3873816521 8.8670413866e-01 1560.9812683871
0.3909696150 8.8670413866e-01 1560.9812683871
0.3945575780 8.8670413866e-01 1560.9812683871
0.3981455410 8.8670413866e-01 1560.9812683871
0.4017335039 8.8670413866e-01 1560.9812683871
0.4053214669 8.8670413866e-01 1560.9812683871
0.4089094299 8.8670413866e-01 1560.9812683871
0.4124973928 8.8670413866e-01 1560.9812683871
0.4160853558 8.8670413866e-01 1560.9812683871
0.4196733188 8.8670413866e-01 1560.9812683871
