0.3972206083 6.0117714838e-02 46.8430765733
0.4008085712 1.0146744411e-01 94.7352702032
0.4043965342 1.3897515871e-01 140.3718621616
0.4079844972 1.9300604488e-01 170.1667865666
0.4115724601 2.7677658864e-01 199.9092551187
0.4151604231 2.9123341580e-01 240.8248203228
0.4223363490 4.2777617144e-01 269.6230835241
0.4295122750 6.3173096207e-01 299.1032728121
0.4331002379 6.4168701005e-01 341.8547928651
0.4402761638 8.3788239629e-01 371.0727028890
0.4510400527 8.4466961814e-01 413.6143995306
0.4546280157 9.3679714159e-01 443.9338824639
0.4797437565 9.4757548113e-01 490.9867824485
0.4804382009 9.4757548113e-01 490.9867824485
0.4840261639 9.4757548113e-01 490.9867824485
0.4876141268 9.4757548113e-01 490.9867824485
0.4912020898 9.4757548113e-01 490.9867824485
0.4947900528 9.4757548113e-01 490.9867824485
0.4983780157 9.4757548113e-01 490.9867824485
0.5019659787 9.4757548113e-01 490.9867824485
0.5055539417 9.4757548113e-01 490.9867824485
0.5091419046 9.4757548113e-01 490.9867824485
0.5127298676 9.4757548113e-01 490.9867824485
0.5163178306 9.4757548113e-01 490.9867824485
0.5199057935 9.4757548113e-01 490.9867824485
0.5234937565 9.4757548113e-01 490.9867824485
