0.0000000000 1.6349635383e-01 47.7348260714
0.0035879630 3.0695026166e-01 94.6303584976
0.0071759259 4.2114430641e-01 142.3651845689
0.0107638889 4.9018654898e-01 189.7328196705
0.0143518519 5.3554734696e-01 234.2153828667
0.0179398148 5.8092531763e-01 281.5305621155
0.0215277778 6.2610043045e-01 328.5834621002
0.0251157408 6.6963712233e-01 375.3216269679
0.0287037037 6.9761496061e-01 422.6368062166
0.0322916667 7.2545194295e-01 469.6897062013
0.0358796296 7.4995504902e-01 517.7392673896
0.0394675926 7.6912733108e-01 564.7921673743
0.0430555556 7.8712446624e-01 610.7959503024
0.0466435185 8.0455355879e-01 656.1178071438
0.0502314815 8.2062745571e-01 703.4854422454
0.0538194445 8.3504908493e-01 749.5941368792
0.0574074074 8.4999192899e-01 796.4372134526
0.0609953704 8.5760517753e-01 841.7590702940
0.0645833334 8.6798994637e-01 888.2874117504
0.0681712963 8.7566359257e-01 935.2878558822
0.0717592593 8.8211411465e-01 981.3965505160
0.0753472223 8.8917307772e-01 983.7570638931
0.0789351852 8.9590919896e-01 985.9602097118
0.0825231482 8.9994516859e-01 987.9535321192
0.0861111112 9.0378350084e-01 990.8386040246
0.0896990741 9.0734311244e-01 993.3040291074
0.0932870371 9.0975737288e-01 1040.1471056808
0.0968750001 9.1261125780e-01 1042.9797217334
0.1004629630 9.1499031507e-01 1045.2877792577
0.1040509260 9.1721497844e-01 1047.3335575179
0.7913485091 9.1921713842e-01 1049.7989826007
0.8559318424 9.2109059020e-01 1053.4708922985
0.8566262869 9.2109059020e-01 1053.4708922985
0.8602142498 9.2109059020e-01 1053.4708922985
0.8638022128 9.2109059020e-01 1053.4708922985
0.8673901758 9.2109059020e-01 1053.4708922985
0.8709781387 9.2109059020e-01 1053.4708922985
0.8745661017 9.2109059020e-01 1053.4708922985
0.8781540647 9.2109059020e-01 1053.4708922985
0.8817420276 9.2109059020e-01 1053.4708922985
0.8853299906 9.2109059020e-01 1053.4708922985
0.8889179536 9.2109059020e-01 1053.4708922985
0.8925059165 9.2109059020e-01 1053.4708922985
0.8960938795 9.2109059020e-01 1053.4708922985
0.8996818425 9.2109059020e-01 1053.4708922985
0.9032698054 9.2109059020e-01 1053.4708922985
0.9068577684 9.2109059020e-01 1053.4708922985
0.9104457314 9.2109059020e-01 1053.4708922985
0.9140336943 9.2109059020e-01 1053.4708922985
0.9176216573 9.2109059020e-01 1053.4708922985
0.9212096202 9.2109059020e-01 1053.4708922985
0.9247975832 9.2109059020e-01 1053.4708922985
0.9283855462 9.2109059020e-01 1053.4708922985
0.9319735091 9.2109059020e-01 1053.4708922985
0.9355614721 9.2109059020e-01 1053.4708922985
0.9391494351 9.2109059020e-01 1053.4708922985
0.9427373980 9.2109059020e-01 1053.4708922985
0.9463253610 9.2109059020e-01 1053.4708922985
0.9499133240 9.2109059020e-01 1053.4708922985
0.9535012869 9.2109059020e-01 1053.4708922985
0.9570892499 9.2109059020e-01 1053.4708922985
0.9606772129 9.2109059020e-01 1053.4708922985
0.9642651758 9.2109059020e-01 1053.4708922985
0.9678531388 9.2109059020e-01 1053.4708922985
