328 241.46487 -17.05000 56035.39855 21.65000 299 0.01306 1.59019 g -1
327 234.43417 -17.05000 56035.40214 21.65000 299 0.01212 1.57040 g -1
378 238.20283 -9.85000 56035.40573 21.65000 299 0.01191 1.37401 g -1
279 250.53343 -24.25000 56035.40932 21.65000 299 0.00465 1.94213 g -1
278 243.24800 -24.25000 56035.41290 21.65000 299 0.00399 1.87736 g -1
277 235.96257 -24.25000 56035.41649 21.65000 299 0.00193 1.87461 g -1
377 231.13317 -9.85000 56035.42008 21.65000 299 0.00181 1.39684 g -1
1370 233.68950 -13.45000 56035.42367 21.65000 299 0.00087 1.48247 g -1
1371 240.59608 -13.45000 56035.42726 21.65000 299 0.00055 1.46449 g -1
860 156.00000 76.55000 56035.43084 21.65000 299 0.00055 1.85727 g -1
429 234.79000 -2.65000 56035.43443 21.65000 299 0.00051 1.26304 g -1
1320 242.35409 -20.65000 56035.43802 21.65000 299 0.00034 1.71235 g -1
1319 235.19636 -20.65000 56035.44161 21.65000 299 0.00030 1.77000 g -1
861 180.00000 76.55000 56035.44520 21.65000 299 0.00027 1.66440 g -1
1423 237.35792 -6.25000 56035.44878 21.65000 299 0.00026 1.34242 g -1
328 241.46487 -17.05000 56035.44948 21.65000 299 0.01306 1.60221 r -1
327 234.43417 -17.05000 56035.45307 21.65000 299 0.01212 1.68018 r -1
378 238.20283 -9.85000 56035.45665 21.65000 299 0.01191 1.43654 r -1
279 250.53343 -24.25000 56035.46024 21.65000 299 0.00465 1.87818 r -1
278 243.24800 -24.25000 56035.46383 21.65000 299 0.00399 1.94629 r -1
377 231.13317 -9.85000 56035.46742 21.65000 299 0.00181 1.56686 r -1
1370 233.68950 -13.45000 56035.47101 21.65000 299 0.00087 1.65853 r -1
1371 240.59608 -13.45000 56035.47459 21.65000 299 0.00055 1.57703 r -1
429 234.79000 -2.65000 56035.47818 21.65000 299 0.00051 1.39751 r -1
1320 242.35409 -20.65000 56035.48177 21.65000 299 0.00034 1.86825 r -1
861 180.00000 76.55000 56035.48536 21.65000 299 0.00027 1.80922 r -1
1423 237.35792 -6.25000 56035.48895 21.65000 299 0.00026 1.49571 r -1
860 156.00000 76.55000 56036.13857 21.65000 299 0.00055 1.38399 r -1
1319 235.19636 -20.65000 56036.32515 21.65000 299 0.00030 2.00162 r -1
277 235.96257 -24.25000 56036.35385 21.65000 299 0.00193 2.00500 r -1
