0.0473708021 4.5935425071e-03 47.3151792488
0.0509587651 8.8702405807e-03 93.5287855882
0.0545467281 1.2940689430e-02 140.8964206898
0.0581346910 1.6587043140e-02 187.0051153236
0.0617226540 1.9804666201e-02 231.4352226670
0.0653106170 2.2774584396e-02 276.1800651273
0.0688985799 2.5762985264e-02 320.4003490594
0.0724865429 2.8731638830e-02 364.5157212858
0.0760745059 3.1581390604e-02 408.6835493650
0.0796624688 3.4472620566e-02 456.4183754364
0.0832504318 3.7229161444e-02 502.4746142174
0.0868383948 3.9743670097e-02 547.9013827644
0.0904263577 4.2338963406e-02 594.6920034849
0.0940143207 4.4976559220e-02 638.8073757113
0.0976022837 4.7266515382e-02 683.2374830547
0.1011902466 4.9612693662e-02 731.4968676544
0.1047782096 5.1939635730e-02 778.7071351975
0.1083661725 5.4218601400e-02 826.3370495632
0.1119541355 5.6419481506e-02 873.5473171063
0.1155420985 5.8564770583e-02 919.0789973591
0.1191300614 6.0684678126e-02 966.1318973437
0.1227180244 6.2989657211e-02 1013.4470765925
0.1263059874 6.5075163557e-02 1060.4999765771
0.1298939503 6.7110275913e-02 1102.3597471320
0.1334819133 6.9148636603e-02 1150.1470290563
0.1370698763 7.1093261455e-02 1196.2557236900
0.1406578392 7.3075737517e-02 1243.1512561162
0.1442458022 7.5032062908e-02 1290.7811704819
0.1478337652 7.6840269941e-02 1333.5326905349
0.1514217281 7.8716392487e-02 1380.6905022252
0.1550096911 8.0590799845e-02 1428.4777841494
0.1585976541 8.2532715238e-02 1475.9503309567
0.1621856170 8.4490130107e-02 1523.4753336167
0.1657735800 8.6267050277e-02 1570.5282336014
0.1693615430 8.8042334018e-02 1617.6335894389
0.1729495059 8.9775207732e-02 1664.6864894235
0.1765374689 9.1501259243e-02 1712.0016686723
0.1801254318 9.3226014514e-02 1758.6349218343
0.1837133948 9.4927588708e-02 1803.9043228229
0.1873013578 9.6603902883e-02 1850.9572228076
0.1908893207 9.8245701930e-02 1898.1150344979
0.1944772837 9.9878241516e-02 1941.2337455206
0.1980652467 1.0153193413e-01 1988.5489247694
0.2016532096 1.0317821994e-01 2034.5527076975
0.2052411726 1.0482331412e-01 2082.3399896217
0.2088291356 1.0646802415e-01 2127.6093906103
0.2124170985 1.0810706130e-01 2172.8263357461
0.2160050615 1.0974558465e-01 2218.1481925875
0.2195930245 1.1137203901e-01 2263.4700494289
0.2231809874 1.1298207816e-01 2308.6869945646
0.2267689504 1.1458001377e-01 2355.8448062549
0.2303569134 1.1616271563e-01 2402.8977062396
0.2339448763 1.1773804670e-01 2439.3020681006
0.2375328393 1.1929154987e-01 2486.2500563796
0.2411208023 1.2093323246e-01 2529.1589439910
0.2447087652 1.2240740167e-01 2572.9071252477
0.2482967282 1.2390181806e-01 2615.7111011534
0.2518846911 1.2521427141e-01 2658.7773563233
0.2554726541 1.2661724523e-01 2704.4139482817
0.2590606171 1.2816532389e-01 2751.4668482663
0.2626485800 1.2961700601e-01 2798.3099248397
0.2662365430 1.3104093521e-01 2844.1563402093
0.2698245060 1.3246380207e-01 2890.4224024016
0.2734124689 1.3387624585e-01 2934.2754953639
0.2770004319 1.3522810631e-01 2977.1843829753
0.2805883949 1.3656092460e-01 3022.4013281111
0.2841763578 1.3789798723e-01 3067.5658173940
0.2877643208 1.3925277121e-01 3113.7269678806
0.2913522838 1.4060619842e-01 3160.7798678653
0.2949402467 1.4193598387e-01 3208.3573263782
0.2985282097 1.4323030155e-01 3255.6725056269
0.3021161727 1.4451657377e-01 3301.7287444079
0.3057041356 1.4576361780e-01 3346.7358661324
0.3092920986 1.4702408474e-01 3392.0052671209
0.3128800616 1.4826635296e-01 3438.1139617547
0.3164680245 1.4966252470e-01 3485.3766851507
0.3200559875 1.5087610998e-01 3529.2822339658
0.3236439504 1.5203420948e-01 3576.3351339504
0.3272319134 1.5315548488e-01 3617.8801693884
0.3308198764 1.5429240626e-01 3665.0904369315
0.3344078393 1.5539161824e-01 3708.1566921014
0.3379958023 1.5649352342e-01 3750.0689185091
0.3415837653 1.5758900929e-01 3797.1218184938
0.3451717282 1.5868212530e-01 3844.0698067728
0.3487596912 1.5974309299e-01 3887.1360619427
0.3523476542 1.6079948675e-01 3933.1923007237
0.3559356171 1.6184909710e-01 3979.3534512103
0.3595235801 1.6289482378e-01 4015.1283428374
0.3631115431 1.6386500647e-01 4062.6533454975
0.3666995060 1.6482365955e-01 4108.6571284256
0.3702874690 1.6577815964e-01 4153.0872357690
0.3738754320 1.6670964674e-01 4198.8811952858
0.3774633949 1.6765710689e-01 4245.8291835648
0.3810513579 1.6859782603e-01 4290.9412169949
0.3846393209 1.6950180719e-01 4339.1481457417
0.3882272838 1.7040405470e-01 4381.0079162966
0.3918152468 1.7126259489e-01 4427.1166109304
0.3954032097 1.7208640193e-01 4473.1728497114
0.3989911727 1.7290550690e-01 4518.4947065528
0.4025791357 1.7368937388e-01 4563.0297256018
0.4061670986 1.7445864573e-01 4606.1484366245
0.4097550616 1.7523487518e-01 4653.8832626959
0.4133430246 1.7616905972e-01 4702.0377355899
0.4169309875 1.7693173387e-01 4743.5303151750
0.4205189505 1.7769396962e-01 4790.7405827182
0.4241069135 1.7841174325e-01 4837.9508502613
0.4276948764 1.7912947933e-01 4884.0595448951
0.4312828394 1.7982978424e-01 4928.7519315026
0.4348708024 1.8052764495e-01 4970.6117020575
0.4384587653 1.8120741372e-01 5015.9335588989
0.4420467283 1.8188385894e-01 5057.4785943368
