0.3085760139 3.3269053267e-04 47.3151792488
0.3372797176 2.8072008579e-03 95.1024611730
0.3588074954 3.6424769101e-03 142.9421989500
0.3767473102 1.1912871645e-02 190.1524664932
0.3946871250 1.3572852767e-02 236.3136169798
0.4054510139 3.0385716268e-02 260.8105002494
0.4269787917 5.3676625232e-02 292.8610263259
0.4485065695 6.9869358628e-02 332.0980042395
0.4492010140 6.9869358628e-02 332.0980042395
0.4527889769 6.9869358628e-02 332.0980042395
0.4563769399 6.9869358628e-02 332.0980042395
0.4599649029 6.9869358628e-02 332.0980042395
0.4635528658 6.9869358628e-02 332.0980042395
0.4671408288 6.9869358628e-02 332.0980042395
0.4707287917 6.9869358628e-02 332.0980042395
0.4743167547 6.9869358628e-02 332.0980042395
