666 141.20364 33.35000 55985.42348 21.65000 299 0.01266 1.36383 g -1
665 133.35036 33.35000 55985.42707 21.65000 299 0.01266 1.56118 g -1
618 136.13714 26.15000 55985.43065 21.65000 299 0.01257 1.60617 g -1
619 143.61886 26.15000 55985.43424 21.65000 299 0.01199 1.44934 g -1
570 145.05827 18.95000 55985.43783 21.65000 299 0.00205 1.53456 g -1
569 138.00511 18.95000 55985.44142 21.65000 299 0.00201 1.80230 g -1
356 82.74185 -9.85000 55986.10986 21.65000 299 0.17053 1.37267 g -1
407 79.02404 -2.65000 55986.11344 21.65000 299 0.12434 1.23790 g -1
510 78.60038 11.75000 55986.11703 21.65000 299 0.07015 1.07884 g -1
457 75.34792 4.55000 55986.12062 21.65000 299 0.05399 1.15573 g -1
561 81.12327 18.95000 55986.12421 21.65000 299 0.04269 1.03548 g -1
458 82.35880 4.55000 55986.12779 21.65000 299 0.03222 1.14522 g -1
306 86.61025 -17.05000 55986.13138 21.65000 299 0.01855 1.57026 g -1
658 78.41211 33.35000 55986.13497 21.65000 299 0.01251 1.01409 g -1
355 75.69267 -9.85000 55986.13856 21.65000 299 0.01244 1.43058 g -1
408 86.05288 -2.65000 55986.14215 21.65000 299 0.01176 1.24427 g -1
305 79.52832 -17.05000 55986.14573 21.65000 299 0.00734 1.63202 g -1
364 139.22750 -9.85000 55986.14932 21.65000 299 0.00931 2.01617 g -1
406 71.99519 -2.65000 55986.15291 21.65000 299 0.00656 1.36122 g -1
1401 84.78089 -6.25000 55986.15650 21.65000 299 0.00620 1.33425 g -1
1400 77.87319 -6.25000 55986.16009 21.65000 299 0.00503 1.39894 g -1
611 83.74320 26.15000 55986.16367 21.65000 299 0.00432 1.04030 g -1
313 136.00443 -17.05000 55986.16726 21.65000 299 0.02345 2.01284 g -1
365 146.29717 -9.85000 55986.17085 21.65000 299 0.00701 1.98850 g -1
1556 79.84043 15.35000 55986.17444 21.65000 299 0.00418 1.13672 g -1
1452 81.10231 0.95000 55986.17803 21.65000 299 0.00377 1.29863 g -1
1348 81.62214 -13.45000 55986.18161 21.65000 299 0.00346 1.64592 g -1
314 143.03513 -17.05000 55986.18520 21.65000 299 0.02211 2.03118 g -1
1504 77.41468 8.15000 55986.18879 21.65000 299 0.00315 1.28224 g -1
704 88.84822 40.55000 55986.19238 21.65000 299 0.00288 1.05592 g -1
659 86.23064 33.35000 55986.19597 21.65000 299 0.00200 1.07385 g -1
705 97.46504 40.55000 55986.19955 21.65000 299 0.00195 1.03256 g -1
357 89.79104 -9.85000 55986.20314 21.65000 299 0.00189 1.53067 g -1
417 149.71000 -2.65000 55986.20673 21.65000 299 0.00185 1.50035 g -1
416 142.62000 -2.65000 55986.21032 21.65000 299 0.00184 1.37549 g -1
263 133.96657 -24.25000 55986.21391 21.65000 299 0.00183 1.97186 g -1
356 82.74185 -9.85000 55986.21460 21.65000 299 0.17053 1.74705 r -1
407 79.02404 -2.65000 55986.21819 21.65000 299 0.12434 1.65278 r -1
510 78.60038 11.75000 55986.22178 21.65000 299 0.07015 1.40117 r -1
457 75.34792 4.55000 55986.22536 21.65000 299 0.05399 1.64046 r -1
561 81.12327 18.95000 55986.22895 21.65000 299 0.04269 1.31704 r -1
458 82.35880 4.55000 55986.23254 21.65000 299 0.03222 1.52692 r -1
313 136.00443 -17.05000 55986.23613 21.65000 299 0.02345 1.59866 r -1
314 143.03513 -17.05000 55986.23972 21.65000 299 0.02211 1.64407 r -1
666 141.20364 33.35000 55986.24330 21.65000 299 0.01266 1.01607 r -1
665 133.35036 33.35000 55986.24689 21.65000 299 0.01266 1.00101 r -1
618 136.13714 26.15000 55986.25048 21.65000 299 0.01257 1.01049 r -1
658 78.41211 33.35000 55986.25407 21.65000 299 0.01251 1.41240 r -1
619 143.61886 26.15000 55986.25766 21.65000 299 0.01199 1.01853 r -1
408 86.05288 -2.65000 55986.26124 21.65000 299 0.01176 1.93391 r -1
364 139.22750 -9.85000 55986.26483 21.65000 299 0.00931 1.37460 r -1
365 146.29717 -9.85000 55986.26842 21.65000 299 0.00701 1.38940 r -1
611 83.74320 26.15000 55986.27201 21.65000 299 0.00432 1.50166 r -1
1556 79.84043 15.35000 55986.27560 21.65000 299 0.00418 1.85740 r -1
704 88.84822 40.55000 55986.27918 21.65000 299 0.00288 1.35342 r -1
570 145.05827 18.95000 55986.28277 21.65000 299 0.00205 1.03316 r -1
569 138.00511 18.95000 55986.28636 21.65000 299 0.00201 1.03822 r -1
659 86.23064 33.35000 55986.28995 21.65000 299 0.00200 1.52535 r -1
705 97.46504 40.55000 55986.29354 21.65000 299 0.00195 1.30111 r -1
417 149.71000 -2.65000 55986.29712 21.65000 299 0.00185 1.23746 r -1
416 142.62000 -2.65000 55986.30071 21.65000 299 0.00184 1.24700 r -1
263 133.96657 -24.25000 55986.30430 21.65000 299 0.00183 1.99457 r -1
