0.1653743234 1.4381610643e-02 47.3151792488
0.1689622864 2.7516169082e-02 93.6336972939
0.1725502493 4.0496383772e-02 140.8964206898
0.1761382123 5.1562581271e-02 187.9493206745
0.1797261753 6.2193200958e-02 235.2644999233
0.1833141382 7.0289780993e-02 283.3140611116
0.1869021012 7.6048193321e-02 331.2062547415
0.1904900642 7.9886972280e-02 379.0459925185
0.1940780271 9.8469780147e-02 425.3645105636
0.1976659901 1.0192614299e-01 471.9977637256
0.2012539531 1.0447161732e-01 520.1522366196
0.2048419160 1.0656638065e-01 567.1002248986
0.2084298790 1.0791550071e-01 615.3071536454
0.2120178420 1.0917795860e-01 662.3600536301
0.2156058049 1.1475343634e-01 708.6785716752
0.2191937679 1.1584616533e-01 755.7839275127
0.2227817308 1.1681781376e-01 757.9870733313
0.2263696938 1.1773266270e-01 804.3580472293
0.2299576568 1.1864116563e-01 807.4004866931
0.2335456197 1.1952069866e-01 853.6665488854
0.2371335827 1.2041954342e-01 855.9221505569
0.2407215457 1.2164228194e-01 901.9783893379
0.2443095086 1.2242460705e-01 949.2935685867
0.2478974716 1.2313350619e-01 996.3464685713
0.2514854346 1.2380383803e-01 1043.2944568503
0.4308835828 1.2463046492e-01 1090.4522685406
0.4559993236 1.2532067178e-01 1137.6625360837
0.4595872865 1.2632327104e-01 1184.9252594797
0.4631752495 1.2733812264e-01 1232.1355270228
0.4667632125 1.2853750941e-01 1278.8212360377
0.4703511754 1.3041121043e-01 1326.3986945506
0.4739391384 1.3319014437e-01 1373.5040503881
0.4775271014 1.3516003009e-01 1420.7667737840
0.4811150643 1.3775410606e-01 1467.8196737687
0.4847030273 1.4270626867e-01 1512.9317071988
0.4882909903 1.5677401272e-01 1558.7781225684
0.4918789532 1.7034682150e-01 1606.5654044927
0.4954669162 1.8108138119e-01 1654.3526864169
0.4990548791 1.9030185364e-01 1699.4647198470
0.5026428421 1.9822472466e-01 1745.7832378921
0.5062308051 2.0572282072e-01 1792.8361378767
0.5098187680 3.1337127963e-01 1838.0006271596
0.5134067310 3.5199591910e-01 1885.2633505556
0.5169946940 3.9161910836e-01 1930.8474866611
0.5205826569 4.2050424352e-01 1976.5365344723
0.5241706199 4.7615285575e-01 2021.7534796080
0.5277585829 4.9824783090e-01 2068.7014678870
0.5313465458 5.0307127053e-01 2116.0166471358
0.5349345088 5.0680347496e-01 2163.0695471205
0.5385224718 5.1590293074e-01 2210.1224471051
0.5421104347 5.2050176795e-01 2257.5949939124
0.5456983977 5.2218193881e-01 2259.7981397311
0.5492863607 5.2383597435e-01 2262.2111089610
0.5528743236 5.2538914312e-01 2264.7814457495
0.5564622866 5.3007287309e-01 2311.8343457342
0.5600502496 5.3139322344e-01 2314.0374915528
0.5636382125 5.3267635438e-01 2316.1357256659
0.5672261755 5.3366159421e-01 2359.1495249829
0.5708141384 5.3474553520e-01 2406.2024249676
0.5744021014 5.4262423018e-01 2427.0798543922
0.5779900644 5.4353701821e-01 2472.8213580562
0.5815780273 5.4493737037e-01 2520.5561841276
0.5851659903 5.4577406576e-01 2564.7240122068
0.5887539533 5.6579878791e-01 2586.6505586880
0.5923419162 6.0019629893e-01 2630.4511957974
0.5959298792 6.0112780311e-01 2677.7663750462
0.5966243236 6.0112780311e-01 2677.7663750462
0.6002122866 6.0112780311e-01 2677.7663750462
0.6038002496 6.0112780311e-01 2677.7663750462
0.6073882125 6.0112780311e-01 2677.7663750462
0.6109761755 6.0112780311e-01 2677.7663750462
0.6145641385 6.0112780311e-01 2677.7663750462
