648 0.57433 33.35000 55851.08891 21.65000 299 0.16518 1.54395 g -1
694 3.46860 40.55000 55851.09249 21.65000 299 0.11677 1.52429 g -1
737 12.25000 47.75000 55851.09608 21.65000 299 0.07780 1.65490 g -1
600 0.96160 26.15000 55851.09967 21.65000 299 0.04786 1.53225 g -1
695 11.90000 40.40000 55851.10326 21.65000 299 0.04309 1.63898 g -1
647 353.43600 26.15000 55851.10685 21.65000 299 0.02987 1.32187 g -1
774 17.54512 54.95000 55851.11043 21.65000 299 0.01900 1.61933 g -1
775 28.13537 54.95000 55851.11402 21.65000 299 0.01672 1.84264 g -1
738 22.28709 47.75000 55851.11761 21.65000 299 0.01336 1.71463 g -1
649 8.35811 33.35000 55851.12120 21.65000 299 0.01334 1.45400 g -1
1692 3.86850 36.95000 55851.12479 21.65000 299 0.00875 1.32720 g -1
1735 7.65092 44.15000 55851.12837 21.65000 299 0.00762 1.34751 g -1
1645 0.76047 29.75000 55851.13196 21.65000 299 0.00670 1.27247 g -1
808 33.33333 62.15000 55851.13555 21.65000 299 0.00569 1.72915 g -1
599 354.12545 18.95000 55851.13914 21.65000 299 0.00565 1.21963 g -1
809 46.66667 62.15000 55851.14273 21.65000 299 0.00516 1.97642 g -1
693 352.79056 33.35000 55851.14631 21.65000 299 0.00498 1.11720 g -1
736 2.21291 47.75000 55851.14990 21.65000 299 0.00275 1.19441 g -1
648 0.57433 33.35000 55851.15060 21.65000 299 0.16518 1.17429 r -1
694 3.46860 40.55000 55851.15418 21.65000 299 0.11677 1.18223 r -1
737 12.25000 47.75000 55851.15777 21.65000 299 0.07780 1.26805 r -1
600 0.96160 26.15000 55851.16136 21.65000 299 0.04786 1.16302 r -1
695 11.90000 40.40000 55851.16495 21.65000 299 0.04309 1.23138 r -1
647 353.43600 26.15000 55851.16854 21.65000 299 0.02987 1.08111 r -1
774 17.54512 54.95000 55851.17212 21.65000 299 0.01900 1.29005 r -1
775 28.13537 54.95000 55851.17571 21.65000 299 0.01672 1.40070 r -1
738 22.28709 47.75000 55851.17930 21.65000 299 0.01336 1.29541 r -1
649 8.35811 33.35000 55851.18289 21.65000 299 0.01334 1.13724 r -1
1692 3.86850 36.95000 55851.18648 21.65000 299 0.00875 1.08989 r -1
1735 7.65092 44.15000 55851.19006 21.65000 299 0.00762 1.11484 r -1
1645 0.76047 29.75000 55851.19365 21.65000 299 0.00670 1.06177 r -1
808 33.33333 62.15000 55851.19724 21.65000 299 0.00569 1.39882 r -1
599 354.12545 18.95000 55851.20083 21.65000 299 0.00565 1.05592 r -1
809 46.66667 62.15000 55851.20442 21.65000 299 0.00516 1.53382 r -1
693 352.79056 33.35000 55851.20800 21.65000 299 0.00498 1.00980 r -1
736 2.21291 47.75000 55851.21159 21.65000 299 0.00275 1.06188 r -1
