0.0575097626 1.6517628358e-01 47.7872819242
0.0610977256 2.8194898836e-01 95.0500053202
0.0646856885 3.5978907323e-01 142.3127287161
0.0682736515 4.0765054019e-01 188.9984377310
0.0718616145 4.5073831830e-01 232.8515306933
0.0754495774 4.8060877871e-01 278.8028577686
0.0790375404 4.9966390156e-01 326.1704928702
0.0826255033 5.1638558058e-01 368.0302634251
0.0862134663 5.2974580515e-01 414.1914139117
0.0898014293 5.4308097510e-01 459.4083590475
0.0933893922 5.5182836839e-01 461.4541373077
0.0969773552 5.6194093836e-01 474.5156446613
0.1005653182 5.6864061068e-01 476.8761580384
0.1041532811 5.7437505584e-01 524.5060724042
0.1077412441 5.8011062573e-01 572.2933543284
0.1113292071 5.8526862401e-01 615.2022419398
0.1149171700 5.9024935467e-01 660.4716429284
0.1185051330 5.9046936293e-01 696.1940787027
0.1191995774 5.9046936293e-01 696.1940787027
0.1227875404 5.9046936293e-01 696.1940787027
0.1263755034 5.9046936293e-01 696.1940787027
0.1299634663 5.9046936293e-01 696.1940787027
0.1335514293 5.9046936293e-01 696.1940787027
0.1371393923 5.9046936293e-01 696.1940787027
0.1407273552 5.9046936293e-01 696.1940787027
0.1443153182 5.9046936293e-01 696.1940787027
0.1479032812 5.9046936293e-01 696.1940787027
0.1514912441 5.9046936293e-01 696.1940787027
0.1550792071 5.9046936293e-01 696.1940787027
0.1586671701 5.9046936293e-01 696.1940787027
0.1622551330 5.9046936293e-01 696.1940787027
0.1658430960 5.9046936293e-01 696.1940787027
0.1694310590 5.9046936293e-01 696.1940787027
0.1730190219 5.9046936293e-01 696.1940787027
0.1766069849 5.9046936293e-01 696.1940787027
0.1801949478 5.9046936293e-01 696.1940787027
