380 252.34217 -9.85000 56104.37529 21.65000 299 0.03288 1.88510 g -1
483 253.82600 4.55000 56104.37888 21.65000 299 0.02957 1.47667 g -1
431 248.97000 -2.65000 56104.38247 21.65000 299 0.02617 1.82536 g -1
432 256.06000 -2.65000 56104.38606 21.65000 299 0.02376 1.64966 g -1
381 259.41183 -9.85000 56104.38964 21.65000 299 0.01991 1.82517 g -1
535 256.97600 11.75000 56104.39323 21.65000 299 0.01635 1.39857 g -1
433 263.15000 -2.65000 56104.39682 21.65000 299 0.00871 1.57294 g -1
332 269.58765 -17.05000 56104.40041 21.65000 299 0.00784 1.94970 g -1
484 260.66778 4.55000 56104.40400 21.65000 299 0.00769 1.52479 g -1
534 250.00089 11.75000 56104.40758 21.65000 299 0.00699 1.70899 g -1
382 266.48150 -9.85000 56104.41117 21.65000 299 0.00694 1.84622 g -1
585 252.57882 18.95000 56104.41476 21.65000 299 0.00372 1.57366 g -1
1477 254.89831 0.95000 56104.41835 21.65000 299 0.00184 1.98230 g -1
1529 251.59700 8.15000 56104.42194 21.65000 299 0.00097 1.94808 g -1
1478 261.85923 0.95000 56104.42552 21.65000 299 0.00065 1.80396 g -1
1530 258.57900 8.15000 56104.42911 21.65000 299 0.00062 1.76699 g -1
1581 255.36571 15.35000 56104.43270 21.65000 299 0.00042 1.75986 g -1
586 259.84737 18.95000 56104.43629 21.65000 299 0.00036 1.58770 g -1
482 246.98422 4.55000 56105.17144 21.65000 299 0.00451 1.26940 g -1
330 255.52626 -17.05000 56105.17503 21.65000 299 0.00440 1.99429 g -1
1425 251.23728 -6.25000 56105.17861 21.65000 299 0.00334 1.49031 g -1
822 220.00000 62.15000 56105.18220 21.65000 299 0.00260 1.14200 g -1
1426 258.17696 -6.25000 56105.18579 21.65000 299 0.00159 1.56461 g -1
845 214.28571 69.35000 56105.18938 21.65000 299 0.00151 1.24617 g -1
331 262.55696 -17.05000 56105.19296 21.65000 299 0.01374 2.01128 g -1
1374 261.43924 -13.45000 56105.19655 21.65000 299 0.00097 1.78355 g -1
1373 254.40925 -13.45000 56105.20014 21.65000 299 0.00068 1.62417 g -1
1476 247.93738 0.95000 56105.20373 21.65000 299 0.00058 1.23153 g -1
533 243.02578 11.75000 56105.20732 21.65000 299 0.00056 1.08951 g -1
1427 265.14043 -6.25000 56105.21090 21.65000 299 0.00053 1.52627 g -1
583 238.04173 18.95000 56105.21449 21.65000 299 0.00044 1.03321 g -1
379 245.27250 -9.85000 56105.21808 21.65000 299 0.00034 1.38818 g -1
333 276.64396 -17.05000 56105.23243 21.65000 299 0.00053 2.00528 g -1
1324 270.98500 -20.65000 56105.23602 21.65000 299 0.00045 1.99830 g -1
281 265.10429 -24.25000 56105.24320 21.65000 299 0.00058 2.02137 g -1
282 272.44354 -24.25000 56105.26472 21.65000 299 0.00300 2.01334 g -1
283 279.83661 -24.25000 56105.28625 21.65000 299 0.00052 2.00642 g -1
380 252.34217 -9.85000 56105.28695 21.65000 299 0.03288 1.39494 r -1
483 253.82600 4.55000 56105.29053 21.65000 299 0.02957 1.15660 r -1
431 248.97000 -2.65000 56105.29412 21.65000 299 0.02617 1.28588 r -1
432 256.06000 -2.65000 56105.29771 21.65000 299 0.02376 1.25562 r -1
381 259.41183 -9.85000 56105.30130 21.65000 299 0.01991 1.38675 r -1
535 256.97600 11.75000 56105.30489 21.65000 299 0.01635 1.09526 r -1
331 262.55696 -17.05000 56105.30847 21.65000 299 0.01374 1.58517 r -1
433 263.15000 -2.65000 56105.31206 21.65000 299 0.00871 1.24872 r -1
332 269.58765 -17.05000 56105.31565 21.65000 299 0.00784 1.57136 r -1
484 260.66778 4.55000 56105.31924 21.65000 299 0.00769 1.17005 r -1
534 250.00089 11.75000 56105.32283 21.65000 299 0.00699 1.17256 r -1
382 266.48150 -9.85000 56105.32641 21.65000 299 0.00694 1.39504 r -1
482 246.98422 4.55000 56105.33000 21.65000 299 0.00451 1.31591 r -1
330 255.52626 -17.05000 56105.33359 21.65000 299 0.00440 1.74905 r -1
585 252.57882 18.95000 56105.33718 21.65000 299 0.00372 1.13850 r -1
1425 251.23728 -6.25000 56105.34077 21.65000 299 0.00334 1.52155 r -1
282 272.44354 -24.25000 56105.34435 21.65000 299 0.00300 1.91015 r -1
822 220.00000 62.15000 56105.34794 21.65000 299 0.00260 1.52375 r -1
1477 254.89831 0.95000 56105.35153 21.65000 299 0.00184 1.37221 r -1
1426 258.17696 -6.25000 56105.35512 21.65000 299 0.00159 1.49295 r -1
845 214.28571 69.35000 56105.35871 21.65000 299 0.00151 1.67557 r -1
1529 251.59700 8.15000 56105.36229 21.65000 299 0.00097 1.36561 r -1
1374 261.43924 -13.45000 56105.36588 21.65000 299 0.00097 1.71866 r -1
1373 254.40925 -13.45000 56105.36947 21.65000 299 0.00068 1.93399 r -1
1478 261.85923 0.95000 56105.37306 21.65000 299 0.00065 1.38357 r -1
