870 60.00000 83.75000 55977.10484 21.65000 299 0.01394 1.57302 g -1
871 100.00000 83.75000 55977.10843 21.65000 299 0.01170 1.59727 g -1
855 36.00000 76.55000 55977.11202 21.65000 299 0.00608 1.44885 g -1
869 20.00000 83.75000 55977.11561 21.65000 299 0.00560 1.66752 g -1
856 60.00000 76.55000 55977.11919 21.65000 299 0.00337 1.38523 g -1
838 94.28571 69.35000 55977.12278 21.65000 299 0.00316 1.25794 g -1
813 100.00000 62.15000 55977.12637 21.65000 299 0.00290 1.17992 g -1
703 80.23141 40.55000 55977.12996 21.65000 299 0.00252 1.00807 g -1
704 88.84822 40.55000 55977.13355 21.65000 299 0.00228 1.01487 g -1
658 78.41211 33.35000 55977.13713 21.65000 299 0.00215 1.00120 g -1
858 108.00000 76.55000 55977.14072 21.65000 299 0.00215 1.40687 g -1
857 84.00000 76.55000 55977.14431 21.65000 299 0.00208 1.37189 g -1
705 97.46504 40.55000 55977.14790 21.65000 299 0.00190 1.02177 g -1
660 94.08393 33.35000 55977.15149 21.65000 299 0.00187 1.00542 g -1
659 86.23064 33.35000 55977.15507 21.65000 299 0.00187 1.00043 g -1
811 73.33333 62.15000 55977.15866 21.65000 299 0.00183 1.16169 g -1
745 91.27823 47.75000 55977.16225 21.65000 299 0.00172 1.03242 g -1
612 91.24686 26.15000 55977.16584 21.65000 299 0.00136 1.00806 g -1
812 86.66667 62.15000 55977.16943 21.65000 299 0.00134 1.14461 g -1
878 10.00000 88.00000 55977.17301 21.65000 299 0.00132 1.81087 g -1
839 111.42857 69.35000 55977.17660 21.65000 299 0.00128 1.25227 g -1
872 140.00000 83.75000 55977.18019 21.65000 299 0.00126 1.62998 g -1
611 83.74320 26.15000 55977.18378 21.65000 299 0.00114 1.03416 g -1
746 100.70292 47.75000 55977.18737 21.65000 299 0.00113 1.03241 g -1
610 76.21760 26.15000 55977.19095 21.65000 299 0.00110 1.08471 g -1
657 70.62833 33.35000 55977.19454 21.65000 299 0.00105 1.11754 g -1
562 88.37309 18.95000 55977.19813 21.65000 299 0.00098 1.06379 g -1
702 71.61980 40.55000 55977.20172 21.65000 299 0.00093 1.12748 g -1
837 77.14286 69.35000 55977.20531 21.65000 299 0.00092 1.29579 g -1
1894 90.00000 88.50000 55977.20889 21.65000 299 0.00080 1.75207 g -1
781 92.97719 54.95000 55977.21248 21.65000 299 0.00075 1.09723 g -1
836 60.00000 69.35000 55977.21607 21.65000 299 0.00069 1.42240 g -1
744 81.85354 47.75000 55977.21966 21.65000 299 0.00064 1.11745 g -1
779 71.12768 54.95000 55977.22325 21.65000 299 0.00063 1.23719 g -1
810 60.00000 62.15000 55977.22683 21.65000 299 0.00062 1.39878 g -1
780 82.05244 54.95000 55977.23042 21.65000 299 0.00048 1.17536 g -1
782 103.90195 54.95000 55977.23401 21.65000 299 0.00047 1.08931 g -1
511 85.58463 11.75000 55977.23760 21.65000 299 0.00042 1.24722 g -1
1884 90.54955 80.15000 55977.24119 21.65000 299 0.00040 1.49839 g -1
561 81.12327 18.95000 55977.24477 21.65000 299 0.00038 1.26916 g -1
879 170.00000 88.00000 55977.24836 21.65000 299 0.00034 1.75594 g -1
1882 35.16493 80.15000 55977.25195 21.65000 299 0.00031 1.82786 g -1
1895 240.00000 88.50000 55977.25554 21.65000 299 0.00031 1.84908 g -1
814 113.33333 62.15000 55977.25912 21.65000 299 0.00029 1.15277 g -1
1883 62.85724 80.15000 55977.26271 21.65000 299 0.00023 1.65466 g -1
743 72.25385 47.75000 55977.26630 21.65000 299 0.00021 1.38876 g -1
859 132.00000 76.55000 55977.26989 21.65000 299 0.00020 1.37096 g -1
835 42.85714 69.35000 55977.27348 21.65000 299 0.00019 1.90605 g -1
1845 98.77722 65.75000 55977.27706 21.65000 299 0.00018 1.26936 g -1
778 60.11656 54.95000 55977.28065 21.65000 299 0.00015 1.70351 g -1
880 10.00000 87.40000 55977.28424 21.65000 299 0.00015 1.89279 g -1
875 260.00000 83.75000 55977.29142 21.65000 299 0.00030 2.00618 g -1
876 300.00000 83.75000 55977.40264 21.65000 299 0.00030 2.00392 g -1
877 340.00000 83.75000 55977.51387 21.65000 299 0.00067 2.00370 g -1
871 100.00000 83.75000 55977.51456 21.65000 299 0.01170 1.98163 r -1
878 10.00000 88.00000 55977.51815 21.65000 299 0.00132 1.90484 r -1
872 140.00000 83.75000 55977.52174 21.65000 299 0.00126 1.77902 r -1
1894 90.00000 88.50000 55977.52533 21.65000 299 0.00080 1.86616 r -1
877 340.00000 83.75000 55977.52892 21.65000 299 0.00067 1.97426 r -1
879 170.00000 88.00000 55977.53250 21.65000 299 0.00034 1.76310 r -1
1895 240.00000 88.50000 55977.53609 21.65000 299 0.00031 1.74941 r -1
876 300.00000 83.75000 55977.53968 21.65000 299 0.00030 1.74168 r -1
875 260.00000 83.75000 55977.54327 21.65000 299 0.00030 1.60058 r -1
859 132.00000 76.55000 55977.54686 21.65000 299 0.00020 1.96370 r -1
880 10.00000 87.40000 55977.55044 21.65000 299 0.00015 1.91781 r -1
