0.2959201590 1.8186091610e-03 47.9971053355
0.2995081220 3.0361091140e-03 86.9718039850
0.3030960849 4.3864274482e-03 133.9197922640
0.3066840479 5.8829275097e-03 181.7070741882
0.3102720109 7.0704243237e-03 229.4943561124
0.3138599738 8.8997989492e-03 276.8619912140
0.3174479368 1.0193529269e-02 324.1771704628
0.3210358998 1.2366475968e-02 370.2334092438
0.3246238627 1.4103408769e-02 417.5485884926
0.3282118257 1.6527650616e-02 462.8179894811
0.3317997887 1.7987810064e-02 510.2905362884
0.3353877516 1.9241072880e-02 557.5008038315
0.3389757146 2.0993333936e-02 601.9309111749
0.3425636776 2.2850272900e-02 647.7773265445
0.3461516405 2.4345327987e-02 695.3547850575
0.3497396035 2.5856910936e-02 740.6241860460
0.3533275664 2.6842803915e-02 779.5464288427
0.3569155294 2.7971344100e-02 806.6136489008
0.3605034924 2.9086476399e-02 852.6698876817
0.3640914553 3.0482405075e-02 896.8901716138
0.3676794183 3.1533515040e-02 942.3169401608
0.3712673813 3.3327601872e-02 987.6387970022
0.3748553442 3.4371996695e-02 1033.4852123719
0.3784433072 3.5802691667e-02 1080.6954799150
0.3820312702 3.6795427152e-02 1128.4827618392
0.3856192331 4.1435166125e-02 1172.5981340657
0.3892071961 4.5973261224e-02 1218.7068286994
0.3927951591 5.1137714042e-02 1264.0286855408
0.3963831220 5.4068210962e-02 1311.3438647896
0.3999710850 5.6383396147e-02 1357.3476477178
0.4035590480 5.8932993250e-02 1404.7152828194
0.4071470109 6.3775387011e-02 1450.8239774532
0.4107349739 7.4882917608e-02 1494.9918055324
0.4143229368 8.4909353076e-02 1540.2087506681
0.4179108998 9.4820502856e-02 1586.2649894491
0.4214988628 1.0087646174e-01 1628.1247600040
0.4250868257 1.0502307212e-01 1669.6697954420
0.4286747887 1.1656180088e-01 1715.7260342229
0.4322627517 1.3775132064e-01 1759.8414064493
0.4358507146 1.6049338381e-01 1805.1108074379
0.4394386776 1.6903239825e-01 1852.8980893621
0.4430266406 1.9148891985e-01 1899.0067839959
0.4466146035 2.0605309714e-01 1944.9581110712
0.4502025665 2.1755505576e-01 1986.8178816261
0.4537905295 2.2380262830e-01 2029.8841367960
0.4573784924 2.5248686821e-01 2074.3142441394
0.4609664554 2.6743670495e-01 2119.6361009808
0.4645544184 2.7166653100e-01 2167.0037360824
0.4681423813 2.7543080143e-01 2212.8501514521
0.4717303443 2.9888146091e-01 2259.0113019387
0.4753183073 3.1687793667e-01 2300.9235283464
0.4789062702 3.3153570285e-01 2343.9897835163
0.4824942332 3.4034636645e-01 2387.8428764786
0.4860821961 3.4850537318e-01 2429.3354560637
0.4896701591 3.5242487775e-01 2476.5457236069
0.4932581221 3.5568162142e-01 2521.7626687426
0.4968460850 3.6201150978e-01 2567.9238192292
0.5004340480 3.6482243960e-01 2615.1340867723
0.5040220110 3.8663710753e-01 2656.9938573273
0.5076099739 4.0372520599e-01 2700.1125683500
0.5111979369 4.0643967142e-01 2748.3194970968
0.5147858999 4.0873801195e-01 2795.1101178173
0.5183738628 4.1078658545e-01 2842.3728412133
0.5219618258 4.1309742981e-01 2881.1901723043
0.5255497888 4.1964855656e-01 2922.7352077422
0.5291377517 4.2129714857e-01 2925.6202796477
0.5327257147 4.2254674080e-01 2971.8863418399
0.5363136777 4.2380363385e-01 2974.2993110699
0.5399016406 4.2497865851e-01 2976.4500010358
0.5434896036 4.2603850612e-01 3020.8801083791
0.5470775666 4.2711427579e-01 3023.2406217563
0.5506655295 4.2803471383e-01 3070.3459775938
0.5542534925 4.2899979836e-01 3072.6540351181
0.5578414554 4.2990585132e-01 3111.4713662091
0.5614294184 4.3229521028e-01 3118.6578180462
0.5650173814 4.3316999355e-01 3165.7631738837
0.5686053443 4.3404172299e-01 3212.8160738683
0.5721933073 4.3480649629e-01 3248.5385096426
0.5757812703 4.3566950989e-01 3295.5914096273
0.5793692332 4.3647876568e-01 3338.6576647972
0.5829571962 4.3728351122e-01 3383.4025072575
0.5865451592 4.3817970626e-01 3430.8225982119
0.5901331221 4.3900534402e-01 3457.7324507115
0.5937210851 4.3982515570e-01 3504.7853506962
0.5973090481 4.4048927002e-01 3541.9765503496
0.6008970110 4.4126595918e-01 3543.9698727570
0.6044849740 4.4229371588e-01 3546.1730185757
0.6080729370 4.4305572647e-01 3591.6522429755
