0.0696764853 4.0257263169e-01 47.1578116903
0.0732644483 6.5017007854e-01 94.9975494673
0.0768524112 8.0743936848e-01 141.1586999540
0.0804403742 8.6131462784e-01 188.3689674971
0.0840283372 8.9160658092e-01 190.5196574629
0.0876163001 8.9932066848e-01 237.5725574476
0.0912042631 9.0688350912e-01 285.3598393718
0.0947922261 9.1382836296e-01 287.7728086018
0.0983801890 9.2003010439e-01 334.8257085864
0.0990746335 9.2003010439e-01 334.8257085864
0.1026625964 9.2003010439e-01 334.8257085864
0.1062505594 9.2003010439e-01 334.8257085864
0.1098385224 9.2003010439e-01 334.8257085864
0.1134264853 9.2003010439e-01 334.8257085864
0.1170144483 9.2003010439e-01 334.8257085864
0.1206024113 9.2003010439e-01 334.8257085864
0.1241903742 9.2003010439e-01 334.8257085864
0.1277783372 9.2003010439e-01 334.8257085864
