571 152.11144 18.95000 55981.13579 21.65000 299 0.00408 2.04610 g -1
467 144.35756 4.55000 55981.13938 21.65000 299 0.00280 2.05370 g -1
621 158.58229 26.15000 55981.14297 21.65000 299 0.03073 2.04346 g -1
520 150.39933 11.75000 55981.14656 21.65000 299 0.00599 1.98065 g -1
416 142.62000 -2.65000 55981.15015 21.65000 299 0.00498 2.05823 g -1
572 159.16460 18.95000 55981.15732 21.65000 299 0.19818 2.00874 g -1
1618 162.98457 22.55000 55981.16091 21.65000 299 0.02675 2.03568 g -1
622 166.06400 26.15000 55981.16450 21.65000 299 0.16115 2.02850 g -1
521 157.67444 11.75000 55981.16809 21.65000 299 0.05157 1.95668 g -1
468 151.19933 4.55000 55981.17167 21.65000 299 0.00730 1.83667 g -1
573 166.21777 18.95000 55981.17526 21.65000 299 0.22440 2.03854 g -1
1567 157.08868 15.35000 55981.17885 21.65000 299 0.00544 1.68843 g -1
522 164.94956 11.75000 55981.18244 21.65000 299 0.02043 2.06303 g -1
623 173.54571 26.15000 55981.18603 21.65000 299 0.01242 2.01373 g -1
469 158.04111 4.55000 55981.18961 21.65000 299 0.00511 1.85121 g -1
671 180.47007 33.35000 55981.19320 21.65000 299 0.00840 2.04636 g -1
470 164.88289 4.55000 55981.19679 21.65000 299 0.00513 2.04379 g -1
1568 164.14153 15.35000 55981.20038 21.65000 299 0.00295 1.66490 g -1
523 172.22467 11.75000 55981.20397 21.65000 299 0.00397 2.03657 g -1
670 172.61679 33.35000 55981.20755 21.65000 299 0.00285 1.57350 g -1
1714 188.06674 36.95000 55981.21114 21.65000 299 0.00386 2.01480 g -1
672 188.32336 33.35000 55981.21473 21.65000 299 0.02989 2.05006 g -1
716 192.25000 40.55000 55981.21832 21.65000 299 0.02567 2.00794 g -1
364 139.22750 -9.85000 55981.22191 21.65000 299 0.00255 1.50689 g -1
417 149.71000 -2.65000 55981.22549 21.65000 299 0.00238 1.46813 g -1
1619 170.30093 22.55000 55981.22908 21.65000 299 0.00228 1.44460 g -1
673 196.17664 33.35000 55981.23626 21.65000 299 0.00966 2.05374 g -1
718 209.48363 40.55000 55981.26496 21.65000 299 0.00588 2.02441 g -1
675 211.88321 33.35000 55981.27931 21.65000 299 0.00347 2.06109 g -1
573 166.21777 18.95000 55981.28001 21.65000 299 0.22440 1.14954 r -1
572 159.16460 18.95000 55981.28360 21.65000 299 0.19818 1.08931 r -1
622 166.06400 26.15000 55981.28718 21.65000 299 0.16115 1.09268 r -1
521 157.67444 11.75000 55981.29077 21.65000 299 0.05157 1.11633 r -1
621 158.58229 26.15000 55981.29436 21.65000 299 0.03073 1.03884 r -1
672 188.32336 33.35000 55981.29795 21.65000 299 0.02989 1.25043 r -1
1618 162.98457 22.55000 55981.30154 21.65000 299 0.02675 1.05849 r -1
716 192.25000 40.55000 55981.30512 21.65000 299 0.02567 1.25062 r -1
522 164.94956 11.75000 55981.30871 21.65000 299 0.02043 1.12048 r -1
623 173.54571 26.15000 55981.31230 21.65000 299 0.01242 1.08215 r -1
673 196.17664 33.35000 55981.31589 21.65000 299 0.00966 1.26923 r -1
671 180.47007 33.35000 55981.31948 21.65000 299 0.00840 1.09515 r -1
468 151.19933 4.55000 55981.32306 21.65000 299 0.00730 1.14238 r -1
520 150.39933 11.75000 55981.32665 21.65000 299 0.00599 1.07809 r -1
718 209.48363 40.55000 55981.33024 21.65000 299 0.00588 1.36884 r -1
1567 157.08868 15.35000 55981.33383 21.65000 299 0.00544 1.05191 r -1
470 164.88289 4.55000 55981.33741 21.65000 299 0.00513 1.14973 r -1
469 158.04111 4.55000 55981.34100 21.65000 299 0.00511 1.14224 r -1
416 142.62000 -2.65000 55981.34459 21.65000 299 0.00498 1.30314 r -1
571 152.11144 18.95000 55981.34818 21.65000 299 0.00408 1.04527 r -1
523 172.22467 11.75000 55981.35177 21.65000 299 0.00397 1.08786 r -1
1714 188.06674 36.95000 55981.35535 21.65000 299 0.00386 1.06091 r -1
675 211.88321 33.35000 55981.35894 21.65000 299 0.00347 1.27134 r -1
1568 164.14153 15.35000 55981.36253 21.65000 299 0.00295 1.05312 r -1
670 172.61679 33.35000 55981.36612 21.65000 299 0.00285 1.00188 r -1
467 144.35756 4.55000 55981.36971 21.65000 299 0.00280 1.25701 r -1
364 139.22750 -9.85000 55981.37329 21.65000 299 0.00255 1.65349 r -1
417 149.71000 -2.65000 55981.37688 21.65000 299 0.00238 1.34363 r -1
1619 170.30093 22.55000 55981.38047 21.65000 299 0.00228 1.01962 r -1
