437 291.41827 -2.65000 56027.43945 21.65000 299 0.01106 2.00877 g -1
436 284.38942 -2.65000 56027.44304 21.65000 299 0.00415 1.70550 g -1
385 287.65978 -9.85000 56027.44663 21.65000 299 0.01122 2.04222 g -1
489 295.13032 4.55000 56027.45022 21.65000 299 0.00392 1.76110 g -1
488 288.11944 4.55000 56027.45380 21.65000 299 0.00279 1.52501 g -1
384 280.61059 -9.85000 56027.45739 21.65000 299 0.00270 1.69763 g -1
788 169.45049 54.95000 56027.46098 21.65000 299 0.00258 1.83390 g -1
818 166.66667 62.15000 56027.46457 21.65000 299 0.00193 1.86484 g -1
386 294.70896 -9.85000 56027.46816 21.65000 299 0.00121 2.01194 g -1
438 298.44712 -2.65000 56027.47174 21.65000 299 0.00104 1.82264 g -1
334 283.72589 -17.05000 56027.47533 21.65000 299 0.00093 1.89882 g -1
540 291.93112 11.75000 56027.47892 21.65000 299 0.00090 1.31322 g -1
541 298.91537 11.75000 56027.48251 21.65000 299 0.00085 1.41029 g -1
487 281.19311 4.55000 56027.48609 21.65000 299 0.00063 1.24426 g -1
1430 285.91848 -6.25000 56027.48968 21.65000 299 0.00062 1.47831 g -1
1431 292.70557 -6.25000 56027.49327 21.65000 299 0.00056 1.57135 g -1
539 284.87644 11.75000 56027.49686 21.65000 299 0.00052 1.16320 g -1
333 276.64396 -17.05000 56027.50045 21.65000 299 0.00044 1.63313 g -1
1482 289.69352 0.95000 56027.50403 21.65000 299 0.00042 1.31745 g -1
490 302.14120 4.55000 56027.50762 21.65000 299 0.00039 1.41573 g -1
435 277.33000 -2.65000 56027.51121 21.65000 299 0.00032 1.26078 g -1
1483 296.46237 0.95000 56027.51480 21.65000 299 0.00026 1.35198 g -1
750 138.40169 47.75000 56028.13303 21.65000 299 0.00536 1.03781 g -1
785 136.67622 54.95000 56028.13662 21.65000 299 0.00483 1.07710 g -1
751 147.82638 47.75000 56028.14021 21.65000 299 0.00483 1.05204 g -1
749 128.97700 47.75000 56028.14380 21.65000 299 0.00341 1.03493 g -1
786 147.60097 54.95000 56028.14739 21.65000 299 0.00337 1.08705 g -1
710 140.54911 40.55000 56028.15097 21.65000 299 0.00289 1.00902 g -1
711 149.16593 40.55000 56028.15456 21.65000 299 0.00228 1.01940 g -1
784 125.75146 54.95000 56028.15815 21.65000 299 0.00227 1.09156 g -1
787 158.52573 54.95000 56028.16174 21.65000 299 0.00221 1.10163 g -1
753 166.67577 47.75000 56028.16533 21.65000 299 0.00213 1.08868 g -1
709 131.93230 40.55000 56028.16891 21.65000 299 0.00209 1.02114 g -1
816 140.00000 62.15000 56028.17250 21.65000 299 0.00178 1.14229 g -1
752 157.25108 47.75000 56028.17609 21.65000 299 0.00160 1.04351 g -1
817 153.33333 62.15000 56028.17968 21.65000 299 0.00145 1.14317 g -1
815 126.66667 62.15000 56028.18327 21.65000 299 0.00129 1.17880 g -1
666 141.20364 33.35000 56028.18685 21.65000 299 0.00081 1.00829 g -1
842 162.85714 69.35000 56028.19044 21.65000 299 0.00079 1.24421 g -1
712 157.78274 40.55000 56028.19403 21.65000 299 0.00074 1.01043 g -1
713 166.39956 40.55000 56028.19762 21.65000 299 0.00071 1.02330 g -1
783 114.82671 54.95000 56028.20121 21.65000 299 0.00066 1.22540 g -1
748 119.55231 47.75000 56028.20479 21.65000 299 0.00065 1.16793 g -1
667 149.05693 33.35000 56028.20838 21.65000 299 0.00059 1.00815 g -1
841 145.71429 69.42000 56028.21197 21.65000 299 0.00058 1.24835 g -1
665 133.35036 33.35000 56028.21556 21.65000 299 0.00057 1.08245 g -1
814 113.33333 62.15000 56028.21915 21.65000 299 0.00054 1.34023 g -1
708 123.31548 40.55000 56028.22273 21.65000 299 0.00053 1.18159 g -1
840 128.57143 69.35000 56028.22632 21.65000 299 0.00047 1.32548 g -1
707 114.69867 40.55000 56028.22991 21.65000 299 0.00035 1.31871 g -1
714 175.01637 40.55000 56028.23350 21.65000 299 0.00032 1.01434 g -1
664 125.49707 33.35000 56028.23709 21.65000 299 0.00030 1.22625 g -1
839 111.42857 69.35000 56028.24067 21.65000 299 0.00030 1.48968 g -1
747 110.12762 47.75000 56028.24426 21.65000 299 0.00029 1.46413 g -1
1788 145.30492 51.35000 56028.24785 21.65000 299 0.00028 1.11644 g -1
754 176.10046 47.75000 56028.25144 21.65000 299 0.00027 1.03278 g -1
668 156.91021 33.35000 56028.25503 21.65000 299 0.00025 1.03424 g -1
663 117.64379 33.35000 56028.25861 21.65000 299 0.00024 1.49425 g -1
860 156.00000 76.55000 56028.26220 21.65000 299 0.00023 1.39532 g -1
670 172.61679 33.35000 56028.26579 21.65000 299 0.00022 1.00372 g -1
813 100.00000 62.15000 56028.26938 21.65000 299 0.00021 1.79886 g -1
1750 146.01462 44.15000 56028.27297 21.65000 299 0.00021 1.14469 g -1
706 106.08185 40.55000 56028.27655 21.65000 299 0.00020 1.96889 g -1
1787 134.87268 51.35000 56028.28014 21.65000 299 0.00019 1.29321 g -1
1749 136.76754 44.15000 56028.28373 21.65000 299 0.00018 1.27794 g -1
782 103.90195 54.95000 56028.28732 21.65000 299 0.00017 1.94443 g -1
1820 138.98986 58.55000 56028.29091 21.65000 299 0.00017 1.31955 g -1
618 136.13714 26.15000 56028.29449 21.65000 299 0.00016 1.43654 g -1
859 132.00000 76.55000 56028.29808 21.65000 299 0.00016 1.56730 g -1
619 143.61886 26.15000 56028.30167 21.65000 299 0.00015 1.34173 g -1
1822 163.18423 58.55000 56028.30526 21.65000 299 0.00015 1.17849 g -1
669 164.76350 33.35000 56028.30885 21.65000 299 0.00014 1.09806 g -1
617 128.65543 26.15000 56028.31243 21.65000 299 0.00013 1.85600 g -1
1790 166.15090 51.35000 56028.31602 21.65000 299 0.00013 1.13737 g -1
590 288.92157 18.95000 56028.38778 21.65000 299 0.00019 2.01669 g -1
591 296.12691 18.95000 56028.40572 21.65000 299 0.00020 2.05474 g -1
1535 293.39478 8.15000 56028.41648 21.65000 299 0.00013 2.05808 g -1
592 303.37673 18.95000 56028.42725 21.65000 299 0.00024 2.02704 g -1
436 284.38942 -2.65000 56028.42794 21.65000 299 0.00415 1.85081 r -1
489 295.13032 4.55000 56028.43153 21.65000 299 0.00392 1.99902 r -1
437 291.41827 -2.65000 56028.43512 21.65000 299 0.01106 2.03573 r -1
488 288.11944 4.55000 56028.43871 21.65000 299 0.00279 1.63953 r -1
