776 38.72562 54.95000 55873.07464 21.65000 299 0.00437 1.93500 g -1
739 32.32418 47.75000 55873.07822 21.65000 299 0.00343 1.78885 g -1
698 37.42753 40.55000 55873.08181 21.65000 299 0.00550 2.04747 g -1
740 42.36127 47.75000 55873.08540 21.65000 299 0.00700 2.05086 g -1
809 46.66667 62.15000 55873.08899 21.65000 299 0.00290 1.91769 g -1
652 31.70944 33.35000 55873.09258 21.65000 299 0.00281 1.79130 g -1
777 49.31587 54.95000 55873.09616 21.65000 299 0.00444 2.02744 g -1
653 39.49322 33.35000 55873.09975 21.65000 299 0.00542 2.00647 g -1
808 33.33333 62.15000 55873.10334 21.65000 299 0.00264 1.55523 g -1
699 45.97560 40.55000 55873.10693 21.65000 299 0.00769 2.02467 g -1
605 38.58960 26.15000 55873.11052 21.65000 299 0.00362 1.95111 g -1
741 52.39836 47.75000 55873.11410 21.65000 299 0.00440 2.03826 g -1
697 28.87947 40.55000 55873.11769 21.65000 299 0.00238 1.41474 g -1
654 47.27700 33.35000 55873.12128 21.65000 299 0.00498 2.00742 g -1
775 28.13537 54.95000 55873.12487 21.65000 299 0.00209 1.35738 g -1
606 46.11520 26.15000 55873.12846 21.65000 299 0.00277 2.00163 g -1
555 37.62436 18.95000 55873.13204 21.65000 299 0.00204 1.74826 g -1
604 31.06400 26.15000 55873.13563 21.65000 299 0.00201 1.42649 g -1
738 22.28709 47.75000 55873.13922 21.65000 299 0.00163 1.21564 g -1
700 54.52367 40.55000 55873.14281 21.65000 299 0.00151 1.84851 g -1
835 42.85714 69.35000 55873.14640 21.65000 299 0.00148 1.51481 g -1
696 20.38973 40.55000 55873.14998 21.65000 299 0.00147 1.15221 g -1
651 23.92567 33.35000 55873.15357 21.65000 299 0.00146 1.18071 g -1
834 25.71429 69.35000 55873.15716 21.65000 299 0.00142 1.34745 g -1
556 44.87418 18.95000 55873.16075 21.65000 299 0.00121 1.64328 g -1
807 20.00000 62.15000 55873.16434 21.65000 299 0.00116 1.21879 g -1
774 17.54512 54.95000 55873.16792 21.65000 299 0.00108 1.14074 g -1
743 72.25385 47.75000 55873.17151 21.65000 299 0.00115 2.00482 g -1
737 12.25000 47.75000 55873.17510 21.65000 299 0.00106 1.06728 g -1
702 71.61980 40.55000 55873.17869 21.65000 299 0.00211 2.01435 g -1
650 16.14189 33.35000 55873.18228 21.65000 299 0.00093 1.04640 g -1
657 70.62833 33.35000 55873.18586 21.65000 299 0.00320 2.01018 g -1
609 68.69200 26.15000 55873.18945 21.65000 299 0.00323 2.03050 g -1
559 66.62364 18.95000 55873.19304 21.65000 299 0.00261 2.05957 g -1
744 81.85354 47.75000 55873.19663 21.65000 299 0.00362 2.02608 g -1
703 80.23141 40.55000 55873.20022 21.65000 299 0.00441 2.05225 g -1
780 82.05244 54.95000 55873.20380 21.65000 299 0.00174 1.83966 g -1
658 78.41211 33.35000 55873.20739 21.65000 299 0.00372 2.01105 g -1
610 76.21760 26.15000 55873.21098 21.65000 299 0.00292 2.01838 g -1
560 73.87345 18.95000 55873.21457 21.65000 299 0.00226 2.03219 g -1
781 92.97719 54.95000 55873.21816 21.65000 299 0.00307 2.01623 g -1
745 91.27823 47.75000 55873.22174 21.65000 299 0.00314 2.04065 g -1
813 100.00000 62.15000 55873.22533 21.65000 299 0.00202 2.02809 g -1
704 88.84822 40.55000 55873.22892 21.65000 299 0.00198 1.97601 g -1
508 64.63187 11.75000 55873.23251 21.65000 299 0.00162 1.59255 g -1
509 71.61613 11.75000 55873.23610 21.65000 299 0.00141 1.77805 g -1
659 86.23064 33.35000 55873.23968 21.65000 299 0.00111 1.84637 g -1
839 111.42857 69.35000 55873.24327 21.65000 299 0.00309 2.02425 g -1
782 103.90195 54.95000 55873.24686 21.65000 299 0.00210 2.03560 g -1
812 86.66667 62.15000 55873.25045 21.65000 299 0.00101 1.55944 g -1
504 36.69487 11.75000 55873.25404 21.65000 299 0.00092 1.10922 g -1
810 60.00000 62.15000 55873.25762 21.65000 299 0.00091 1.25576 g -1
838 94.28571 69.35000 55873.26121 21.65000 299 0.00091 1.62996 g -1
814 113.33333 62.15000 55873.26480 21.65000 299 0.00438 2.00276 g -1
608 61.16640 26.15000 55873.26839 21.65000 299 0.00090 1.16233 g -1
558 59.37382 18.95000 55873.27197 21.65000 299 0.00089 1.17232 g -1
695 11.90000 40.40000 55873.27556 21.65000 299 0.00088 1.03808 g -1
746 100.70292 47.75000 55873.27915 21.65000 299 0.00088 1.67434 g -1
833 8.57143 69.35000 55873.28274 21.65000 299 0.00083 1.27474 g -1
656 62.84456 33.35000 55873.28633 21.65000 299 0.00081 1.10097 g -1
773 6.95487 54.95000 55873.28991 21.65000 299 0.00079 1.14251 g -1
840 128.57143 69.35000 55873.29350 21.65000 299 0.00086 2.00326 g -1
778 60.11656 54.95000 55873.29709 21.65000 299 0.00079 1.12231 g -1
815 126.66667 62.15000 55873.30068 21.65000 299 0.00209 2.01298 g -1
455 61.32616 4.55000 55873.30427 21.65000 299 0.00079 1.22307 g -1
655 55.06078 33.35000 55873.30785 21.65000 299 0.00077 1.02164 g -1
456 68.33704 4.55000 55873.31144 21.65000 299 0.00075 1.26336 g -1
783 114.82671 54.95000 55873.31503 21.65000 299 0.00070 1.65771 g -1
507 57.64762 11.75000 55873.31862 21.65000 299 0.00070 1.09944 g -1
806 6.66667 62.15000 55873.32221 21.65000 299 0.00067 1.27044 g -1
855 36.00000 76.55000 55873.32579 21.65000 299 0.00065 1.37993 g -1
836 60.00000 69.35000 55873.32938 21.65000 299 0.00062 1.24550 g -1
611 83.74320 26.15000 55873.33297 21.65000 299 0.00061 1.15521 g -1
816 140.00000 62.15000 55873.33656 21.65000 299 0.00061 2.02311 g -1
841 145.71429 69.42000 55873.34015 21.65000 299 0.00081 2.00772 g -1
736 2.21291 47.75000 55873.34373 21.65000 299 0.00058 1.32410 g -1
607 53.64080 26.15000 55873.34732 21.65000 299 0.00058 1.00814 g -1
701 63.07173 40.55000 55873.35091 21.65000 299 0.00056 1.01234 g -1
742 62.43545 47.75000 55873.35450 21.65000 299 0.00055 1.03459 g -1
854 12.00000 76.55000 55873.35809 21.65000 299 0.00051 1.49982 g -1
779 71.12768 54.95000 55873.36167 21.65000 299 0.00048 1.08564 g -1
694 3.46860 40.55000 55873.36526 21.65000 299 0.00046 1.44482 g -1
1739 44.44354 44.15000 55873.36885 21.65000 299 0.00044 1.05119 g -1
817 153.33333 62.15000 55873.37244 21.65000 299 0.00294 2.03318 g -1
505 43.67912 11.75000 55873.37603 21.65000 299 0.00044 1.14777 g -1
649 8.35811 33.35000 55873.37961 21.65000 299 0.00043 1.49860 g -1
557 52.12400 18.95000 55873.38320 21.65000 299 0.00040 1.06593 g -1
842 162.85714 69.35000 55873.38679 21.65000 299 0.00559 2.01429 g -1
1849 158.87953 65.75000 55873.39038 21.65000 299 0.00039 1.95340 g -1
454 54.31528 4.55000 55873.39397 21.65000 299 0.00038 1.19454 g -1
787 158.52573 54.95000 55873.39755 21.65000 299 0.00050 2.04194 g -1
805 356.36462 54.95000 55873.40114 21.65000 299 0.00038 1.82491 g -1
860 156.00000 76.55000 55873.40473 21.65000 299 0.00037 1.76090 g -1
784 125.75146 54.95000 55873.40832 21.65000 299 0.00036 1.30319 g -1
818 166.66667 62.15000 55873.41191 21.65000 299 0.00243 2.00697 g -1
861 180.00000 76.55000 55873.41549 21.65000 299 0.00074 1.99961 g -1
832 353.33333 62.15000 55873.41908 21.65000 299 0.00035 1.99359 g -1
1697 45.77600 36.95000 55873.42267 21.65000 299 0.00034 1.15391 g -1
811 73.33333 62.15000 55873.42626 21.65000 299 0.00034 1.14939 g -1
561 81.12327 18.95000 55873.42985 21.65000 299 0.00033 1.03431 g -1
843 180.00000 69.35000 55873.43343 21.65000 299 0.00082 2.01952 g -1
705 97.46504 40.55000 55873.43702 21.65000 299 0.00032 1.01771 g -1
404 57.93750 -2.65000 55873.44061 21.65000 299 0.00031 1.44786 g -1
786 147.60097 54.95000 55873.44420 21.65000 299 0.00029 1.41237 g -1
819 180.00000 62.15000 55873.44779 21.65000 299 0.00133 2.01664 g -1
405 64.96635 -2.65000 55873.45137 21.65000 299 0.00029 1.40245 g -1
506 50.66337 11.75000 55873.45496 21.65000 299 0.00029 1.41495 g -1
789 180.37888 54.95000 55873.45855 21.65000 299 0.00056 2.03491 g -1
856 60.00000 76.55000 55873.46214 21.65000 299 0.00029 1.44739 g -1
754 176.10046 47.75000 55873.46572 21.65000 299 0.00027 1.91603 g -1
788 169.45049 54.95000 55873.46931 21.65000 299 0.00026 1.63324 g -1
837 77.14286 69.35000 55873.47290 21.65000 299 0.00026 1.27363 g -1
1846 113.87953 65.75000 55873.47649 21.65000 299 0.00026 1.19484 g -1
844 197.14286 69.35000 55873.48008 21.65000 299 0.00058 2.02470 g -1
820 193.33333 62.15000 55873.48366 21.65000 299 0.00174 2.02635 g -1
858 108.00000 76.55000 55873.48725 21.65000 299 0.00024 1.37144 g -1
790 191.39000 54.95000 55873.49084 21.65000 299 0.00045 2.01213 g -1
1696 37.26374 36.95000 55873.49443 21.65000 299 0.00024 1.82434 g -1
1778 42.02262 51.35000 55873.49802 21.65000 299 0.00024 1.58959 g -1
857 84.00000 76.55000 55873.50160 21.65000 299 0.00024 1.41151 g -1
1738 35.24538 44.15000 55873.50519 21.65000 299 0.00022 1.92619 g -1
862 204.00000 76.55000 55873.50878 21.65000 299 0.00022 1.87504 g -1
1779 51.92760 51.35000 55873.51237 21.65000 299 0.00022 1.49669 g -1
1743 81.28508 44.15000 55873.51596 21.65000 299 0.00020 1.14204 g -1
821 206.66667 62.15000 55873.51954 21.65000 299 0.00073 2.03615 g -1
1701 79.30200 36.95000 55873.52313 21.65000 299 0.00019 1.18055 g -1
747 110.12762 47.75000 55873.52672 21.65000 299 0.00018 1.04101 g -1
1812 43.18422 58.55000 55873.53031 21.65000 299 0.00018 1.78586 g -1
510 78.60038 11.75000 55873.53390 21.65000 299 0.00017 1.42644 g -1
1655 77.35732 29.75000 55873.53748 21.65000 299 0.00017 1.29430 g -1
1654 69.69763 29.75000 55873.54107 21.65000 299 0.00016 1.46035 g -1
845 214.28571 69.35000 55873.54466 21.65000 299 0.00016 1.90118 g -1
749 128.97700 47.75000 55873.54825 21.65000 299 0.00015 1.03235 g -1
1783 93.19106 51.35000 55873.55184 21.65000 299 0.00015 1.17251 g -1
