632 240.88114 26.15000 56136.16138 21.65000 299 0.05263 1.01286 g -1
679 243.29636 33.35000 56136.16497 21.65000 299 0.05119 1.00303 g -1
678 235.44307 33.35000 56136.16856 21.65000 299 0.05053 1.02266 g -1
722 243.95089 40.55000 56136.17215 21.65000 299 0.04501 1.01310 g -1
631 233.39943 26.15000 56136.17573 21.65000 299 0.03739 1.05183 g -1
762 253.59800 47.75000 56136.17932 21.65000 299 0.03305 1.03234 g -1
761 243.82331 47.75000 56136.18291 21.65000 299 0.02778 1.04404 g -1
723 252.56770 40.55000 56136.18650 21.65000 299 0.02624 1.00935 g -1
796 257.79854 54.95000 56136.19008 21.65000 299 0.02408 1.07541 g -1
721 235.33407 40.55000 56136.19367 21.65000 299 0.02181 1.06517 g -1
583 238.04173 18.95000 56136.19726 21.65000 299 0.01797 1.09924 g -1
825 260.00000 62.15000 56136.20085 21.65000 299 0.01775 1.14122 g -1
826 273.33333 62.15000 56136.20444 21.65000 299 0.01737 1.14954 g -1
797 268.89602 54.95000 56136.20802 21.65000 299 0.01564 1.07735 g -1
795 246.70105 54.95000 56136.21161 21.65000 299 0.01426 1.10580 g -1
680 251.14964 33.35000 56136.21520 21.65000 299 0.01397 1.02643 g -1
582 230.77318 18.95000 56136.21879 21.65000 299 0.01379 1.23902 g -1
633 248.36286 26.15000 56136.22238 21.65000 299 0.01330 1.06118 g -1
677 227.58979 33.35000 56136.22596 21.65000 299 0.01268 1.23145 g -1
763 263.37269 47.75000 56136.22955 21.65000 299 0.01235 1.03917 g -1
630 225.91771 26.15000 56136.23314 21.65000 299 0.01139 1.33232 g -1
848 265.71429 69.35000 56136.23673 21.65000 299 0.00929 1.24147 g -1
584 245.31027 18.95000 56136.24032 21.65000 299 0.00812 1.16396 g -1
581 223.50463 18.95000 56136.24390 21.65000 299 0.00729 1.54530 g -1
760 234.04862 47.75000 56136.24749 21.65000 299 0.00611 1.23706 g -1
531 229.07556 11.75000 56136.25108 21.65000 299 0.00587 1.58573 g -1
724 261.18452 40.55000 56136.25467 21.65000 299 0.00546 1.04770 g -1
824 246.66667 62.15000 56136.25826 21.65000 299 0.00543 1.24516 g -1
532 236.05067 11.75000 56136.26184 21.65000 299 0.00514 1.50606 g -1
847 248.57143 69.35000 56136.26543 21.65000 299 0.00442 1.33048 g -1
827 286.66667 62.15000 56136.26902 21.65000 299 0.00415 1.14136 g -1
849 282.85714 69.35000 56136.27261 21.65000 299 0.00354 1.23782 g -1
851 317.14286 69.35000 56136.27620 21.65000 299 0.00348 1.29292 g -1
1676 238.20700 29.75000 56136.27978 21.65000 299 0.00347 1.38778 g -1
798 279.99351 54.95000 56136.28337 21.65000 299 0.00339 1.08671 g -1
720 226.71726 40.55000 56136.28696 21.65000 299 0.00322 1.62352 g -1
794 235.60357 54.95000 56136.29055 21.65000 299 0.00303 1.42548 g -1
764 273.14738 47.75000 56136.29414 21.65000 299 0.00295 1.07855 g -1
850 300.00000 69.35000 56136.29772 21.65000 299 0.00234 1.23733 g -1
828 300.00000 62.15000 56136.30131 21.65000 299 0.00219 1.14184 g -1
867 324.00000 76.55000 56136.30490 21.65000 299 0.00216 1.40728 g -1
1720 238.26585 36.95000 56136.30849 21.65000 299 0.00188 1.55764 g -1
1721 246.63237 36.95000 56136.31208 21.65000 299 0.00185 1.40385 g -1
1761 247.73246 44.15000 56136.31566 21.65000 299 0.00181 1.38118 g -1
681 259.00293 33.35000 56136.31925 21.65000 299 0.00178 1.26127 g -1
1677 245.86650 29.75000 56136.32284 21.65000 299 0.00169 1.56712 g -1
866 300.00000 76.55000 56136.32643 21.65000 299 0.00117 1.37531 g -1
1629 243.46476 22.55000 56136.33002 21.65000 299 0.00116 1.85176 g -1
1798 249.56881 51.35000 56136.33360 21.65000 299 0.00110 1.44831 g -1
829 313.33333 62.15000 56136.33719 21.65000 299 0.00106 1.14211 g -1
1799 260.05956 51.35000 56136.34078 21.65000 299 0.00104 1.33323 g -1
1830 258.98986 58.55000 56136.34437 21.65000 299 0.00103 1.38433 g -1
1760 238.48538 44.15000 56136.34796 21.65000 299 0.00101 1.90239 g -1
1762 256.97954 44.15000 56136.35154 21.65000 299 0.00100 1.44624 g -1
1856 263.87953 65.75000 56136.35513 21.65000 299 0.00093 1.41766 g -1
823 233.33333 62.15000 56136.35872 21.65000 299 0.00090 1.93053 g -1
634 255.84457 26.15000 56136.36231 21.65000 299 0.00084 1.75187 g -1
799 291.09099 54.95000 56136.36590 21.65000 299 0.00081 1.15615 g -1
852 334.28571 69.35000 56136.36948 21.65000 299 0.00069 1.24654 g -1
1831 270.98986 58.55000 56136.37307 21.65000 299 0.00065 1.36543 g -1
865 276.00000 76.55000 56136.37666 21.65000 299 0.00061 1.51190 g -1
725 269.80133 40.55000 56136.38025 21.65000 299 0.00057 1.41389 g -1
864 252.00000 76.55000 56136.38383 21.65000 299 0.00057 1.71756 g -1
1722 255.10475 36.95000 56136.38742 21.65000 299 0.00054 1.93684 g -1
762 253.59800 47.75000 56136.38812 21.65000 299 0.03305 1.82989 r -1
796 257.79854 54.95000 56136.39171 21.65000 299 0.02408 1.68774 r -1
825 260.00000 62.15000 56136.39529 21.65000 299 0.01775 1.64566 r -1
826 273.33333 62.15000 56136.39888 21.65000 299 0.01737 1.46561 r -1
797 268.89602 54.95000 56136.40247 21.65000 299 0.01564 1.54107 r -1
763 263.37269 47.75000 56136.40606 21.65000 299 0.01235 1.73135 r -1
848 265.71429 69.35000 56136.40965 21.65000 299 0.00929 1.64314 r -1
847 248.57143 69.35000 56136.41323 21.65000 299 0.00442 1.94005 r -1
827 286.66667 62.15000 56136.41682 21.65000 299 0.00415 1.38666 r -1
849 282.85714 69.35000 56136.42041 21.65000 299 0.00354 1.49242 r -1
851 317.14286 69.35000 56136.42400 21.65000 299 0.00348 1.28062 r -1
798 279.99351 54.95000 56136.42758 21.65000 299 0.00339 1.50541 r -1
764 273.14738 47.75000 56136.43117 21.65000 299 0.00295 1.71166 r -1
850 300.00000 69.35000 56136.43476 21.65000 299 0.00234 1.39190 r -1
828 300.00000 62.15000 56136.43835 21.65000 299 0.00219 1.33294 r -1
867 324.00000 76.55000 56136.44194 21.65000 299 0.00216 1.40720 r -1
866 300.00000 76.55000 56136.44552 21.65000 299 0.00117 1.51715 r -1
829 313.33333 62.15000 56136.44911 21.65000 299 0.00106 1.25988 r -1
1856 263.87953 65.75000 56136.45270 21.65000 299 0.00093 1.96479 r -1
799 291.09099 54.95000 56136.45629 21.65000 299 0.00081 1.49296 r -1
852 334.28571 69.35000 56136.45988 21.65000 299 0.00069 1.26703 r -1
1831 270.98986 58.55000 56136.46346 21.65000 299 0.00065 1.98571 r -1
865 276.00000 76.55000 56136.46705 21.65000 299 0.00061 1.77905 r -1
