0.0000000000 1.5343408739e-01 47.0528999847
0.0035879630 2.0456789905e-01 94.6828143504
0.0071759259 2.4801768007e-01 141.7357143350
0.0107638889 2.9014817190e-01 188.8935260253
0.0143518519 3.2412945601e-01 235.9464260100
0.0179398148 3.4664650991e-01 283.6812520814
0.0215277778 3.6912762489e-01 330.2620493906
0.0251157408 3.9029379897e-01 378.1017871676
0.0287037037 4.0840012249e-01 425.9415249447
0.0322916667 4.2614873836e-01 472.8895132237
0.0358796296 4.4013000190e-01 519.9424132083
0.0394675926 4.5383505820e-01 566.9953131930
0.0430555556 4.6428802862e-01 612.2647141815
0.0466435185 4.7594777493e-01 659.7372609888
0.0502314815 4.8731175032e-01 707.2622636489
0.0538194445 4.9837496798e-01 754.2102519279
0.0574074074 5.0910922035e-01 801.2631519125
0.0609953704 5.1955762256e-01 848.3160518972
0.0645833334 5.2888376783e-01 850.9388445385
0.0681712963 5.3759827507e-01 897.9917445231
0.0717592593 5.4548452909e-01 945.6216588889
0.0753472223 5.5325817774e-01 992.6745588735
0.0789351852 5.5992810975e-01 1038.7307976545
0.0825231482 5.6576784329e-01 1085.7836976391
0.0861111112 5.7073227288e-01 1132.3120390955
0.0896990741 5.7546717995e-01 1179.3649390802
0.0932870371 5.8055922154e-01 1183.1942163364
0.0968750001 5.8462005488e-01 1229.1979992646
0.1004629630 5.8908425305e-01 1276.4607226605
0.1040509260 5.9344386598e-01 1323.6185343508
0.1076388889 5.9612772682e-01 1368.2584651055
0.1112268519 5.9972721505e-01 1415.4687326486
0.1148148149 6.0318391346e-01 1463.2560145728
0.1184027778 6.0642118880e-01 1510.0466352934
0.1219907408 6.0961212220e-01 1557.0995352780
0.1255787038 6.1266325716e-01 1602.3164804138
0.1291666667 6.1559112345e-01 1649.8939389267
0.1327546297 6.1828165149e-01 1697.4713974396
0.1363425927 6.2097110565e-01 1741.5867696660
0.1399305556 6.2364692854e-01 1788.9019489148
0.1435185186 6.2581617276e-01 1835.9548488994
0.1471064816 6.2800229477e-01 1882.9028371784
0.1506944445 6.3012273429e-01 1931.1622217781
0.1542824075 6.3224169451e-01 1977.2184605590
0.1578703705 6.3432760302e-01 2024.7959190719
0.1614583334 6.3632895241e-01 2036.6509418105
0.1650462964 6.3797094862e-01 2084.1759444706
0.1686342594 6.3957235184e-01 2130.0223598403
0.8569821550 6.6125785437e-01 2176.6031571495
0.8605701179 6.7005595938e-01 2224.3904390737
0.8641580809 6.7647489829e-01 2271.4433390584
0.8677460439 6.8166478891e-01 2318.4962390430
0.8713340068 6.8884535938e-01 2365.1294922051
0.8749219698 6.9377780804e-01 2412.3922156010
0.8785099328 6.9850557164e-01 2460.1270416724
0.8820978957 7.0318823591e-01 2507.1799416571
0.8856858587 7.2495521541e-01 2554.3902092002
0.8892738217 7.3105272210e-01 2600.6562713925
0.8928617846 7.3555726848e-01 2647.7091713771
0.8964497476 7.3982630399e-01 2694.8145272146
0.9000377106 7.4355841891e-01 2742.0247947577
0.9036256735 7.4614754763e-01 2789.1826064480
0.9072136365 7.5787058522e-01 2835.5011244931
0.9108015995 7.6022454147e-01 2882.3442010664
0.9143895624 7.6254308878e-01 2928.9249983757
0.9179775254 7.6441983027e-01 2975.5582515377
0.9215654884 7.6604339251e-01 3021.4046669074
0.9251534513 7.6932209136e-01 3067.7231849525
0.9287414143 7.7090066113e-01 3069.9787866240
0.9323293772 7.7244195285e-01 3116.9267749030
0.9330238217 7.7244195285e-01 3116.9267749030
0.9366117847 7.7244195285e-01 3116.9267749030
0.9401997476 7.7244195285e-01 3116.9267749030
0.9437877106 7.7244195285e-01 3116.9267749030
0.9473756736 7.7244195285e-01 3116.9267749030
0.9509636365 7.7244195285e-01 3116.9267749030
0.9545515995 7.7244195285e-01 3116.9267749030
0.9581395624 7.7244195285e-01 3116.9267749030
0.9617275254 7.7244195285e-01 3116.9267749030
0.9653154884 7.7244195285e-01 3116.9267749030
0.9689034513 7.7244195285e-01 3116.9267749030
0.9724914143 7.7244195285e-01 3116.9267749030
0.9760793773 7.7244195285e-01 3116.9267749030
0.9796673402 7.7244195285e-01 3116.9267749030
0.9832553032 7.7244195285e-01 3116.9267749030
0.9868432662 7.7244195285e-01 3116.9267749030
0.9904312291 7.7244195285e-01 3116.9267749030
0.9940191921 7.7244195285e-01 3116.9267749030
0.9976071551 7.7244195285e-01 3116.9267749030
