0.0000000000 2.2914099147e-02 47.8397377770
0.0035879630 4.4584316772e-02 95.5745638484
0.0071759259 6.6012301366e-02 142.6274638331
0.0107638889 8.4335388661e-02 189.6803638177
0.0143518519 1.0023812058e-01 237.4676457419
0.0179398148 1.1472962295e-01 284.5205457266
0.0215277778 1.2868969143e-01 331.6783574169
0.0251157408 1.4176445136e-01 378.7312574015
0.0287037037 1.5381231057e-01 425.7841573862
0.0322916667 1.6479230807e-01 472.8370573708
0.0358796296 1.7570251079e-01 519.8899573555
0.0394675926 1.8491369731e-01 567.3625041627
0.0430555556 1.9320158721e-01 613.9433014720
0.0466435185 2.0094726925e-01 661.2060248679
0.0502314815 2.0811928141e-01 708.3113807054
0.0538194445 2.1466351066e-01 755.5216482485
0.0574074074 2.2087942740e-01 802.7319157917
0.0609953704 2.2613311318e-01 849.7848157763
0.0645833334 2.3080720704e-01 896.4180689384
0.0681712963 2.3496398577e-01 943.5234247758
0.0717592593 2.3909306504e-01 990.5763247605
0.0753472223 2.4316128595e-01 1038.3636066847
0.0789351852 2.4688355985e-01 1085.5214183750
0.0825231482 2.5050541494e-01 1132.7841417709
0.0861111112 2.5318907710e-01 1180.0993210197
0.0896990741 2.5552067725e-01 1226.9423975931
0.0932870371 2.5763936066e-01 1272.5265336986
0.0968750001 2.5939164429e-01 1319.0024193022
0.1004629630 2.6103607082e-01 1365.0062022303
0.1040509260 2.6248274757e-01 1412.5836607432
0.1076388889 2.6390455894e-01 1460.2135751090
0.1112268519 2.6523561669e-01 1507.3713867993
0.1148148149 2.6659023563e-01 1555.1586687235
0.1184027778 2.6762716518e-01 1600.7428048290
0.1219907408 2.6865053743e-01 1646.7990436100
0.1255787038 2.6951292975e-01 1694.1142228587
0.1291666667 2.7021582401e-01 1739.6459031114
0.1327546297 2.7089043854e-01 1784.7579365415
0.1363425927 2.7151255290e-01 1832.2829392016
0.1399305556 2.7209517391e-01 1879.0735599222
0.1435185186 2.7264349243e-01 1926.1264599068
0.1471064816 2.7316709108e-01 1971.9728752765
0.1506944445 2.7364642602e-01 2017.1898204122
0.1542824075 2.7412733774e-01 2064.5574555138
0.1578703705 2.7453245090e-01 2109.8268565024
0.1614583334 2.7486561134e-01 2155.0438016381
0.1650462964 2.7517924898e-01 2203.3031862378
0.1686342594 2.7547051665e-01 2248.1004845509
0.1722222223 2.7572169146e-01 2295.2582962412
0.8269019338 2.8499386545e-01 2342.9931223126
0.8304898967 2.9740991540e-01 2389.5739196218
0.8340778597 3.0468388910e-01 2436.6268196065
0.8376658226 3.1286103362e-01 2483.2600727685
0.8412537856 3.1799550452e-01 2530.1031493419
0.8448417486 3.2239302623e-01 2577.1560493265
0.8484297115 3.2767913345e-01 2624.4712285753
0.8520176745 3.3114611020e-01 2671.5241285600
0.8556056375 3.3454072136e-01 2718.0524700164
0.8591936004 3.3749364178e-01 2765.5774726764
0.8627815634 3.3999057157e-01 2812.7877402196
0.8663695264 3.4228049769e-01 2860.3127428797
0.8699574893 3.4441145364e-01 2906.2116141021
0.8735454523 3.4622178278e-01 2951.8482060605
0.8771334153 3.4797779439e-01 2999.1633853093
0.8807213782 3.5038644782e-01 3046.2162852939
0.8843093412 3.5197836028e-01 3049.3636364635
0.8878973042 3.5764891426e-01 3096.5739040066
0.8914852671 3.5994948076e-01 3142.8399661989
0.8950732301 3.6178231424e-01 3189.6305869194
0.8986611931 3.6327685001e-01 3235.4770022890
0.9022491560 3.6471311596e-01 3238.5194417529
0.9058371190 3.6859736479e-01 3284.8379597980
0.9094250819 3.6999467443e-01 3330.5794634620
0.9130130449 3.7132736979e-01 3376.2160554204
0.9166010079 3.7253533341e-01 3421.8526473788
0.9201889708 3.7372430240e-01 3467.4892393371
0.9237769338 3.7491231227e-01 3470.7415022123
0.9273648968 3.7662169462e-01 3517.0600202574
0.9309528597 3.7799932095e-01 3564.6374787703
0.9345408227 3.7901652577e-01 3610.3789824343
0.9381287857 3.8000707687e-01 3613.5263336039
0.9417167486 3.8099151545e-01 3616.9884198903
0.9453047116 3.8194361438e-01 3620.1357710599
0.9488926746 3.8287666467e-01 3623.3355780823
0.9524806375 3.8375947268e-01 3668.4476115124
0.9560686005 3.8465894707e-01 3670.5983014782
0.9596565635 3.8551899529e-01 3715.9726141724
0.9632445264 3.8636218004e-01 3761.6092061308
0.9668324894 3.8733977821e-01 3807.5080773533
0.9704204524 3.8810649306e-01 3852.3578315193
0.9740084153 3.9092898241e-01 3899.4107315039
0.9775963783 3.9163129547e-01 3901.5089656169
0.9811843412 3.9226660231e-01 3903.5022880243
0.9847723042 3.9292819788e-01 3948.6143214544
0.9883602672 3.9357766547e-01 3952.1813194466
0.9919482301 3.9419187704e-01 3999.4440428425
0.9955361931 3.9475244777e-01 4044.5560762726
0.9991241561 3.9528175292e-01 4087.6223314425
