565 109.79245 18.95000 55942.12724 21.65000 299 0.00717 2.00442 g -1
514 106.74867 11.75000 55942.13083 21.65000 299 0.00855 2.00285 g -1
566 116.84562 18.95000 55942.14518 21.65000 299 0.03145 2.03432 g -1
515 114.02378 11.75000 55942.14877 21.65000 299 0.05485 2.04437 g -1
462 110.14867 4.55000 55942.15236 21.65000 299 0.02420 2.02934 g -1
616 121.17371 26.15000 55942.15595 21.65000 299 0.00477 1.87276 g -1
1561 115.10857 15.35000 55942.15953 21.65000 299 0.00325 1.81327 g -1
567 123.89878 18.95000 55942.16312 21.65000 299 0.05589 2.06523 g -1
617 128.65543 26.15000 55942.16671 21.65000 299 0.00641 2.04062 g -1
516 121.29889 11.75000 55942.17030 21.65000 299 0.09728 2.01871 g -1
463 116.99044 4.55000 55942.17389 21.65000 299 0.07925 1.98406 g -1
1510 118.98841 8.15000 55942.17747 21.65000 299 0.00649 1.89894 g -1
412 114.26000 -2.65000 55942.18106 21.65000 299 0.01470 2.00609 g -1
568 130.95195 18.95000 55942.18465 21.65000 299 0.05659 2.02721 g -1
517 128.57400 11.75000 55942.18824 21.65000 299 0.11939 2.06095 g -1
464 123.83222 4.55000 55942.19183 21.65000 299 0.10060 2.00191 g -1
1511 125.92100 8.15000 55942.19541 21.65000 299 0.00792 1.91934 g -1
413 121.35000 -2.65000 55942.19900 21.65000 299 0.03101 2.03492 g -1
569 138.00511 18.95000 55942.20259 21.65000 299 0.01834 2.05779 g -1
1563 129.14702 15.35000 55942.20618 21.65000 299 0.00582 1.70967 g -1
465 130.67400 4.55000 55942.20977 21.65000 299 0.07315 2.02014 g -1
518 135.84911 11.75000 55942.21335 21.65000 299 0.06337 1.96951 g -1
1512 132.90300 8.15000 55942.21694 21.65000 299 0.00593 1.88487 g -1
414 128.44000 -2.65000 55942.22053 21.65000 299 0.01664 2.00361 g -1
1562 122.12143 15.35000 55942.22412 21.65000 299 0.00505 1.36914 g -1
466 137.51578 4.55000 55942.22771 21.65000 299 0.01149 2.03875 g -1
1458 122.64077 0.95000 55942.23129 21.65000 299 0.00430 1.57261 g -1
1564 136.19984 15.35000 55942.23488 21.65000 299 0.00278 1.60485 g -1
1457 115.67985 0.95000 55942.23847 21.65000 299 0.00257 1.39126 g -1
1509 111.88452 8.15000 55942.24206 21.65000 299 0.00234 1.22484 g -1
1459 129.60169 0.95000 55942.24565 21.65000 299 0.00191 1.61711 g -1
517 128.57400 11.75000 55942.24634 21.65000 299 0.11939 1.38720 r -1
464 123.83222 4.55000 55942.24993 21.65000 299 0.10060 1.39158 r -1
516 121.29889 11.75000 55942.25352 21.65000 299 0.09728 1.24164 r -1
463 116.99044 4.55000 55942.25710 21.65000 299 0.07925 1.26686 r -1
465 130.67400 4.55000 55942.26069 21.65000 299 0.07315 1.44396 r -1
518 135.84911 11.75000 55942.26428 21.65000 299 0.06337 1.40218 r -1
568 130.95195 18.95000 55942.26787 21.65000 299 0.05659 1.22892 r -1
567 123.89878 18.95000 55942.27146 21.65000 299 0.05589 1.14262 r -1
515 114.02378 11.75000 55942.27504 21.65000 299 0.05485 1.11845 r -1
566 116.84562 18.95000 55942.27863 21.65000 299 0.03145 1.07790 r -1
413 121.35000 -2.65000 55942.28222 21.65000 299 0.03101 1.33387 r -1
462 110.14867 4.55000 55942.28581 21.65000 299 0.02420 1.15552 r -1
569 138.00511 18.95000 55942.28940 21.65000 299 0.01834 1.22019 r -1
414 128.44000 -2.65000 55942.29298 21.65000 299 0.01664 1.36760 r -1
412 114.26000 -2.65000 55942.29657 21.65000 299 0.01470 1.25394 r -1
466 137.51578 4.55000 55942.30016 21.65000 299 0.01149 1.32580 r -1
514 106.74867 11.75000 55942.30375 21.65000 299 0.00855 1.07581 r -1
1511 125.92100 8.15000 55942.30734 21.65000 299 0.00792 1.15257 r -1
565 109.79245 18.95000 55942.31092 21.65000 299 0.00717 1.03259 r -1
1510 118.98841 8.15000 55942.31451 21.65000 299 0.00649 1.11462 r -1
617 128.65543 26.15000 55942.31810 21.65000 299 0.00641 1.03861 r -1
1512 132.90300 8.15000 55942.32169 21.65000 299 0.00593 1.16344 r -1
1563 129.14702 15.35000 55942.32528 21.65000 299 0.00582 1.07863 r -1
1562 122.12143 15.35000 55942.32886 21.65000 299 0.00505 1.05601 r -1
616 121.17371 26.15000 55942.33245 21.65000 299 0.00477 1.00937 r -1
1458 122.64077 0.95000 55942.33604 21.65000 299 0.00430 1.18718 r -1
1561 115.10857 15.35000 55942.33963 21.65000 299 0.00325 1.05550 r -1
1564 136.19984 15.35000 55942.34322 21.65000 299 0.00278 1.08098 r -1
1457 115.67985 0.95000 55942.34680 21.65000 299 0.00257 1.19453 r -1
1509 111.88452 8.15000 55942.35039 21.65000 299 0.00234 1.12962 r -1
1459 129.60169 0.95000 55942.35398 21.65000 299 0.00191 1.18793 r -1
