458 82.35880 4.55000 55934.09766 21.65000 299 0.00074 2.02008 g -1
407 79.02404 -2.65000 55934.10484 21.65000 299 0.00198 2.01191 g -1
355 75.69267 -9.85000 55934.11560 21.65000 299 0.00141 2.00832 g -1
1453 88.03815 0.95000 55934.11919 21.65000 299 0.00029 2.05256 g -1
408 86.05288 -2.65000 55934.12278 21.65000 299 0.00523 2.03811 g -1
1401 84.78089 -6.25000 55934.12995 21.65000 299 0.00031 2.01393 g -1
356 82.74185 -9.85000 55934.13354 21.65000 299 0.00436 2.03217 g -1
304 72.44639 -17.05000 55934.13713 21.65000 299 0.00029 1.96535 g -1
1454 94.80697 0.95000 55934.14072 21.65000 299 0.00048 2.00391 g -1
409 93.08173 -2.65000 55934.14431 21.65000 299 0.00704 2.00394 g -1
1402 91.79495 -6.25000 55934.14789 21.65000 299 0.00033 2.03816 g -1
305 79.52832 -17.05000 55934.15148 21.65000 299 0.00203 2.02462 g -1
357 89.79104 -9.85000 55934.15507 21.65000 299 0.00393 2.00311 g -1
1455 101.75800 0.95000 55934.15866 21.65000 299 0.00032 2.02708 g -1
410 100.11058 -2.65000 55934.16225 21.65000 299 0.00362 2.02986 g -1
566 116.84562 18.95000 55934.16583 21.65000 299 0.00051 2.05714 g -1
616 121.17371 26.15000 55934.16942 21.65000 299 0.00033 2.01141 g -1
358 96.84022 -9.85000 55934.17301 21.65000 299 0.00192 2.02678 g -1
306 86.61025 -17.05000 55934.17660 21.65000 299 0.00172 1.96371 g -1
411 107.17000 -2.65000 55934.18019 21.65000 299 0.00026 2.05813 g -1
515 114.02378 11.75000 55934.18377 21.65000 299 0.00023 1.82501 g -1
617 128.65543 26.15000 55934.18736 21.65000 299 0.00076 2.06300 g -1
307 93.69218 -17.05000 55934.19095 21.65000 299 0.00110 2.02277 g -1
359 103.88941 -9.85000 55934.19454 21.65000 299 0.00029 1.99796 g -1
462 110.14867 4.55000 55934.19813 21.65000 299 0.00021 1.68652 g -1
256 82.48418 -24.25000 55934.20530 21.65000 299 0.00038 2.01266 g -1
308 100.77411 -17.05000 55934.21248 21.65000 299 0.00021 2.00120 g -1
257 89.87725 -24.25000 55934.22683 21.65000 299 0.00041 2.00682 g -1
370 181.64550 -9.85000 55934.40982 21.65000 299 0.00036 2.00227 g -1
319 178.18861 -17.05000 55934.42417 21.65000 299 0.00024 2.03667 g -1
371 188.71517 -9.85000 55934.42776 21.65000 299 0.00043 2.02632 g -1
320 185.21930 -17.05000 55934.44570 21.65000 299 0.00133 2.01259 g -1
372 195.78483 -9.85000 55934.44928 21.65000 299 0.00027 1.99792 g -1
321 192.25000 -17.05000 55934.46363 21.65000 299 0.00380 2.03054 g -1
1313 192.08329 -20.65000 55934.48157 21.65000 299 0.00038 2.02704 g -1
322 199.28070 -17.05000 55934.48516 21.65000 299 0.00110 2.00662 g -1
270 184.96457 -24.25000 55934.48875 21.65000 299 0.00190 2.02020 g -1
271 192.25000 -24.25000 55934.51028 21.65000 299 0.01455 2.01190 g -1
272 199.53543 -24.25000 55934.53181 21.65000 299 0.00466 2.00382 g -1
271 192.25000 -24.25000 55934.53250 21.65000 299 0.01455 1.91208 r -1
272 199.53543 -24.25000 55934.53609 21.65000 299 0.00466 1.98019 r -1
321 192.25000 -17.05000 55934.53968 21.65000 299 0.00380 1.58826 r -1
270 184.96457 -24.25000 55934.54326 21.65000 299 0.00190 1.87051 r -1
320 185.21930 -17.05000 55934.54685 21.65000 299 0.00133 1.57262 r -1
322 199.28070 -17.05000 55934.55044 21.65000 299 0.00110 1.60581 r -1
617 128.65543 26.15000 55934.55403 21.65000 299 0.00076 1.65911 r -1
371 188.71517 -9.85000 55934.55762 21.65000 299 0.00043 1.37496 r -1
1313 192.08329 -20.65000 55934.56120 21.65000 299 0.00038 1.70432 r -1
370 181.64550 -9.85000 55934.56479 21.65000 299 0.00036 1.40930 r -1
372 195.78483 -9.85000 55934.56838 21.65000 299 0.00027 1.37353 r -1
319 178.18861 -17.05000 55934.57197 21.65000 299 0.00024 1.67674 r -1
