440 312.50481 -2.65000 56161.14133 21.65000 299 0.01107 1.86785 g -1
492 316.16296 4.55000 56161.14492 21.65000 299 0.00921 1.73199 g -1
441 319.53365 -2.65000 56161.14851 21.65000 299 0.01044 2.05801 g -1
491 309.15208 4.55000 56161.15209 21.65000 299 0.00919 1.47820 g -1
493 323.17384 4.55000 56161.15568 21.65000 299 0.00781 1.84584 g -1
439 305.47596 -2.65000 56161.15927 21.65000 299 0.00757 1.50556 g -1
389 315.85652 -9.85000 56161.16286 21.65000 299 0.00709 1.98237 g -1
494 330.18472 4.55000 56161.16645 21.65000 299 0.00607 1.98153 g -1
442 326.56250 -2.65000 56161.17003 21.65000 299 0.00808 2.02237 g -1
490 302.14120 4.55000 56161.17362 21.65000 299 0.00553 1.25996 g -1
388 308.80733 -9.85000 56161.17721 21.65000 299 0.00534 1.63772 g -1
390 322.90570 -9.85000 56161.18080 21.65000 299 0.00678 2.00467 g -1
543 312.88387 11.75000 56161.18439 21.65000 299 0.00477 1.24853 g -1
443 333.59135 -2.65000 56161.18797 21.65000 299 0.00577 2.04838 g -1
495 337.19560 4.55000 56161.19156 21.65000 299 0.00451 1.88939 g -1
339 319.13554 -17.05000 56161.19515 21.65000 299 0.00446 2.02681 g -1
391 329.95489 -9.85000 56161.19874 21.65000 299 0.00579 2.02775 g -1
648 0.57433 33.35000 56161.20233 21.65000 299 0.00480 2.01384 g -1
544 319.86812 11.75000 56161.20591 21.65000 299 0.00435 1.23921 g -1
444 340.62019 -2.65000 56161.20950 21.65000 299 0.00468 2.01324 g -1
542 305.89962 11.75000 56161.21309 21.65000 299 0.00421 1.10979 g -1
392 337.00407 -9.85000 56161.21668 21.65000 299 0.00493 2.05166 g -1
340 326.21746 -17.05000 56161.22027 21.65000 299 0.00466 1.96480 g -1
496 344.20648 4.55000 56161.22385 21.65000 299 0.00386 1.71672 g -1
545 326.85237 11.75000 56161.22744 21.65000 299 0.00377 1.23024 g -1
338 312.05361 -17.05000 56161.23103 21.65000 299 0.00363 1.63719 g -1
341 333.29939 -17.05000 56161.23462 21.65000 299 0.00414 2.02341 g -1
393 344.05326 -9.85000 56161.23821 21.65000 299 0.00356 2.02117 g -1
735 355.03720 40.55000 56161.24179 21.65000 299 0.00355 1.37000 g -1
546 333.83662 11.75000 56161.24538 21.65000 299 0.00344 1.23595 g -1
445 347.64904 -2.65000 56161.24897 21.65000 299 0.00326 1.74077 g -1
600 0.96160 26.15000 56161.25256 21.65000 299 0.00325 1.51368 g -1
342 340.38132 -17.05000 56161.25615 21.65000 299 0.00333 2.00105 g -1
547 340.82087 11.75000 56161.25973 21.65000 299 0.00306 1.25741 g -1
551 8.62509 18.95000 56161.26332 21.65000 299 0.00291 1.73849 g -1
548 347.80512 11.75000 56161.26691 21.65000 299 0.00287 1.31785 g -1
500 8.75787 11.75000 56161.27050 21.65000 299 0.00277 1.80958 g -1
387 301.75815 -9.85000 56161.27409 21.65000 299 0.00277 1.39923 g -1
497 351.21736 4.55000 56161.27767 21.65000 299 0.00277 1.41540 g -1
601 8.48720 26.15000 56161.28126 21.65000 299 0.00268 1.44747 g -1
289 324.19504 -24.25000 56161.28485 21.65000 299 0.00255 1.88775 g -1
337 304.97168 -17.05000 56161.28844 21.65000 299 0.00248 1.61795 g -1
438 298.44712 -2.65000 56161.29203 21.65000 299 0.00246 1.32313 g -1
288 316.80196 -24.25000 56161.29561 21.65000 299 0.00242 1.86891 g -1
549 354.78937 11.75000 56161.29920 21.65000 299 0.00237 1.25398 g -1
448 12.25000 4.55000 56161.30279 21.65000 299 0.00235 1.70220 g -1
599 354.12545 18.95000 56161.30638 21.65000 299 0.00230 1.15730 g -1
394 351.10244 -9.85000 56161.30997 21.65000 299 0.00230 1.54002 g -1
501 15.74212 11.75000 56161.31355 21.65000 299 0.00228 1.53792 g -1
550 1.37527 18.95000 56161.31714 21.65000 299 0.00224 1.19074 g -1
598 346.87564 18.95000 56161.32073 21.65000 299 0.00223 1.07222 g -1
694 3.46860 40.55000 56161.32432 21.65000 299 0.00223 1.12193 g -1
772 352.17582 47.75000 56161.32791 21.65000 299 0.00218 1.07061 g -1
647 353.43600 26.15000 56161.33149 21.65000 299 0.00206 1.05637 g -1
446 354.67788 -2.65000 56161.33508 21.65000 299 0.00201 1.31726 g -1
290 331.58811 -24.25000 56161.33867 21.65000 299 0.00200 1.87078 g -1
597 339.62582 18.95000 56161.34226 21.65000 299 0.00193 1.03288 g -1
693 352.79056 33.35000 56161.34584 21.65000 299 0.00192 1.02198 g -1
343 347.46325 -17.05000 56161.34943 21.65000 299 0.00184 1.58429 g -1
447 5.23912 4.55000 56161.35302 21.65000 299 0.00183 1.24361 g -1
596 332.37600 18.95000 56161.35661 21.65000 299 0.00171 1.04520 g -1
498 358.22824 4.55000 56161.36020 21.65000 299 0.00167 1.17613 g -1
552 15.87491 18.95000 56161.36378 21.65000 299 0.00163 1.16705 g -1
541 298.91537 11.75000 56161.36737 21.65000 299 0.00160 1.50166 g -1
499 1.77362 11.75000 56161.37096 21.65000 299 0.00159 1.10466 g -1
595 325.12618 18.95000 56161.37455 21.65000 299 0.00151 1.10882 g -1
649 8.35811 33.35000 56161.37814 21.65000 299 0.00145 1.03611 g -1
594 317.87636 18.95000 56161.38172 21.65000 299 0.00144 1.19504 g -1
646 345.91040 26.15000 56161.38531 21.65000 299 0.00138 1.01328 g -1
593 310.62655 18.95000 56161.38890 21.65000 299 0.00135 1.32916 g -1
396 1.70673 -2.65000 56161.39249 21.65000 299 0.00109 1.24287 g -1
397 8.73558 -2.65000 56161.39608 21.65000 299 0.00100 1.26389 g -1
734 346.60580 40.55000 56161.39966 21.65000 299 0.00095 1.02085 g -1
645 338.38480 26.15000 56161.40325 21.65000 299 0.00092 1.06033 g -1
692 345.00678 33.35000 56161.40684 21.65000 299 0.00079 1.02615 g -1
395 358.15163 -9.85000 56161.41043 21.65000 299 0.00077 1.37346 g -1
1485 310.28292 0.95000 56161.41402 21.65000 299 0.00074 1.94548 g -1
592 303.37673 18.95000 56161.41760 21.65000 299 0.00074 1.78229 g -1
1435 320.44222 -6.25000 56161.42119 21.65000 299 0.00069 1.90434 g -1
602 16.01280 26.15000 56161.42478 21.65000 299 0.00068 1.01729 g -1
1486 317.16815 0.95000 56161.42837 21.65000 299 0.00061 1.87390 g -1
771 342.13873 47.75000 56161.43196 21.65000 299 0.00057 1.10495 g -1
1436 327.34993 -6.25000 56161.43554 21.65000 299 0.00053 1.84272 g -1
1487 324.05338 0.95000 56161.43913 21.65000 299 0.00051 1.76363 g -1
644 330.85920 26.15000 56161.44272 21.65000 299 0.00051 1.25929 g -1
553 23.12473 18.95000 56161.44631 21.65000 299 0.00051 1.04116 g -1
697 28.87947 40.55000 56161.44990 21.65000 299 0.00049 1.02442 g -1
603 23.53840 26.15000 56161.45348 21.65000 299 0.00049 1.01226 g -1
739 32.32418 47.75000 56161.45707 21.65000 299 0.00046 1.04998 g -1
1488 330.93862 0.95000 56161.46066 21.65000 299 0.00044 1.79413 g -1
1437 334.25763 -6.25000 56161.46425 21.65000 299 0.00043 1.97179 g -1
775 28.13537 54.95000 56161.46784 21.65000 299 0.00037 1.07861 g -1
643 323.33360 26.15000 56161.47142 21.65000 299 0.00035 1.63541 g -1
651 23.92567 33.35000 56161.47501 21.65000 299 0.00033 1.00015 g -1
1438 341.16533 -6.25000 56161.47860 21.65000 299 0.00033 1.90396 g -1
1489 337.82385 0.95000 56161.48219 21.65000 299 0.00033 1.82618 g -1
691 337.22300 33.35000 56161.48578 21.65000 299 0.00032 1.36287 g -1
736 2.21291 47.75000 56161.48936 21.65000 299 0.00031 1.10844 g -1
808 33.33333 62.15000 56161.49295 21.65000 299 0.00031 1.14195 g -1
834 25.71429 69.35000 56161.49654 21.65000 299 0.00028 1.24039 g -1
1490 344.70908 0.95000 56161.50013 21.65000 299 0.00026 1.81105 g -1
804 345.77437 54.95000 56161.50372 21.65000 299 0.00023 1.31595 g -1
854 12.00000 76.55000 56161.50730 21.65000 299 0.00023 1.40741 g -1
1542 341.38252 8.15000 56161.51089 21.65000 299 0.00021 1.87867 g -1
