0.3730044021 1.1065833892e-02 47.0528999847
0.3765923650 2.0279280129e-02 94.6828143504
0.3801803280 3.0722445290e-02 141.7357143350
0.3837682910 3.9915131842e-02 188.7886143197
0.3873562539 4.7728186751e-02 237.0479989193
0.3909442169 5.5299692877e-02 284.1008989040
0.3945321799 6.2392532302e-02 331.2587105943
0.3981201428 6.8464015274e-02 378.8886249600
0.4017081058 7.6541274154e-02 425.9415249447
0.4052960688 8.2070820649e-02 472.9944249293
0.4088840317 8.7407299268e-02 520.4669717366
0.4124719947 9.4185048951e-02 567.4149600156
0.4160599577 9.9003961619e-02 614.4678600002
0.4196479206 1.0477267861e-01 661.5207599849
0.4232358836 1.0927808256e-01 708.5736599695
0.4268238466 1.1378004834e-01 755.7314716598
0.4304118095 1.1957033529e-01 802.7319157917
0.4339997725 1.2437478244e-01 850.5191977159
0.4375877354 1.2872910328e-01 897.3098184364
0.4411756984 1.3340562553e-01 944.3627184210
0.4447636614 1.3756991809e-01 990.8910598774
0.4483516243 1.4250207482e-01 1038.2062391262
0.4519395873 1.4716224353e-01 1084.7870364354
0.4555275503 1.5101796003e-01 1131.8399364201
0.4591155132 1.5478475087e-01 1179.0502039632
0.4627034762 1.5842619781e-01 1225.6310012724
0.4662914392 1.6257113617e-01 1271.9495193175
0.4698794021 1.6612776849e-01 1319.5269778304
0.4734673651 1.7010528537e-01 1366.7372453736
0.4770553281 1.7354155399e-01 1413.6327777997
0.4806432910 1.7679840848e-01 1460.6856777844
0.4842312540 1.8004415572e-01 1507.3713867993
0.4878192170 1.8337561548e-01 1553.8997282556
0.4914071799 1.8643399755e-01 1600.1657904479
0.4949951429 1.8935137545e-01 1647.7432489608
0.4985831059 1.9222320445e-01 1694.6912372398
0.5021710688 1.9501997451e-01 1741.7441372245
0.5057590318 1.9778802753e-01 1789.4789632959
0.5093469947 2.0055488776e-01 1836.5318632805
0.5129349577 2.0323113377e-01 1882.4831903558
0.5165229207 2.0646351211e-01 1929.7459137518
0.5201108836 2.0891423579e-01 1976.1693435025
0.5236988466 2.1137224879e-01 2023.2222434872
0.5272868096 2.1414760983e-01 2069.5407615323
0.5308747725 2.1652543639e-01 2116.7510290754
0.5344627355 2.2046920801e-01 2163.9088407657
0.5380506985 2.2281577969e-01 2211.6961226899
0.5416386614 2.2511416074e-01 2259.5358604669
0.5452266244 2.2805181200e-01 2306.6412163044
0.5488145874 2.3026702057e-01 2353.9039397004
0.5524025503 2.3248446489e-01 2401.1142072435
0.5559905133 2.3439889454e-01 2445.5443145869
0.5595784763 2.3662981681e-01 2492.8070379828
0.5631664392 2.3871769300e-01 2538.7583650581
0.5667544022 2.4072819220e-01 2585.8112650428
0.5703423652 2.4390038760e-01 2632.1297830879
0.5739303281 2.4581984498e-01 2679.4974181895
0.5775182911 2.4780145663e-01 2724.7668191781
0.5811062540 2.5004828359e-01 2771.3476164873
0.5846942170 2.5187363973e-01 2818.4005164719
0.5882821800 2.5358803141e-01 2865.9779749848
0.5918701429 2.5526300021e-01 2913.0308749695
0.5954581059 2.5689331696e-01 2960.6083334824
0.5990460689 2.5849154509e-01 3007.8186010255
0.6026340318 2.6004247478e-01 3053.8748398065
0.6062219948 2.6155429937e-01 3101.3473866137
0.6098099578 2.6299989289e-01 3146.5643317495
0.6133979207 2.6443490736e-01 3193.7221434398
0.6169858837 2.6580945477e-01 3239.7783822208
0.6205738467 2.6715216873e-01 3287.0935614695
0.6241618096 2.6826558372e-01 3334.1464614542
0.6277497726 2.7251168525e-01 3381.1993614388
0.6313377356 2.7336858571e-01 3425.3671895181
0.6349256985 2.7427653166e-01 3471.4758841519
0.6385136615 2.7502206538e-01 3516.7977409933
0.6421016244 2.7607159517e-01 3564.6374787703
0.6456895874 2.7681462073e-01 3567.8372857927
0.6492775504 2.7755532183e-01 3615.4672001584
0.6528655133 2.7825031594e-01 3619.0866540034
0.6564534763 2.7893313268e-01 3665.1953486372
0.6600414393 2.7954561404e-01 3667.8181412785
0.6636294022 2.8007773126e-01 3713.9268359122
0.6672173652 2.8060649541e-01 3717.4938339044
0.6708053282 2.8111677656e-01 3720.1690823985
0.6743932911 2.8162360563e-01 3766.1728653266
0.6779812541 2.8297568662e-01 3813.3306770169
0.6815692171 2.8350826807e-01 3860.6983121185
0.6851571800 2.8414175054e-01 3906.7545508995
0.6887451430 2.8463468908e-01 3954.1221860011
0.6923331060 2.8507601513e-01 3957.3219930235
0.6959210689 2.8550534902e-01 3960.9939027213
0.6995090319 2.8589461076e-01 4008.3615378229
0.7030969949 2.8624516857e-01 4054.2079531925
0.7066849578 2.8658134468e-01 4101.9427792639
0.7102729208 2.8691107918e-01 4105.5097772561
0.7138608837 2.8723664090e-01 4108.7095842784
0.7174488467 2.8754107934e-01 4153.9789852670
0.7210368097 2.8784809145e-01 4200.0876799008
0.7246247726 2.8818986450e-01 4247.7175942665
0.7282127356 2.8849819659e-01 4294.9803176625
0.7318006986 2.8875912692e-01 4298.1801246849
0.7353886615 2.8901591539e-01 4345.4953039336
0.7389766245 2.8924100011e-01 4393.7022326805
0.7425645875 2.8944894121e-01 4396.3250253217
