0.5526242931 3.4587070765e-03 47.4725468073
0.5562122560 6.4261951393e-03 95.2598287315
0.5598002190 9.0772620796e-03 142.5225521274
0.5633881820 1.1401421788e-02 187.8444089688
0.5669761449 1.3722841951e-02 234.9497648063
0.5705641079 1.5936695999e-02 282.5272233192
0.5741520709 1.7964934063e-02 329.3702998926
0.5777400338 1.9812079087e-02 373.5905838246
0.5813279968 2.1734024547e-02 419.6468226056
0.5849159598 2.3684728053e-02 466.6997225902
0.5885039227 2.6569563302e-02 513.4903433108
0.5920918857 2.8387602817e-02 557.6057155372
0.5956798487 3.2249452823e-02 605.3929974614
0.5992678116 3.4012456659e-02 651.8688830649
0.6028557746 3.5743077699e-02 697.0858282007
0.6064437376 3.7429948590e-02 743.1945228345
0.6100317005 3.9116738975e-02 790.5097020833
0.6136196635 4.0605011459e-02 835.8315589247
0.6172076264 4.2247828859e-02 883.2516498791
0.6207955894 4.3793396982e-02 931.0389318033
0.6243835524 4.5258678000e-02 977.0427147314
0.6279715153 4.6638711304e-02 1022.4694832785
0.6315594783 4.8073355435e-02 1066.6373113577
0.6351474413 4.9506656582e-02 1112.6935501387
0.6387354042 5.0870285123e-02 1157.2285691877
0.6423233672 5.2134294356e-02 1203.2848079687
0.6459113302 5.3348220227e-02 1249.1312233383
0.6494992931 5.4489151620e-02 1294.1383450628
0.6530872561 5.5617371085e-02 1338.8831875231
0.6566752191 5.6758805679e-02 1384.9918821569
0.6602631820 5.7871593566e-02 1432.5168848170
0.6638511450 5.8907156035e-02 1476.2650660736
0.6674391080 5.9943509604e-02 1521.7442904735
0.6710270709 6.0960603167e-02 1569.3742048392
0.6746150339 6.1897789151e-02 1612.1257248922
0.6782029969 6.2812759906e-02 1654.7723332395
0.6817909598 6.3726916852e-02 1700.8285720204
0.6853789228 6.4637279296e-02 1746.0979730090
0.6889668857 6.8272348953e-02 1793.3082405521
0.6925548487 6.9097907019e-02 1840.1513171255
0.6961428117 6.9913910586e-02 1887.7812314912
0.6997307746 7.0692834825e-02 1929.6410020461
0.7033187376 7.1509725880e-02 1973.7563742725
0.7069067006 7.2511255912e-02 2020.8092742572
0.7104946635 7.3206719763e-02 2068.3867327701
0.7140826265 7.3890775002e-02 2115.1773534906
0.7176705895 7.4556786602e-02 2157.0371240455
0.7212585524 7.5104042576e-02 2201.4672313889
0.7248465154 7.5802342493e-02 2247.1038233472
0.7284344784 7.6349658120e-02 2293.2125179810
0.7320224413 7.6859685961e-02 2338.4294631168
0.7356104043 7.7358605775e-02 2383.7513199582
0.7391983673 7.7872565311e-02 2429.7026470335
0.7427863302 7.8388226981e-02 2476.8604587238
0.7463742932 7.8875715919e-02 2522.0249480067
0.7499622562 7.9298363253e-02 2563.8847185616
0.7535502191 7.9771353570e-02 2610.9376185463
0.7571381821 8.0324735427e-02 2657.9905185309
0.7607261450 8.0757316985e-02 2705.5155211910
0.7643141080 8.1624571208e-02 2752.8307004398
0.7679020710 8.2030947578e-02 2796.6837934021
0.7714900339 8.2422421697e-02 2842.8449438887
0.7750779969 8.2808832996e-02 2890.0552114318
0.7786659599 8.3195000704e-02 2935.2721565676
0.7822539228 8.3536894211e-02 2982.6397916692
0.7858418858 8.3875231540e-02 3029.6926916538
0.7894298488 8.4236717665e-02 3072.7589468237
0.7930178117 8.4632199564e-02 3120.0216702197
0.7966057747 8.4930777682e-02 3163.9272190348
0.8001937377 8.5274673296e-02 3211.5571334005
0.8037817006 8.5592956967e-02 3256.8265343891
0.8073696636 8.5909746474e-02 3301.2566417325
0.8109576266 8.6218514082e-02 3348.1521741586
0.8145455895 8.6530880260e-02 3395.2050741433
0.8181335525 8.6839046660e-02 3437.1173005510
0.8217215155 8.7140643527e-02 3480.0261881625
0.8253094784 8.7412622961e-02 3518.5812399893
0.8288974414 8.7708027549e-02 3565.0046697401
0.8324854043 8.8002766331e-02 3611.1658202267
0.8360733673 8.8289356006e-02 3657.0122355964
0.8396613303 8.8589667516e-02 3703.8553121697
0.8432492932 8.8871572401e-02 3750.9082121544
0.8468372562 8.9148798531e-02 3796.2300689958
0.8504252192 8.9408797695e-02 3843.4403365389
0.8540131821 8.9661408884e-02 3887.9753555879
0.8576011451 8.9912658548e-02 3934.2414177802
0.8611891081 9.0160996944e-02 3979.5632746216
0.8647770710 9.0403400982e-02 4025.5146016969
0.8683650340 9.0642235402e-02 4072.3576782702
0.8719529970 9.0874008259e-02 4118.4139170512
0.8755409599 9.1105346552e-02 4166.1487431226
0.8791289229 9.1335086395e-02 4213.1491872544
0.8827168859 9.1559862713e-02 4258.4185882430
0.8863048488 9.1785270188e-02 4305.8386791974
0.8898928118 9.2011154071e-02 4351.9473738312
0.8934807748 9.2233817024e-02 4393.8071443861
0.8970687377 9.2450541300e-02 4439.6535597558
0.9006567007 9.2666108349e-02 4486.9162831517
0.9042446636 9.2880742568e-02 4533.9691831364
0.9078326266 9.3094497511e-02 4577.0354383063
0.9114205896 9.3298544722e-02 4624.2457058494
0.9150085525 9.3501831345e-02 4671.8231643623
0.9185965155 9.3700995891e-02 4717.0401094981
0.9221844785 9.3896214409e-02 4761.7324961056
0.9257724414 9.4089723734e-02 4809.0476753543
0.9293604044 9.4284754703e-02 4856.1530311918
0.9329483674 9.4467837179e-02 4902.0519024143
0.9365363303 9.4644718078e-02 4949.1048023989
0.9401242933 9.4855601013e-02 4996.2101582364
0.9437122563 9.5024835329e-02 5043.4204257796
0.9473002192 9.5194199567e-02 5090.7880608812
0.9508881822 9.5362209351e-02 5136.8967555149
0.9544761452 9.5527682130e-02 5184.3693023222
0.9580641081 9.5689924128e-02 5226.2290728771
0.9616520711 9.5841667183e-02 5273.5442521259
0.9652400340 9.5991630468e-02 5320.0201377295
0.9688279970 9.6140756515e-02 5366.1288323632
0.9724159600 9.6289533912e-02 5409.2475433860
0.9760039229 9.6433555024e-02 5454.5169443745
0.9795918859 9.6573826523e-02 5499.3666985405
0.9831798489 9.6726475088e-02 5546.7343336421
