649 8.35811 33.35000 55972.10199 21.65000 299 0.01578 1.44045 g -1
359 103.88941 -9.85000 55972.10557 21.65000 299 0.01532 1.81541 g -1
602 16.01280 26.15000 55972.10916 21.65000 299 0.00770 1.39524 g -1
410 100.11058 -2.65000 55972.11275 21.65000 299 0.00735 1.46655 g -1
308 100.77411 -17.05000 55972.11634 21.65000 299 0.00728 1.92160 g -1
694 3.46860 40.55000 55972.11993 21.65000 299 0.00626 1.65702 g -1
601 8.48720 26.15000 55972.12351 21.65000 299 0.00545 1.73195 g -1
309 107.85604 -17.05000 55972.12710 21.65000 299 0.00591 2.01592 g -1
650 16.14189 33.35000 55972.13069 21.65000 299 0.00492 1.49713 g -1
695 11.90000 40.40000 55972.13428 21.65000 299 0.00487 1.57266 g -1
736 2.21291 47.75000 55972.13787 21.65000 299 0.00465 1.80799 g -1
833 8.57143 69.35000 55972.14145 21.65000 299 0.00457 1.62383 g -1
411 107.17000 -2.65000 55972.14504 21.65000 299 0.00455 1.39867 g -1
834 25.71429 69.35000 55972.14863 21.65000 299 0.00432 1.46605 g -1
868 348.00000 76.55000 55972.15222 21.65000 299 0.00343 1.92297 g -1
854 12.00000 76.55000 55972.15580 21.65000 299 0.00330 1.67793 g -1
358 96.84022 -9.85000 55972.15939 21.65000 299 0.00271 1.40634 g -1
259 104.66339 -24.25000 55972.16298 21.65000 299 0.00337 2.01435 g -1
773 6.95487 54.95000 55972.16657 21.65000 299 0.00255 1.89015 g -1
737 12.25000 47.75000 55972.17016 21.65000 299 0.00237 1.85921 g -1
461 103.30689 4.55000 55972.17374 21.65000 299 0.00227 1.17085 g -1
696 20.38973 40.55000 55972.17733 21.65000 299 0.00210 1.77188 g -1
806 6.66667 62.15000 55972.18092 21.65000 299 0.00207 1.94760 g -1
808 33.33333 62.15000 55972.18451 21.65000 299 0.00183 1.47573 g -1
807 20.00000 62.15000 55972.18810 21.65000 299 0.00179 1.70773 g -1
809 46.66667 62.15000 55972.19168 21.65000 299 0.00172 1.35558 g -1
360 110.94883 -9.85000 55972.19527 21.65000 299 0.00170 1.41388 g -1
738 22.28709 47.75000 55972.19886 21.65000 299 0.00160 1.86954 g -1
774 17.54512 54.95000 55972.20245 21.65000 299 0.00146 1.96203 g -1
835 42.85714 69.35000 55972.20604 21.65000 299 0.00137 1.49932 g -1
310 114.91235 -17.05000 55972.20962 21.65000 299 0.00128 1.61309 g -1
361 118.01850 -9.85000 55972.21321 21.65000 299 0.00119 1.41802 g -1
462 110.14867 4.55000 55972.21680 21.65000 299 0.00116 1.14487 g -1
365 146.29717 -9.85000 55972.22039 21.65000 299 0.00114 1.84617 g -1
314 143.03513 -17.05000 55972.22398 21.65000 299 0.00180 2.02465 g -1
258 97.27032 -24.25000 55972.22756 21.65000 299 0.00110 1.93023 g -1
363 132.15783 -9.85000 55972.23115 21.65000 299 0.00106 1.48811 g -1
412 114.26000 -2.65000 55972.23474 21.65000 299 0.00102 1.23754 g -1
307 93.69218 -17.05000 55972.23833 21.65000 299 0.00097 1.69419 g -1
362 125.08817 -9.85000 55972.24192 21.65000 299 0.00096 1.39868 g -1
315 150.06583 -17.05000 55972.24550 21.65000 299 0.00195 2.00132 g -1
777 49.31587 54.95000 55972.24909 21.65000 299 0.00088 1.58605 g -1
409 93.08173 -2.65000 55972.25268 21.65000 299 0.00088 1.37466 g -1
1404 105.50400 -6.25000 55972.25627 21.65000 299 0.00087 1.34388 g -1
366 153.36683 -9.85000 55972.25986 21.65000 299 0.00082 1.66168 g -1
316 157.09652 -17.05000 55972.26344 21.65000 299 0.00082 2.01918 g -1
364 139.22750 -9.85000 55972.26703 21.65000 299 0.00080 1.43155 g -1
414 128.44000 -2.65000 55972.27062 21.65000 299 0.00071 1.23909 g -1
1351 102.43379 -13.45000 55972.27421 21.65000 299 0.00068 1.62797 g -1
313 136.00443 -17.05000 55972.27780 21.65000 299 0.00067 1.59179 g -1
317 164.12722 -17.05000 55972.28138 21.65000 299 0.00082 2.03757 g -1
265 148.53743 -24.25000 55972.28497 21.65000 299 0.00096 2.01417 g -1
413 121.35000 -2.65000 55972.28856 21.65000 299 0.00067 1.25731 g -1
463 116.99044 4.55000 55972.29215 21.65000 299 0.00064 1.18442 g -1
417 149.71000 -2.65000 55972.29574 21.65000 299 0.00061 1.28582 g -1
460 96.38056 4.55000 55972.29932 21.65000 299 0.00059 1.44903 g -1
318 171.15791 -17.05000 55972.30291 21.65000 299 0.00078 2.01357 g -1
266 155.82286 -24.25000 55972.30650 21.65000 299 0.00091 2.00638 g -1
415 135.53000 -2.65000 55972.31009 21.65000 299 0.00059 1.23979 g -1
514 106.74867 11.75000 55972.31368 21.65000 299 0.00050 1.26437 g -1
416 142.62000 -2.65000 55972.31726 21.65000 299 0.00049 1.23717 g -1
319 178.18861 -17.05000 55972.32085 21.65000 299 0.00062 2.03167 g -1
267 163.10829 -24.25000 55972.32444 21.65000 299 0.00150 2.02020 g -1
464 123.83222 4.55000 55972.32803 21.65000 299 0.00049 1.22628 g -1
515 114.02378 11.75000 55972.33162 21.65000 299 0.00048 1.25449 g -1
465 130.67400 4.55000 55972.33520 21.65000 299 0.00043 1.19563 g -1
467 144.35756 4.55000 55972.33879 21.65000 299 0.00036 1.14657 g -1
320 185.21930 -17.05000 55972.34238 21.65000 299 0.00044 2.00781 g -1
268 170.39371 -24.25000 55972.34597 21.65000 299 0.00177 2.01210 g -1
516 121.29889 11.75000 55972.34955 21.65000 299 0.00035 1.24496 g -1
1455 101.75800 0.95000 55972.35314 21.65000 299 0.00034 1.95963 g -1
367 160.43650 -9.85000 55972.35673 21.65000 299 0.00032 1.37778 g -1
466 137.51578 4.55000 55972.36032 21.65000 299 0.00030 1.21081 g -1
468 151.19933 4.55000 55972.36391 21.65000 299 0.00029 1.15141 g -1
269 177.67914 -24.25000 55972.36749 21.65000 299 0.00167 2.00420 g -1
321 192.25000 -17.05000 55972.37108 21.65000 299 0.00029 1.91189 g -1
368 167.50617 -9.85000 55972.37467 21.65000 299 0.00027 1.37913 g -1
519 143.12422 11.75000 55972.37826 21.65000 299 0.00026 1.14148 g -1
517 128.57400 11.75000 55972.38185 21.65000 299 0.00025 1.30242 g -1
270 184.96457 -24.25000 55972.38543 21.65000 299 0.00102 2.01769 g -1
614 106.21029 26.15000 55972.38902 21.65000 299 0.00022 1.66917 g -1
369 174.57583 -9.85000 55972.39261 21.65000 299 0.00021 1.38061 g -1
418 156.80000 -2.65000 55972.39620 21.65000 299 0.00020 1.27414 g -1
565 109.79245 18.95000 55972.39979 21.65000 299 0.00020 1.81617 g -1
518 135.84911 11.75000 55972.40337 21.65000 299 0.00019 1.30977 g -1
271 192.25000 -24.25000 55972.40696 21.65000 299 0.00037 2.00948 g -1
615 113.69200 26.15000 55972.41055 21.65000 299 0.00018 1.67869 g -1
566 116.84562 18.95000 55972.41414 21.65000 299 0.00018 1.74485 g -1
322 199.28070 -17.05000 55972.41773 21.65000 299 0.00018 1.71555 g -1
315 150.06583 -17.05000 55972.41842 21.65000 299 0.00195 1.84982 r -1
268 170.39371 -24.25000 55972.42201 21.65000 299 0.00177 1.90612 r -1
269 177.67914 -24.25000 55972.42560 21.65000 299 0.00167 1.87474 r -1
365 146.29717 -9.85000 55972.42918 21.65000 299 0.00114 1.75187 r -1
270 184.96457 -24.25000 55972.43277 21.65000 299 0.00102 1.87091 r -1
317 164.12722 -17.05000 55972.43636 21.65000 299 0.00082 1.71096 r -1
316 157.09652 -17.05000 55972.43995 21.65000 299 0.00082 1.86707 r -1
366 153.36683 -9.85000 55972.44354 21.65000 299 0.00082 1.70541 r -1
318 171.15791 -17.05000 55972.44712 21.65000 299 0.00078 1.66980 r -1
319 178.18861 -17.05000 55972.45071 21.65000 299 0.00062 1.61489 r -1
417 149.71000 -2.65000 55972.45430 21.65000 299 0.00061 1.67455 r -1
416 142.62000 -2.65000 55972.45789 21.65000 299 0.00049 1.96210 r -1
320 185.21930 -17.05000 55972.46148 21.65000 299 0.00044 1.59463 r -1
271 192.25000 -24.25000 55972.46506 21.65000 299 0.00037 1.87377 r -1
467 144.35756 4.55000 55972.46865 21.65000 299 0.00036 1.80703 r -1
367 160.43650 -9.85000 55972.47224 21.65000 299 0.00032 1.78985 r -1
468 151.19933 4.55000 55972.47583 21.65000 299 0.00029 1.66466 r -1
321 192.25000 -17.05000 55972.47942 21.65000 299 0.00029 1.59168 r -1
368 167.50617 -9.85000 55972.48300 21.65000 299 0.00027 1.70807 r -1
519 143.12422 11.75000 55972.48659 21.65000 299 0.00026 1.91737 r -1
369 174.57583 -9.85000 55972.49018 21.65000 299 0.00021 1.61413 r -1
418 156.80000 -2.65000 55972.49377 21.65000 299 0.00020 1.91144 r -1
322 199.28070 -17.05000 55972.49736 21.65000 299 0.00018 1.58889 r -1
