683 274.70950 33.35000 56103.25651 21.65000 299 0.01385 1.07332 g -1
636 270.80800 26.15000 56103.26010 21.65000 299 0.01336 1.05801 g -1
684 282.56279 33.35000 56103.26369 21.65000 299 0.01161 1.10936 g -1
725 269.80133 40.55000 56103.26727 21.65000 299 0.01046 1.03609 g -1
726 278.41815 40.55000 56103.27086 21.65000 299 0.01000 1.06738 g -1
637 278.28971 26.15000 56103.27445 21.65000 299 0.00996 1.07050 g -1
682 266.85621 33.35000 56103.27804 21.65000 299 0.00895 1.01059 g -1
764 273.14738 47.75000 56103.28163 21.65000 299 0.00885 1.05298 g -1
829 313.33333 62.15000 56103.28521 21.65000 299 0.00841 1.39554 g -1
826 273.33333 62.15000 56103.28880 21.65000 299 0.00810 1.15322 g -1
796 257.79854 54.95000 56103.29239 21.65000 299 0.00801 1.07699 g -1
587 267.11592 18.95000 56103.29598 21.65000 299 0.00771 1.03428 g -1
763 263.37269 47.75000 56103.29957 21.65000 299 0.00762 1.03254 g -1
825 260.00000 62.15000 56103.30315 21.65000 299 0.00756 1.14382 g -1
797 268.89602 54.95000 56103.30674 21.65000 299 0.00741 1.07569 g -1
765 282.92208 47.75000 56103.31033 21.65000 299 0.00723 1.05143 g -1
724 261.18452 40.55000 56103.31392 21.65000 299 0.00707 1.01538 g -1
635 263.32629 26.15000 56103.31751 21.65000 299 0.00676 1.01512 g -1
727 287.03496 40.55000 56103.32109 21.65000 299 0.00662 1.02914 g -1
762 253.59800 47.75000 56103.32468 21.65000 299 0.00649 1.07044 g -1
681 259.00293 33.35000 56103.32827 21.65000 299 0.00602 1.02794 g -1
798 279.99351 54.95000 56103.33186 21.65000 299 0.00595 1.07667 g -1
849 282.85714 69.35000 56103.33545 21.65000 299 0.00582 1.23800 g -1
638 285.77143 26.15000 56103.33903 21.65000 299 0.00518 1.01338 g -1
685 290.41607 33.35000 56103.34262 21.65000 299 0.00516 1.01113 g -1
588 274.38447 18.95000 56103.34621 21.65000 299 0.00494 1.03896 g -1
827 286.66667 62.15000 56103.34980 21.65000 299 0.00493 1.14241 g -1
830 326.66667 62.15000 56103.35338 21.65000 299 0.00492 1.29294 g -1
850 300.00000 69.35000 56103.35697 21.65000 299 0.00477 1.25096 g -1
851 317.14286 69.35000 56103.36056 21.65000 299 0.00454 1.30164 g -1
723 252.56770 40.55000 56103.36415 21.65000 299 0.00446 1.14348 g -1
848 265.71429 69.35000 56103.36774 21.65000 299 0.00429 1.27512 g -1
795 246.70105 54.95000 56103.37132 21.65000 299 0.00420 1.25684 g -1
766 292.69677 47.75000 56103.37491 21.65000 299 0.00382 1.03259 g -1
586 259.84737 18.95000 56103.37850 21.65000 299 0.00379 1.19232 g -1
634 255.84457 26.15000 56103.38209 21.65000 299 0.00364 1.20761 g -1
761 243.82331 47.75000 56103.38568 21.65000 299 0.00354 1.32803 g -1
799 291.09099 54.95000 56103.38926 21.65000 299 0.00345 1.07874 g -1
536 263.95111 11.75000 56103.39285 21.65000 299 0.00341 1.27089 g -1
828 300.00000 62.15000 56103.39644 21.65000 299 0.00331 1.14147 g -1
722 243.95089 40.55000 56103.40003 21.65000 299 0.00320 1.42252 g -1
824 246.66667 62.15000 56103.40362 21.65000 299 0.00304 1.41568 g -1
680 251.14964 33.35000 56103.40720 21.65000 299 0.00302 1.37360 g -1
728 295.65178 40.55000 56103.41079 21.65000 299 0.00278 1.01635 g -1
847 248.57143 69.35000 56103.41438 21.65000 299 0.00257 1.48792 g -1
589 281.65302 18.95000 56103.41797 21.65000 299 0.00245 1.12338 g -1
639 293.25314 26.15000 56103.42156 21.65000 299 0.00230 1.03621 g -1
537 270.92622 11.75000 56103.42514 21.65000 299 0.00225 1.33875 g -1
679 243.29636 33.35000 56103.42873 21.65000 299 0.00224 1.77508 g -1
585 252.57882 18.95000 56103.43232 21.65000 299 0.00197 1.74417 g -1
866 300.00000 76.55000 56103.43591 21.65000 299 0.00183 1.38351 g -1
633 248.36286 26.15000 56103.43950 21.65000 299 0.00178 1.86124 g -1
823 233.33333 62.15000 56103.44308 21.65000 299 0.00176 1.87933 g -1
846 231.42857 69.35000 56103.44667 21.65000 299 0.00176 1.87753 g -1
686 298.26936 33.35000 56103.45026 21.65000 299 0.00172 1.04767 g -1
867 324.00000 76.55000 56103.45385 21.65000 299 0.00166 1.37356 g -1
865 276.00000 76.55000 56103.45744 21.65000 299 0.00162 1.49279 g -1
800 302.18847 54.95000 56103.46102 21.65000 299 0.00159 1.11322 g -1
864 252.00000 76.55000 56103.46461 21.65000 299 0.00151 1.68559 g -1
767 302.47146 47.75000 56103.46820 21.65000 299 0.00149 1.08292 g -1
590 288.92157 18.95000 56103.47179 21.65000 299 0.00130 1.24694 g -1
863 228.00000 76.55000 56103.47538 21.65000 299 0.00125 2.00095 g -1
801 313.28596 54.95000 56103.47896 21.65000 299 0.00097 1.09827 g -1
756 194.94985 47.75000 56104.17141 21.65000 299 0.00279 1.08872 g -1
716 192.25000 40.55000 56104.17500 21.65000 299 0.00272 1.09210 g -1
673 196.17664 33.35000 56104.17859 21.65000 299 0.00247 1.07478 g -1
790 191.39000 54.95000 56104.18217 21.65000 299 0.00241 1.16586 g -1
626 195.99086 26.15000 56104.18576 21.65000 299 0.00213 1.11035 g -1
820 193.33333 62.15000 56104.18935 21.65000 299 0.00213 1.22624 g -1
672 188.32336 33.35000 56104.19294 21.65000 299 0.00202 1.18240 g -1
715 183.63319 40.55000 56104.19653 21.65000 299 0.00181 1.23808 g -1
791 202.40112 54.95000 56104.20011 21.65000 299 0.00170 1.14098 g -1
577 194.55043 18.95000 56104.20370 21.65000 299 0.00169 1.22940 g -1
755 185.52515 47.75000 56104.20729 21.65000 299 0.00161 1.26346 g -1
535 256.97600 11.75000 56104.21088 21.65000 299 0.00160 1.15920 g -1
821 206.66667 62.15000 56104.21447 21.65000 299 0.00159 1.20466 g -1
717 200.86681 40.55000 56104.21805 21.65000 299 0.00157 1.14276 g -1
845 214.28571 69.35000 56104.22164 21.65000 299 0.00153 1.27305 g -1
844 197.14286 69.35000 56104.22523 21.65000 299 0.00150 1.36084 g -1
754 176.10046 47.75000 56104.22882 21.65000 299 0.00143 1.53099 g -1
625 188.50914 26.15000 56104.23241 21.65000 299 0.00143 1.44000 g -1
822 220.00000 62.15000 56104.23599 21.65000 299 0.00139 1.18157 g -1
794 235.60357 54.95000 56104.23958 21.65000 299 0.00133 1.08127 g -1
632 240.88114 26.15000 56104.24317 21.65000 299 0.00132 1.01030 g -1
757 204.72454 47.75000 56104.24676 21.65000 299 0.00121 1.21172 g -1
792 213.41224 54.95000 56104.25035 21.65000 299 0.00117 1.18250 g -1
485 267.50956 4.55000 56104.25393 21.65000 299 0.00116 1.19919 g -1
