875 260.00000 83.75000 56049.14612 21.65000 299 0.00103 1.90305 g -1
878 10.00000 88.00000 56049.14970 21.65000 299 0.00039 1.90160 g -1
871 100.00000 83.75000 56049.15329 21.65000 299 0.00034 1.68123 g -1
870 60.00000 83.75000 56049.15688 21.65000 299 0.00021 1.88024 g -1
864 252.00000 76.55000 56049.16047 21.65000 299 0.00019 1.87647 g -1
1895 240.00000 88.50000 56049.16406 21.65000 299 0.00018 1.80085 g -1
879 170.00000 88.00000 56049.16764 21.65000 299 0.00016 1.72596 g -1
874 220.00000 83.75000 56049.17123 21.65000 299 0.00016 1.66743 g -1
1894 90.00000 88.50000 56049.17482 21.65000 299 0.00010 1.79942 g -1
858 108.00000 76.55000 56049.17841 21.65000 299 0.00009 1.57804 g -1
872 140.00000 83.75000 56049.18200 21.65000 299 0.00008 1.59487 g -1
880 10.00000 87.40000 56049.18558 21.65000 299 0.00008 1.94330 g -1
848 265.71429 69.35000 56049.18917 21.65000 299 0.00094 2.02386 g -1
825 260.00000 62.15000 56049.19276 21.65000 299 0.00010 1.97452 g -1
865 276.00000 76.55000 56049.19635 21.65000 299 0.00285 2.01673 g -1
1876 272.43831 72.95000 56049.19994 21.65000 299 0.00014 2.01274 g -1
1891 284.39570 80.15000 56049.20352 21.65000 299 0.00009 2.00238 g -1
876 300.00000 83.75000 56049.20711 21.65000 299 0.00144 2.00221 g -1
324 213.34209 -17.05000 56049.21070 21.65000 299 0.00007 2.00030 g -1
873 180.00000 83.75000 56049.21429 21.65000 299 0.00005 1.56641 g -1
763 263.37269 47.75000 56049.21788 21.65000 299 0.00038 2.03564 g -1
724 261.18452 40.55000 56049.22146 21.65000 299 0.00021 2.03909 g -1
826 273.33333 62.15000 56049.22505 21.65000 299 0.00341 2.01969 g -1
797 268.89602 54.95000 56049.22864 21.65000 299 0.00229 1.96573 g -1
272 199.53543 -24.25000 56049.23223 21.65000 299 0.00017 1.93475 g -1
273 206.82086 -24.25000 56049.23582 21.65000 299 0.00034 2.01720 g -1
849 282.85714 69.35000 56049.23940 21.65000 299 0.00309 2.00296 g -1
1857 278.87953 65.75000 56049.24299 21.65000 299 0.00017 1.94203 g -1
764 273.14738 47.75000 56049.24658 21.65000 299 0.00281 2.01209 g -1
725 269.80133 40.55000 56049.25017 21.65000 299 0.00246 1.96341 g -1
682 266.85621 33.35000 56049.25376 21.65000 299 0.00216 1.92798 g -1
635 263.32629 26.15000 56049.25734 21.65000 299 0.00178 1.87323 g -1
586 259.84737 18.95000 56049.26093 21.65000 299 0.00144 1.83468 g -1
798 279.99351 54.95000 56049.26452 21.65000 299 0.00139 1.90789 g -1
535 256.97600 11.75000 56049.26811 21.65000 299 0.00129 1.79074 g -1
483 253.82600 4.55000 56049.27170 21.65000 299 0.00124 1.81575 g -1
379 245.27250 -9.85000 56049.27528 21.65000 299 0.00109 1.95668 g -1
432 256.06000 -2.65000 56049.27887 21.65000 299 0.00135 2.05435 g -1
484 260.66778 4.55000 56049.28246 21.65000 299 0.00099 1.93765 g -1
328 241.46487 -17.05000 56049.28605 21.65000 299 0.00144 2.02872 g -1
380 252.34217 -9.85000 56049.28964 21.65000 299 0.00123 2.03061 g -1
536 263.95111 11.75000 56049.29322 21.65000 299 0.00087 1.71467 g -1
431 248.97000 -2.65000 56049.29681 21.65000 299 0.00084 1.59526 g -1
866 300.00000 76.55000 56049.30040 21.65000 299 0.00081 1.84672 g -1
587 267.11592 18.95000 56049.30399 21.65000 299 0.00071 1.55760 g -1
329 248.49557 -17.05000 56049.30758 21.65000 299 0.00082 2.00452 g -1
827 286.66667 62.15000 56049.31116 21.65000 299 0.00059 1.62969 g -1
276 228.67714 -24.25000 56049.31475 21.65000 299 0.00044 1.92698 g -1
277 235.96257 -24.25000 56049.31834 21.65000 299 0.00083 2.00511 g -1
274 214.10629 -24.25000 56049.32193 21.65000 299 0.00043 1.88139 g -1
275 221.39171 -24.25000 56049.32551 21.65000 299 0.00039 1.86952 g -1
636 270.80800 26.15000 56049.32910 21.65000 299 0.00037 1.35639 g -1
327 234.43417 -17.05000 56049.33269 21.65000 299 0.00036 1.60795 g -1
278 243.24800 -24.25000 56049.33628 21.65000 299 0.00023 2.01827 g -1
326 227.40348 -17.05000 56049.33987 21.65000 299 0.00018 1.57126 g -1
877 340.00000 83.75000 56049.34345 21.65000 299 0.00017 1.95242 g -1
1425 251.23728 -6.25000 56049.34704 21.65000 299 0.00016 1.41655 g -1
1831 270.98986 58.55000 56049.35063 21.65000 299 0.00016 1.25336 g -1
378 238.20283 -9.85000 56049.35422 21.65000 299 0.00016 1.38467 g -1
683 274.70950 33.35000 56049.35781 21.65000 299 0.00016 1.22101 g -1
681 259.00293 33.35000 56049.36139 21.65000 299 0.00014 1.07126 g -1
1477 254.89831 0.95000 56049.36498 21.65000 299 0.00012 1.25882 g -1
325 220.37278 -17.05000 56049.36857 21.65000 299 0.00012 1.65041 g -1
1800 270.49180 51.35000 56049.37216 21.65000 299 0.00011 1.15205 g -1
726 278.41815 40.55000 56049.37575 21.65000 299 0.00010 1.17979 g -1
850 300.00000 69.35000 56049.37933 21.65000 299 0.00010 1.50748 g -1
1582 262.37857 15.35000 56049.38292 21.65000 299 0.00010 1.11332 g -1
482 246.98422 4.55000 56049.38651 21.65000 299 0.00009 1.14442 g -1
430 241.88000 -2.65000 56049.39010 21.65000 299 0.00009 1.23765 g -1
1632 265.50087 22.55000 56049.39369 21.65000 299 0.00008 1.06910 g -1
1530 258.57900 8.15000 56049.39727 21.65000 299 0.00008 1.12745 g -1
1724 271.73193 36.95000 56049.40086 21.65000 299 0.00008 1.06184 g -1
1372 247.50267 -13.45000 56049.40445 21.65000 299 0.00008 1.46255 g -1
1320 242.35409 -20.65000 56049.40804 21.65000 299 0.00007 1.72637 g -1
534 250.00089 11.75000 56049.41163 21.65000 299 0.00007 1.07627 g -1
1680 268.85396 29.75000 56049.41521 21.65000 299 0.00007 1.02972 g -1
634 255.84457 26.15000 56049.41880 21.65000 299 0.00007 1.00822 g -1
1763 266.22662 44.15000 56049.42239 21.65000 299 0.00006 1.02830 g -1
1764 275.47369 44.15000 56049.42598 21.65000 299 0.00006 1.05063 g -1
869 20.00000 83.75000 56049.42957 21.65000 299 0.00008 2.00335 g -1
765 282.92208 47.75000 56049.43315 21.65000 299 0.00006 1.08326 g -1
377 231.13317 -9.85000 56049.43674 21.65000 299 0.00005 1.61395 g -1
585 252.57882 18.95000 56049.44033 21.65000 299 0.00005 1.04469 g -1
1679 261.36518 29.75000 56049.44392 21.65000 299 0.00004 1.00254 g -1
381 259.41183 -9.85000 56049.44751 21.65000 299 0.00004 1.37915 g -1
1877 292.43831 72.95000 56049.45109 21.65000 299 0.00004 1.34161 g -1
1832 283.18423 58.55000 56049.45468 21.65000 299 0.00004 1.12535 g -1
433 263.15000 -2.65000 56049.45827 21.65000 299 0.00004 1.24233 g -1
1723 263.36541 36.95000 56049.46186 21.65000 299 0.00004 1.00654 g -1
826 273.33333 62.15000 56049.46255 21.65000 299 0.00341 1.14176 r -1
849 282.85714 69.35000 56049.46614 21.65000 299 0.00309 1.24467 r -1
865 276.00000 76.55000 56049.46973 21.65000 299 0.00285 1.37220 r -1
764 273.14738 47.75000 56049.47332 21.65000 299 0.00281 1.03251 r -1
725 269.80133 40.55000 56049.47690 21.65000 299 0.00246 1.01112 r -1
797 268.89602 54.95000 56049.48049 21.65000 299 0.00229 1.08078 r -1
682 266.85621 33.35000 56049.48408 21.65000 299 0.00216 1.01350 r -1
635 263.32629 26.15000 56049.48767 21.65000 299 0.00178 1.03850 r -1
876 300.00000 83.75000 56049.49126 21.65000 299 0.00144 1.58164 r -1
586 259.84737 18.95000 56049.49484 21.65000 299 0.00144 1.09828 r -1
798 279.99351 54.95000 56049.49843 21.65000 299 0.00139 1.07647 r -1
