0.3629991081 2.3102814803e-03 48.0495611883
0.3701750340 4.9845180524e-03 95.2598287315
0.3737629970 9.7940179820e-03 142.3651845689
0.3809389229 2.1540101631e-02 190.5721133158
0.3881148488 3.2807336231e-02 238.3069393871
0.3917028118 5.4967775439e-02 285.3598393718
0.3952907747 6.7915096275e-02 332.5701069149
0.3988787377 7.7172785977e-02 379.6230068996
0.4024667007 9.0495926638e-02 426.6759068842
0.4060546636 1.5571852129e-01 472.8895132237
0.4096426266 1.9179361675e-01 519.9424132083
0.4132305896 2.3933012747e-01 566.8904014873
0.4168185525 2.6865861558e-01 613.7859339135
0.4204065155 2.8155592408e-01 661.6256716905
0.4239944785 3.8316068095e-01 707.8917338828
0.4275824414 4.1082631232e-01 753.5283258412
0.4311704044 4.9256166693e-01 800.7385933843
0.4347583674 5.6190932665e-01 847.8964050746
0.4383463303 5.7306031350e-01 893.5854528858
0.4419342933 5.8334955983e-01 941.7399257798
0.4455222563 6.0092085256e-01 988.0584438248
0.4491102192 6.3250848234e-01 1034.6916969869
0.4526981822 6.6733740943e-01 1081.7445969715
0.4562861451 6.9039109842e-01 1128.2729384279
0.4598741081 7.0297698153e-01 1175.5881176767
0.4634620711 7.1220108351e-01 1221.4345330464
0.4670500340 7.1983506171e-01 1268.7497122952
0.4706379970 7.2860606109e-01 1315.3305096044
0.4742259600 7.3632722236e-01 1362.6981447060
0.4778139229 7.4384252198e-01 1409.7510446906
0.4814018859 7.5145086318e-01 1456.8039446753
0.4849898489 7.6449099756e-01 1504.0666680712
0.4885778118 7.7139272751e-01 1506.6894607125
0.4921657748 7.7846093442e-01 1553.8997282556
0.4957537378 7.8487123926e-01 1601.1624516516
0.4993417007 7.9049487134e-01 1647.6383372552
0.5029296637 7.9605778974e-01 1691.3865185118
0.5065176267 8.0124213495e-01 1738.9115211719
0.5101055896 8.0578128739e-01 1785.9644211565
0.5136935526 8.1015929509e-01 1831.7059248205
0.5172815156 8.1456566329e-01 1878.4965455411
0.5208694785 8.1884793109e-01 1881.0668823295
0.5244574415 8.2275109336e-01 1928.8541642537
0.5280454044 8.2629355291e-01 1931.5294127478
0.5316333674 8.3071133011e-01 1978.6872244382
0.5352213304 8.3977418883e-01 2020.4945391402
0.5388092933 8.4407067495e-01 2068.0195418003
0.5423972563 8.4774765269e-01 2114.3380598454
0.5459852193 8.5126887261e-01 2160.4992103320
0.5495731822 8.5409138349e-01 2203.6703772076
0.5531611452 8.5752951286e-01 2248.7299547848
0.5567491082 8.6087505422e-01 2294.6288260073
0.5603370711 8.6521718659e-01 2340.9473440524
0.5639250341 8.6798958618e-01 2343.8324159578
0.5675129971 8.7052533636e-01 2387.0560386862
0.5711009600 8.7271879331e-01 2430.0698380033
0.5746889230 8.7503839874e-01 2475.4441506975
0.5782768860 8.7739632810e-01 2477.6472965162
0.5818648489 8.7965857414e-01 2521.2905660672
0.5854528119 8.8185708014e-01 2523.4937118859
0.5890407749 8.8367949368e-01 2568.6582011688
0.5926287378 8.8565634409e-01 2571.8580081911
0.5962167008 8.8756315751e-01 2575.1627269192
0.5998046637 8.8926593916e-01 2620.7993188775
0.6033926267 8.9101878352e-01 2624.4187727225
0.6069805897 8.9256790768e-01 2626.6219185412
0.6105685526 8.9385783042e-01 2629.6643580051
0.6141565156 8.9510039101e-01 2632.8641650274
0.6148509601 8.9510039101e-01 2632.8641650274
0.6184389230 8.9510039101e-01 2632.8641650274
0.6220268860 8.9510039101e-01 2632.8641650274
0.6256148489 8.9510039101e-01 2632.8641650274
0.6292028119 8.9510039101e-01 2632.8641650274
0.6327907749 8.9510039101e-01 2632.8641650274
0.6363787378 8.9510039101e-01 2632.8641650274
0.6399667008 8.9510039101e-01 2632.8641650274
0.6435546638 8.9510039101e-01 2632.8641650274
0.6471426267 8.9510039101e-01 2632.8641650274
0.6507305897 8.9510039101e-01 2632.8641650274
0.6543185527 8.9510039101e-01 2632.8641650274
0.6579065156 8.9510039101e-01 2632.8641650274
0.6614944786 8.9510039101e-01 2632.8641650274
0.6650824416 8.9510039101e-01 2632.8641650274
0.6686704045 8.9510039101e-01 2632.8641650274
0.6722583675 8.9510039101e-01 2632.8641650274
0.6758463305 8.9510039101e-01 2632.8641650274
0.6794342934 8.9510039101e-01 2632.8641650274
0.6830222564 8.9510039101e-01 2632.8641650274
0.6866102194 8.9510039101e-01 2632.8641650274
0.6901981823 8.9510039101e-01 2632.8641650274
0.6937861453 8.9510039101e-01 2632.8641650274
0.6973741082 8.9510039101e-01 2632.8641650274
0.7009620712 8.9510039101e-01 2632.8641650274
0.7045500342 8.9510039101e-01 2632.8641650274
0.7081379971 8.9510039101e-01 2632.8641650274
0.7117259601 8.9510039101e-01 2632.8641650274
0.7153139231 8.9510039101e-01 2632.8641650274
0.7189018860 8.9510039101e-01 2632.8641650274
0.7224898490 8.9510039101e-01 2632.8641650274
0.7260778120 8.9510039101e-01 2632.8641650274
0.7296657749 8.9510039101e-01 2632.8641650274
0.7332537379 8.9510039101e-01 2632.8641650274
0.7368417009 8.9510039101e-01 2632.8641650274
0.7404296638 8.9510039101e-01 2632.8641650274
0.7440176268 8.9510039101e-01 2632.8641650274
0.7476055898 8.9510039101e-01 2632.8641650274
0.7511935527 8.9510039101e-01 2632.8641650274
0.7547815157 8.9510039101e-01 2632.8641650274
0.7583694787 8.9510039101e-01 2632.8641650274
0.7619574416 8.9510039101e-01 2632.8641650274
0.7655454046 8.9510039101e-01 2632.8641650274
0.7691333675 8.9510039101e-01 2632.8641650274
0.7727213305 8.9510039101e-01 2632.8641650274
