760 234.04862 47.75000 56081.46963 21.65000 299 0.00190 1.67886 g -1
793 224.50609 54.95000 56081.47322 21.65000 299 0.00142 1.91100 g -1
722 243.95089 40.55000 56081.47681 21.65000 299 0.00125 1.55015 g -1
761 243.82331 47.75000 56081.48040 21.65000 299 0.00121 1.54103 g -1
716 192.25000 40.55000 56082.16566 21.65000 299 0.02355 1.00890 g -1
572 159.16460 18.95000 56082.16925 21.65000 299 0.02064 1.24533 g -1
670 172.61679 33.35000 56082.17283 21.65000 299 0.01985 1.07345 g -1
715 183.63319 40.55000 56082.17642 21.65000 299 0.01591 1.03297 g -1
671 180.47007 33.35000 56082.18001 21.65000 299 0.01471 1.04543 g -1
622 166.06400 26.15000 56082.18360 21.65000 299 0.01452 1.17845 g -1
521 157.67444 11.75000 56082.18719 21.65000 299 0.01327 1.46495 g -1
756 194.94985 47.75000 56082.19077 21.65000 299 0.01151 1.04082 g -1
755 185.52515 47.75000 56082.19436 21.65000 299 0.01082 1.07129 g -1
714 175.01637 40.55000 56082.19795 21.65000 299 0.01020 1.11819 g -1
623 173.54571 26.15000 56082.20154 21.65000 299 0.00897 1.16796 g -1
571 152.11144 18.95000 56082.20513 21.65000 299 0.00879 1.66701 g -1
573 166.21777 18.95000 56082.20871 21.65000 299 0.00875 1.35597 g -1
669 164.76350 33.35000 56082.21230 21.65000 299 0.00859 1.29545 g -1
621 158.58229 26.15000 56082.21589 21.65000 299 0.00832 1.49149 g -1
717 200.86681 40.55000 56082.21948 21.65000 299 0.00682 1.02787 g -1
757 204.72454 47.75000 56082.22307 21.65000 299 0.00608 1.04458 g -1
620 151.10057 26.15000 56082.22665 21.65000 299 0.00484 1.84917 g -1
522 164.94956 11.75000 56082.23024 21.65000 299 0.00450 1.68785 g -1
713 166.39956 40.55000 56082.23383 21.65000 299 0.00435 1.36586 g -1
672 188.32336 33.35000 56082.23742 21.65000 299 0.00406 1.12860 g -1
758 214.49923 47.75000 56082.24101 21.65000 299 0.00337 1.03854 g -1
754 176.10046 47.75000 56082.24459 21.65000 299 0.00305 1.27737 g -1
668 156.91021 33.35000 56082.24818 21.65000 299 0.00305 1.79215 g -1
624 181.02743 26.15000 56082.25177 21.65000 299 0.00302 1.30546 g -1
789 180.37888 54.95000 56082.25536 21.65000 299 0.00255 1.29251 g -1
673 196.17664 33.35000 56082.25894 21.65000 299 0.00251 1.12795 g -1
718 209.48363 40.55000 56082.26253 21.65000 299 0.00229 1.05310 g -1
790 191.39000 54.95000 56082.26612 21.65000 299 0.00228 1.22683 g -1
574 173.27093 18.95000 56082.26971 21.65000 299 0.00224 1.74115 g -1
627 203.47257 26.15000 56082.27330 21.65000 299 0.00206 1.13021 g -1
759 224.27392 47.75000 56082.27688 21.65000 299 0.00186 1.04442 g -1
578 201.71129 18.95000 56082.28047 21.65000 299 0.00183 1.21571 g -1
753 166.67577 47.75000 56082.28406 21.65000 299 0.00179 1.71370 g -1
791 202.40112 54.95000 56082.28765 21.65000 299 0.00172 1.20184 g -1
525 186.77489 11.57000 56082.29124 21.65000 299 0.00166 1.69837 g -1
576 187.38957 18.95000 56082.29482 21.65000 299 0.00154 1.57989 g -1
792 213.41224 54.95000 56082.29841 21.65000 299 0.00151 1.15592 g -1
579 208.96753 18.95000 56082.30200 21.65000 299 0.00130 1.22185 g -1
674 204.02993 33.35000 56082.30559 21.65000 299 0.00129 1.21984 g -1
719 218.10044 40.55000 56082.30918 21.65000 299 0.00124 1.09803 g -1
577 194.55043 18.95000 56082.31276 21.65000 299 0.00123 1.56096 g -1
628 210.95429 26.15000 56082.31635 21.65000 299 0.00122 1.21324 g -1
788 169.45049 54.95000 56082.31994 21.65000 299 0.00114 1.93048 g -1
626 195.99086 26.15000 56082.32353 21.65000 299 0.00114 1.52772 g -1
1755 192.06898 44.15000 56082.32712 21.65000 299 0.00112 1.50213 g -1
625 188.50914 26.15000 56082.33070 21.65000 299 0.00098 1.85635 g -1
426 213.52000 -2.65000 56082.33429 21.65000 299 0.00086 1.71050 g -1
629 218.43600 26.15000 56082.33788 21.65000 299 0.00085 1.21678 g -1
794 235.60357 54.95000 56082.34147 21.65000 299 0.00081 1.12349 g -1
720 226.71726 40.55000 56082.34506 21.65000 299 0.00076 1.12923 g -1
528 208.15022 11.75000 56082.34864 21.65000 299 0.00075 1.67301 g -1
675 211.88321 33.35000 56082.35223 21.65000 299 0.00074 1.35084 g -1
821 206.66667 62.15000 56082.35582 21.65000 299 0.00072 1.43857 g -1
477 212.77533 4.55000 56082.35941 21.65000 299 0.00071 1.82880 g -1
721 235.33407 40.55000 56082.36300 21.65000 299 0.00068 1.11319 g -1
580 216.23608 18.95000 56082.36658 21.65000 299 0.00068 1.50260 g -1
820 193.33333 62.15000 56082.37017 21.65000 299 0.00066 1.72531 g -1
427 220.61000 -2.65000 56082.37376 21.65000 299 0.00062 1.96429 g -1
822 220.00000 62.15000 56082.37735 21.65000 299 0.00056 1.37740 g -1
581 223.50463 18.95000 56082.38094 21.65000 299 0.00056 1.45378 g -1
478 219.61711 4.55000 56082.38452 21.65000 299 0.00054 1.92037 g -1
529 215.12533 11.75000 56082.38811 21.65000 299 0.00053 1.95853 g -1
538 277.90133 11.75000 56082.39170 21.65000 299 0.00049 1.07557 g -1
680 251.14964 33.35000 56082.39529 21.65000 299 0.00047 1.08488 g -1
676 219.73650 33.35000 56082.39888 21.65000 299 0.00047 1.53841 g -1
723 252.56770 40.55000 56082.40246 21.65000 299 0.00047 1.09309 g -1
530 222.10044 11.75000 56082.40605 21.65000 299 0.00044 1.93490 g -1
630 225.91771 26.15000 56082.40964 21.65000 299 0.00043 1.55817 g -1
588 274.38447 18.95000 56082.41323 21.65000 299 0.00040 1.04705 g -1
679 243.29636 33.35000 56082.41682 21.65000 299 0.00038 1.23094 g -1
823 233.33333 62.15000 56082.42040 21.65000 299 0.00036 1.40096 g -1
762 253.59800 47.75000 56082.42399 21.65000 299 0.00036 1.15579 g -1
589 281.65302 18.95000 56082.42758 21.65000 299 0.00035 1.04179 g -1
724 261.18452 40.55000 56082.43117 21.65000 299 0.00034 1.10459 g -1
795 246.70105 54.95000 56082.43476 21.65000 299 0.00034 1.27775 g -1
681 259.00293 33.35000 56082.43834 21.65000 299 0.00033 1.14517 g -1
677 227.58979 33.35000 56082.44193 21.65000 299 0.00032 1.76706 g -1
486 274.35133 4.55000 56082.44552 21.65000 299 0.00031 1.22832 g -1
636 270.80800 26.15000 56082.44911 21.65000 299 0.00030 1.09952 g -1
637 278.28971 26.15000 56082.45269 21.65000 299 0.00030 1.06101 g -1
535 256.97600 11.75000 56082.45628 21.65000 299 0.00030 1.41940 g -1
537 270.92622 11.75000 56082.45987 21.65000 299 0.00029 1.22898 g -1
678 235.44307 33.35000 56082.46346 21.65000 299 0.00029 1.76418 g -1
635 263.32629 26.15000 56082.46705 21.65000 299 0.00028 1.23881 g -1
