581 223.50463 18.95000 56084.23507 21.65000 299 0.04913 1.03279 g -1
529 215.12533 11.75000 56084.23866 21.65000 299 0.04803 1.08729 g -1
631 233.39943 26.15000 56084.24225 21.65000 299 0.04005 1.01581 g -1
630 225.91771 26.15000 56084.24584 21.65000 299 0.03979 1.00811 g -1
724 261.18452 40.55000 56084.24942 21.65000 299 0.03519 1.12632 g -1
580 216.23608 18.95000 56084.25301 21.65000 299 0.03495 1.05440 g -1
476 205.93356 4.55000 56084.25660 21.65000 299 0.03186 1.24860 g -1
477 212.77533 4.55000 56084.26019 21.65000 299 0.03061 1.20376 g -1
679 243.29636 33.35000 56084.26378 21.65000 299 0.03020 1.01129 g -1
425 206.43000 -2.65000 56084.26736 21.65000 299 0.02579 1.40529 g -1
530 222.10044 11.75000 56084.27095 21.65000 299 0.02441 1.10275 g -1
678 235.44307 33.35000 56084.27454 21.65000 299 0.02305 1.00023 g -1
582 230.77318 18.95000 56084.27813 21.65000 299 0.02248 1.03977 g -1
681 259.00293 33.35000 56084.28172 21.65000 299 0.02007 1.04164 g -1
632 240.88114 26.15000 56084.28530 21.65000 299 0.01970 1.00804 g -1
528 208.15022 11.75000 56084.28889 21.65000 299 0.01907 1.26559 g -1
680 251.14964 33.35000 56084.29248 21.65000 299 0.01840 1.00642 g -1
373 202.85450 -9.85000 56084.29607 21.65000 299 0.01490 1.92773 g -1
682 266.85621 33.35000 56084.29966 21.65000 299 0.01435 1.04795 g -1
424 199.34000 -2.65000 56084.30324 21.65000 299 0.01247 1.87525 g -1
723 252.56770 40.55000 56084.30683 21.65000 299 0.01116 1.00944 g -1
426 213.52000 -2.65000 56084.31042 21.65000 299 0.01111 1.54720 g -1
478 219.61711 4.55000 56084.31401 21.65000 299 0.01086 1.32805 g -1
633 248.36286 26.15000 56084.31760 21.65000 299 0.00795 1.00996 g -1
583 238.04173 18.95000 56084.32118 21.65000 299 0.00654 1.06504 g -1
629 218.43600 26.15000 56084.32477 21.65000 299 0.00569 1.18472 g -1
531 229.07556 11.75000 56084.32836 21.65000 299 0.00555 1.19231 g -1
725 269.80133 40.55000 56084.33195 21.65000 299 0.00500 1.02256 g -1
636 270.80800 26.15000 56084.33553 21.65000 299 0.00428 1.02453 g -1
677 227.58979 33.35000 56084.33912 21.65000 299 0.00394 1.12389 g -1
635 263.32629 26.15000 56084.34271 21.65000 299 0.00382 1.00836 g -1
684 282.56279 33.35000 56084.34630 21.65000 299 0.00355 1.04272 g -1
722 243.95089 40.55000 56084.34989 21.65000 299 0.00340 1.04909 g -1
726 278.41815 40.55000 56084.35347 21.65000 299 0.00311 1.02472 g -1
683 274.70950 33.35000 56084.35706 21.65000 299 0.00280 1.00683 g -1
634 255.84457 26.15000 56084.36065 21.65000 299 0.00280 1.02537 g -1
1576 220.32582 15.35000 56084.36424 21.65000 299 0.00244 1.48326 g -1
1723 263.36541 36.95000 56084.36783 21.65000 299 0.00221 1.00734 g -1
1626 221.37928 22.55000 56084.37141 21.65000 299 0.00218 1.42582 g -1
685 290.41607 33.35000 56084.37500 21.65000 299 0.00212 1.03230 g -1
1627 228.92880 22.55000 56084.37859 21.65000 299 0.00204 1.33157 g -1
1676 238.20700 29.75000 56084.38218 21.65000 299 0.00197 1.17982 g -1
1675 230.54750 29.75000 56084.38577 21.65000 299 0.00175 1.29577 g -1
686 298.26936 33.35000 56084.38935 21.65000 299 0.00175 1.04347 g -1
1722 255.10475 36.95000 56084.39294 21.65000 299 0.00159 1.06654 g -1
584 245.31027 18.95000 56084.39653 21.65000 299 0.00158 1.21873 g -1
479 226.45889 4.55000 56084.40012 21.65000 299 0.00150 1.95424 g -1
727 287.03496 40.55000 56084.40371 21.65000 299 0.00122 1.00916 g -1
1577 227.31429 15.35000 56084.40729 21.65000 299 0.00111 1.73022 g -1
587 267.11592 18.95000 56084.41088 21.65000 299 0.00105 1.08052 g -1
637 278.28971 26.15000 56084.41447 21.65000 299 0.00103 1.01770 g -1
1628 236.19677 22.55000 56084.41806 21.65000 299 0.00100 1.47040 g -1
1721 246.63237 36.95000 56084.42165 21.65000 299 0.00099 1.22625 g -1
638 285.77143 26.15000 56084.42523 21.65000 299 0.00098 1.01149 g -1
639 293.25314 26.15000 56084.42882 21.65000 299 0.00097 1.00795 g -1
532 236.05067 11.75000 56084.43241 21.65000 299 0.00095 1.82792 g -1
1677 245.86650 29.75000 56084.43600 21.65000 299 0.00086 1.34173 g -1
585 252.57882 18.95000 56084.43959 21.65000 299 0.00052 1.33753 g -1
1680 268.85396 29.75000 56084.44317 21.65000 299 0.00050 1.10197 g -1
372 195.78483 -9.85000 56085.16695 21.65000 299 0.00763 1.37599 g -1
322 199.28070 -17.05000 56085.17054 21.65000 299 0.00715 1.57162 g -1
374 209.92417 -9.85000 56085.17413 21.65000 299 0.00704 1.38983 g -1
323 206.31139 -17.05000 56085.17772 21.65000 299 0.00413 1.57466 g -1
321 192.25000 -17.05000 56085.18130 21.65000 299 0.00272 1.61534 g -1
1523 209.70500 8.15000 56085.18489 21.65000 299 0.00228 1.10851 g -1
1470 206.17185 0.95000 56085.18848 21.65000 299 0.00189 1.18536 g -1
1418 202.65952 -6.25000 56085.19207 21.65000 299 0.00179 1.30552 g -1
475 199.09178 4.55000 56085.19566 21.65000 299 0.00173 1.15973 g -1
1575 213.35100 15.35000 56085.19924 21.65000 299 0.00169 1.05280 g -1
579 208.96753 18.95000 56085.20283 21.65000 299 0.00164 1.03392 g -1
427 220.61000 -2.65000 56085.20642 21.65000 299 0.00152 1.24755 g -1
1471 213.13277 0.95000 56085.21001 21.65000 299 0.00134 1.18561 g -1
1524 216.68700 8.15000 56085.21360 21.65000 299 0.00132 1.10585 g -1
1419 209.59920 -6.25000 56085.21718 21.65000 299 0.00121 1.31141 g -1
375 216.99383 -9.85000 56085.22077 21.65000 299 0.00103 1.37373 g -1
324 213.34209 -17.05000 56085.22436 21.65000 299 0.00072 1.58339 g -1
273 206.82086 -24.25000 56085.22795 21.65000 299 0.00068 1.95512 g -1
1365 199.14622 -13.45000 56085.23154 21.65000 299 0.00067 1.61820 g -1
