0.0533926704 1.1682878308e-02 47.4725468073
0.0569806333 1.9800897836e-02 94.7352702032
0.0605685963 2.7580923747e-02 142.0504494520
0.0641565592 3.6844447023e-02 190.2049223460
0.0677445222 4.3577320639e-02 237.5725574476
0.0713324852 4.8992518765e-02 279.1175928855
0.0749204481 5.2661686022e-02 326.4327721343
0.0785084111 5.4863094564e-02 374.6397008811
0.0820963741 5.6780559462e-02 401.7593767920
0.0856843370 5.8842048444e-02 443.3044122300
0.0892723000 6.0641112640e-02 487.3148727507
0.0928602630 6.2479642104e-02 535.1021546749
0.0964482259 6.4287668597e-02 582.5222456294
0.1000361889 6.5384638127e-02 612.0548907702
0.1036241519 6.6722597808e-02 638.9122874170
0.1072121148 6.7926590471e-02 686.1225549601
0.1108000778 6.8572667559e-02 727.6675903981
0.1143880408 6.9409625321e-02 774.9303137940
0.1179760037 7.0179710086e-02 821.7733903674
0.1215639667 7.0780354194e-02 860.3808980471
0.1251519296 7.1432507471e-02 901.1915515455
0.1287398926 7.6123215230e-02 940.0613384893
0.1323278556 7.6750635318e-02 987.5338852966
0.1359158185 7.8163719343e-02 1034.8490645454
0.1395037815 7.8734056456e-02 1037.0522103640
0.1430917445 7.9263325093e-02 1082.1642437941
0.1466797074 7.9797830800e-02 1084.2624779072
0.1502676704 8.1146484208e-02 1131.5252013031
0.1538556334 8.1655747146e-02 1176.6372347332
0.1574435963 8.2186629259e-02 1224.0048698348
0.1610315593 8.3581349184e-02 1250.9147223344
0.1646195223 8.4225021379e-02 1298.7020042586
0.1682074852 8.4658624426e-02 1325.5594009054
0.1717954482 9.0374005992e-02 1371.8254630977
0.1753834112 9.0861465680e-02 1419.1406423464
0.1789713741 9.1230162035e-02 1462.2068975163
0.1825593371 9.1655291951e-02 1509.9941794405
0.1861473001 9.1979161653e-02 1555.7356831045
0.1897352630 9.2670468038e-02 1570.6331453070
0.1933232260 9.3086983763e-02 1617.9483245558
0.1969111889 9.6212248862e-02 1656.8181114997
0.2004991519 9.6521312361e-02 1699.8843666696
0.2040871149 9.6861098294e-02 1745.3111352166
0.2076750778 9.7157953413e-02 1747.3569134768
0.2112630408 9.7406741333e-02 1792.2066676428
0.2148510038 9.7694127241e-02 1839.1022000690
0.2184389667 9.7954933429e-02 1885.3158064084
0.2220269297 9.8203828161e-02 1930.4278398385
0.2256148927 9.8307598879e-02 1932.3162505402
0.2292028556 9.8543700103e-02 1979.2117829664
0.2327908186 9.8766181115e-02 2026.5794180680
0.2363787816 9.8982833891e-02 2073.6323180527
0.2399667445 9.9206297957e-02 2078.6156240711
0.2435547075 9.9405298836e-02 2124.9865979690
0.2471426705 9.9536620154e-02 2168.5249558144
0.2507306334 9.9732050462e-02 2214.6861063010
0.2543185964 9.9915679195e-02 2222.4495725192
0.2579065594 1.0010371073e-01 2270.2368544434
0.2614945223 1.0345636258e-01 2308.9492738287
0.2650824853 1.0363767462e-01 2354.1662189645
0.2686704482 1.0381773994e-01 2398.2815911909
0.2722584112 1.0473510357e-01 2425.1914436905
0.2758463742 1.0491055313e-01 2470.8280356488
0.2794343371 1.0501287013e-01 2509.6453667399
0.2830223001 1.0503536111e-01 2539.9648496731
0.2866102631 1.0519334185e-01 2582.9786489902
0.2901982260 1.0535750820e-01 2627.9857707146
0.2937861890 1.0552362564e-01 2675.7205967860
0.2973741520 1.0567021486e-01 2721.4621004500
0.3009621149 1.0580770580e-01 2764.9480024425
0.3045500779 1.0594533431e-01 2766.9937807027
0.3081380409 1.0608250391e-01 2768.6723679932
0.3117260038 1.0621096843e-01 2815.8826355363
0.3153139668 1.0633674733e-01 2861.5716833475
0.3160084112 1.0633674733e-01 2861.5716833475
0.3195963742 1.0633674733e-01 2861.5716833475
0.3231843372 1.0633674733e-01 2861.5716833475
0.3267723001 1.0633674733e-01 2861.5716833475
0.3303602631 1.0633674733e-01 2861.5716833475
0.3339482261 1.0633674733e-01 2861.5716833475
0.3375361890 1.0633674733e-01 2861.5716833475
0.3411241520 1.0633674733e-01 2861.5716833475
0.3447121150 1.0633674733e-01 2861.5716833475
0.3483000779 1.0633674733e-01 2861.5716833475
0.3518880409 1.0633674733e-01 2861.5716833475
0.3554760039 1.0633674733e-01 2861.5716833475
0.3590639668 1.0633674733e-01 2861.5716833475
0.3626519298 1.0633674733e-01 2861.5716833475
