464 123.83222 4.55000 55914.26486 21.65000 299 0.05719 2.06409 g -1
1458 122.64077 0.95000 55914.27204 21.65000 299 0.01576 2.01170 g -1
413 121.35000 -2.65000 55914.27563 21.65000 299 0.14938 2.03179 g -1
414 128.44000 -2.65000 55914.29716 21.65000 299 0.12744 2.00060 g -1
1407 126.32304 -6.25000 55914.30074 21.65000 299 0.04128 1.99868 g -1
362 125.08817 -9.85000 55914.30433 21.65000 299 0.10780 2.05150 g -1
363 132.15783 -9.85000 55914.32586 21.65000 299 0.19432 2.02244 g -1
1355 130.09075 -13.45000 55914.33304 21.65000 299 0.01504 2.01124 g -1
312 128.97374 -17.05000 55914.34380 21.65000 299 0.02116 2.01882 g -1
313 136.00443 -17.05000 55914.36174 21.65000 299 0.24240 2.03736 g -1
313 136.00443 -17.05000 55914.36243 21.65000 299 0.24240 2.02907 r -1
363 132.15783 -9.85000 55914.36602 21.65000 299 0.19432 1.61406 r -1
413 121.35000 -2.65000 55914.36961 21.65000 299 0.14938 1.30026 r -1
414 128.44000 -2.65000 55914.37320 21.65000 299 0.12744 1.35257 r -1
362 125.08817 -9.85000 55914.37679 21.65000 299 0.10780 1.46129 r -1
464 123.83222 4.55000 55914.38037 21.65000 299 0.05719 1.18703 r -1
1407 126.32304 -6.25000 55914.38396 21.65000 299 0.04128 1.36685 r -1
312 128.97374 -17.05000 55914.38755 21.65000 299 0.02116 1.68346 r -1
1458 122.64077 0.95000 55914.39114 21.65000 299 0.01576 1.20781 r -1
1355 130.09075 -13.45000 55914.39473 21.65000 299 0.01504 1.54586 r -1
