0.1280752013 2.1203591593e-03 47.7348260714
0.1316631643 3.5505786041e-03 95.0500053202
0.1352511273 6.6290997834e-03 142.3651845689
0.1388390902 9.2081657840e-03 189.6803638177
0.1424270532 1.0501141138e-02 236.8906313609
0.1460150162 1.3372300046e-02 284.2582664625
0.1496029791 1.4474404829e-02 327.3245216324
0.1531909421 1.5622763269e-02 374.5347891755
0.1567789051 1.9126830138e-02 418.7026172547
0.1603668680 2.0119336759e-02 460.5623878096
0.1639548310 2.6758017447e-02 506.6186265906
0.1675427939 3.2767087556e-02 548.4783971455
0.1711307569 3.4705457104e-02 596.2656790697
0.1747187199 3.6419929053e-02 643.4759466128
0.1783066828 3.7463794592e-02 690.3714790390
0.1818946458 4.5662231268e-02 734.4868512654
0.1854826088 5.0161848743e-02 777.5531064353
0.1890705717 5.4867225675e-02 822.8225074239
0.1926585347 6.8104521859e-02 868.9312020577
0.1962464977 7.7645244809e-02 910.7909726126
0.1998344606 8.0126321730e-02 957.5815933331
0.2034224236 9.5215454187e-02 1002.0117006765
0.2070103866 1.0474329816e-01 1047.3335575179
0.2105983495 1.1532568253e-01 1071.8304407875
0.2141863125 1.1632080853e-01 1117.8866795684
0.2177742755 1.2122721213e-01 1163.7330949381
0.2213622384 1.3504497050e-01 1198.0392226861
0.2249502014 1.4617418719e-01 1239.9514490938
0.2285381644 1.6209829105e-01 1274.0477534306
0.2321261273 1.7683864036e-01 1319.2646985663
0.2357140903 1.8200586267e-01 1362.3309537362
0.2393020532 1.8972747673e-01 1408.2822808115
0.2428900162 1.9151702739e-01 1455.9646510301
0.2464779792 2.1028972503e-01 1502.1258015167
0.2500659421 2.3131671904e-01 1546.5559088601
0.2536539051 2.4864007774e-01 1591.8253098486
0.2572418681 2.5815642267e-01 1633.6850804035
0.2608298310 2.6743634036e-01 1679.7937750373
0.2644177940 2.7155763355e-01 1722.9124860600
0.2680057570 2.7427150251e-01 1770.4374887201
0.2715937199 2.8995361756e-01 1815.7593455615
0.2751816829 2.9159334466e-01 1857.2519251467
0.2787696459 3.0536116841e-01 1903.3606197804
0.2823576088 3.0666686945e-01 1906.0883241274
0.2859455718 3.2325191822e-01 1950.6233431764
0.2895335348 3.2421376118e-01 1998.0434341308
0.2931214977 3.2753382745e-01 2045.6208926437
0.2967094607 3.2837744997e-01 2091.3099404549
0.3002974237 3.2928747475e-01 2132.8549758929
0.3038853866 3.3008496975e-01 2178.9636705267
0.3074733496 3.3090319391e-01 2226.3313056283
0.3110613125 3.3179806085e-01 2228.3246280356
0.3146492755 3.3245691321e-01 2275.4824397260
0.3182372385 3.3306459680e-01 2320.7518407145
0.3218252014 3.3370184737e-01 2322.7976189747
0.3254131644 3.3438991156e-01 2325.1581323519
0.3290011274 3.3511461248e-01 2327.3612781706
0.3325890903 3.3563808208e-01 2329.5119681364
0.3361770533 3.3621934318e-01 2331.2430112797
0.3397650163 3.3681055971e-01 2333.6559805096
0.3433529792 3.3731505856e-01 2334.8100092718
0.3469409422 3.3769604255e-01 2336.4361407094
0.3505289052 3.3861422882e-01 2338.6392865281
0.3541168681 3.3908306052e-01 2386.8462152749
0.3577048311 3.3953867851e-01 2434.0564828180
0.3612927941 3.3998709796e-01 2481.0569269499
0.3648807570 3.4038266787e-01 2524.1756379726
0.3684687200 3.4075952403e-01 2565.6682175577
0.3720566830 3.4190206589e-01 2607.2132529957
0.3756446459 3.4225913086e-01 2649.9647730486
0.3792326089 3.4284682469e-01 2696.3357469465
0.3828205718 3.4321566081e-01 2740.5035750258
0.3864085348 3.4357715917e-01 2786.6122696596
0.3899964978 3.4399382172e-01 2788.9203271839
0.3935844607 3.4435779342e-01 2791.2808405610
0.3971724237 3.4466740114e-01 2793.3266188212
0.4007603867 3.4500879664e-01 2795.4248529343
0.4043483496 3.4537534863e-01 2834.2421840253
0.4079363126 3.4566893002e-01 2881.1901723043
0.4115242756 3.4590418883e-01 2883.2884064173
0.4151122385 3.4615276709e-01 2929.5020127568
0.4187002015 3.4637681569e-01 2931.7051585754
0.4222881645 3.4838112058e-01 2941.1996679369
0.4258761274 3.4861368526e-01 2942.9831669330
0.4294640904 3.4969921006e-01 2950.1696187701
0.4301585348 3.4969921006e-01 2950.1696187701
0.4337464978 3.4969921006e-01 2950.1696187701
0.4373344608 3.4969921006e-01 2950.1696187701
0.4409224237 3.4969921006e-01 2950.1696187701
0.4445103867 3.4969921006e-01 2950.1696187701
0.4480983497 3.4969921006e-01 2950.1696187701
0.4516863126 3.4969921006e-01 2950.1696187701
0.4552742756 3.4969921006e-01 2950.1696187701
0.4588622386 3.4969921006e-01 2950.1696187701
0.4624502015 3.4969921006e-01 2950.1696187701
0.4660381645 3.4969921006e-01 2950.1696187701
0.4696261275 3.4969921006e-01 2950.1696187701
0.4732140904 3.4969921006e-01 2950.1696187701
0.4768020534 3.4969921006e-01 2950.1696187701
0.4803900163 3.4969921006e-01 2950.1696187701
0.4839779793 3.4969921006e-01 2950.1696187701
