0.0000000000 1.7963112352e-02 47.7872819242
0.0035879630 2.4324238229e-02 94.6303584976
0.0071759259 2.9920438585e-02 142.4176404218
0.0107638889 3.2997465119e-02 189.6803638177
0.0143518519 3.5946406444e-02 236.9955430665
0.0179398148 3.8864056774e-02 282.2649440551
0.0215277778 4.1408713690e-02 327.8490801606
0.0251157408 4.3770345039e-02 375.1642594094
0.0287037037 4.6000673178e-02 420.7483955149
0.0322916667 4.7623728327e-02 465.5456938281
0.0358796296 4.9176899399e-02 510.7626389638
0.0394675926 5.0353027525e-02 556.2418633637
0.0430555556 5.1461777312e-02 603.5570426125
0.0466435185 5.2232070109e-02 646.3085626654
0.0502314815 5.3006911042e-02 690.0567439221
0.0538194445 5.3552878168e-02 736.0605268502
0.0574074074 5.4030357352e-02 782.1167656312
0.0609953704 5.4427783747e-02 827.6484458839
0.0645833334 5.4811385045e-02 872.0785532272
0.0681712963 5.5115107570e-02 917.3479542158
0.0717592593 5.5360945798e-02 961.2535030309
0.0753472223 5.5598371205e-02 1006.5229040195
0.0789351852 5.5828776452e-02 1054.1528183852
0.0825231482 5.6038289015e-02 1096.0125889401
0.0861111112 5.6243525437e-02 1142.1212835739
0.0896990741 5.6425018542e-02 1144.2195176869
0.8247627775 6.0525133548e-02 1190.1183889094
0.8283507405 6.6176371832e-02 1237.3286564526
0.8319387035 6.7276962930e-02 1283.0701601166
0.8355266664 6.7941243228e-02 1328.1821935467
0.8391146294 7.0023991047e-02 1335.4211012366
0.8427025924 7.0489349706e-02 1382.5264570741
0.8462905553 7.2854498931e-02 1389.5555413527
0.8498785183 7.3157107242e-02 1436.7133530430
0.8534664813 8.5976552178e-02 1479.2550496847
0.8570544442 8.6251578646e-02 1481.5106513562
0.8606424072 8.6513905564e-02 1483.8711647333
0.8642303702 8.7287278178e-02 1530.9240647180
0.8678183331 8.7460673490e-02 1576.5606566764
0.8714062961 8.7595233602e-02 1578.8162583479
0.8721007405 8.7595233602e-02 1578.8162583479
0.8756887035 8.7595233602e-02 1578.8162583479
0.8792766665 8.7595233602e-02 1578.8162583479
0.8828646294 8.7595233602e-02 1578.8162583479
0.8864525924 8.7595233602e-02 1578.8162583479
0.8900405554 8.7595233602e-02 1578.8162583479
0.8936285183 8.7595233602e-02 1578.8162583479
0.8972164813 8.7595233602e-02 1578.8162583479
0.9008044443 8.7595233602e-02 1578.8162583479
0.9043924072 8.7595233602e-02 1578.8162583479
0.9079803702 8.7595233602e-02 1578.8162583479
0.9115683332 8.7595233602e-02 1578.8162583479
0.9151562961 8.7595233602e-02 1578.8162583479
0.9187442591 8.7595233602e-02 1578.8162583479
0.9223322220 8.7595233602e-02 1578.8162583479
0.9259201850 8.7595233602e-02 1578.8162583479
0.9295081480 8.7595233602e-02 1578.8162583479
0.9330961109 8.7595233602e-02 1578.8162583479
0.9366840739 8.7595233602e-02 1578.8162583479
0.9402720369 8.7595233602e-02 1578.8162583479
0.9438599998 8.7595233602e-02 1578.8162583479
0.9474479628 8.7595233602e-02 1578.8162583479
0.9510359258 8.7595233602e-02 1578.8162583479
0.9546238887 8.7595233602e-02 1578.8162583479
0.9582118517 8.7595233602e-02 1578.8162583479
0.9617998147 8.7595233602e-02 1578.8162583479
0.9653877776 8.7595233602e-02 1578.8162583479
0.9689757406 8.7595233602e-02 1578.8162583479
0.9725637036 8.7595233602e-02 1578.8162583479
0.9761516665 8.7595233602e-02 1578.8162583479
0.9797396295 8.7595233602e-02 1578.8162583479
0.9833275925 8.7595233602e-02 1578.8162583479
0.9869155554 8.7595233602e-02 1578.8162583479
0.9905035184 8.7595233602e-02 1578.8162583479
0.9940914813 8.7595233602e-02 1578.8162583479
0.9976794443 8.7595233602e-02 1578.8162583479
