0.0621308814 3.0750021146e-03 27.1721317637
0.1159503258 5.9711238431e-03 75.1692370992
0.1195382888 6.9573527284e-03 122.5893280537
0.1338901407 9.6321561910e-03 169.9045073024
0.1374781036 1.7116988773e-02 217.2196865512
0.1410660666 1.9683092439e-02 264.5348658000
0.1446540296 2.1139491340e-02 312.5844269883
0.1482419925 3.0182444487e-02 360.2143413541
0.1518299555 4.6355898794e-02 407.5295206028
0.1554179185 5.6768414467e-02 450.5957757727
0.1590058814 1.1590491716e-01 497.7011316102
0.1625938444 2.1291641985e-01 545.0163108590
0.1661818073 2.3235698790e-01 591.8069315795
0.1697697703 3.2287871147e-01 638.8598315642
0.1733577333 3.7533160826e-01 686.3848342243
0.1769456962 4.2404677234e-01 733.5951017674
0.1805336592 4.4456387381e-01 780.5955458992
0.1841216222 4.8737612706e-01 827.6484458839
0.1877095851 5.3341673749e-01 874.7013458685
0.1912975481 5.5316775925e-01 920.8100405023
0.1948855111 5.6887193567e-01 965.5548829626
0.1984734740 6.0034861769e-01 1012.3979595360
0.2020614370 6.1539388926e-01 1058.6115658754
0.2056494000 6.3060437862e-01 1106.3463919468
0.2092373629 6.4431852651e-01 1149.0454561469
0.2128253259 6.5549199622e-01 1196.3081795429
0.2164132889 6.9615502362e-01 1243.4659912332
0.2200012518 7.0633434247e-01 1290.0467885424
0.2235892148 7.1474158210e-01 1292.8794045950
0.2271771778 7.2165980702e-01 1338.0963497307
0.2307651407 7.2732805783e-01 1341.7682594285
0.2343531037 7.3226765151e-01 1345.9647276546
0.2379410666 7.3661680560e-01 1388.9785269717
0.2415290296 7.4071776434e-01 1430.5235624096
0.2451169926 7.5027039587e-01 1477.7862858056
0.2487049555 7.5367384408e-01 1516.6036168966
0.2522929185 7.5702782683e-01 1561.4009152097
0.2558808815 7.6049873397e-01 1565.3875600245
0.2594688444 7.6343046610e-01 1592.3498683769
0.2630568074 7.8200029339e-01 1638.6683864220
0.2666447704 7.8506521971e-01 1651.5200703643
0.2702327333 7.8775325833e-01 1695.0584282096
0.2738206963 7.9023521184e-01 1706.9134509482
0.2774086593 7.9231566939e-01 1709.0641409141
0.2809966222 7.9393673429e-01 1754.3335419026
0.2845845852 7.9592178267e-01 1800.9143392119
0.2881725482 7.9757550533e-01 1804.8485281738
0.2917605111 7.9901650391e-01 1850.9047669548
0.2953484741 8.0027658481e-01 1896.2266237962
0.2989364371 8.0142914739e-01 1898.7969605846
0.3025244000 8.0291783849e-01 1910.1798806478
0.3061123630 8.0399482739e-01 1913.7993344928
0.3068068074 8.0399482739e-01 1913.7993344928
0.3103947704 8.0399482739e-01 1913.7993344928
0.3139827334 8.0399482739e-01 1913.7993344928
0.3175706963 8.0399482739e-01 1913.7993344928
0.3211586593 8.0399482739e-01 1913.7993344928
0.3247466223 8.0399482739e-01 1913.7993344928
0.3283345852 8.0399482739e-01 1913.7993344928
0.3319225482 8.0399482739e-01 1913.7993344928
0.3355105111 8.0399482739e-01 1913.7993344928
0.3390984741 8.0399482739e-01 1913.7993344928
0.3426864371 8.0399482739e-01 1913.7993344928
0.3462744000 8.0399482739e-01 1913.7993344928
0.3498623630 8.0399482739e-01 1913.7993344928
0.3534503260 8.0399482739e-01 1913.7993344928
0.3570382889 8.0399482739e-01 1913.7993344928
0.3606262519 8.0399482739e-01 1913.7993344928
0.3642142149 8.0399482739e-01 1913.7993344928
0.3678021778 8.0399482739e-01 1913.7993344928
0.3713901408 8.0399482739e-01 1913.7993344928
0.3749781038 8.0399482739e-01 1913.7993344928
0.3785660667 8.0399482739e-01 1913.7993344928
0.3821540297 8.0399482739e-01 1913.7993344928
0.3857419927 8.0399482739e-01 1913.7993344928
0.3893299556 8.0399482739e-01 1913.7993344928
0.3929179186 8.0399482739e-01 1913.7993344928
0.3965058816 8.0399482739e-01 1913.7993344928
0.4000938445 8.0399482739e-01 1913.7993344928
0.4036818075 8.0399482739e-01 1913.7993344928
0.4072697704 8.0399482739e-01 1913.7993344928
0.4108577334 8.0399482739e-01 1913.7993344928
0.4144456964 8.0399482739e-01 1913.7993344928
0.4180336593 8.0399482739e-01 1913.7993344928
0.4216216223 8.0399482739e-01 1913.7993344928
0.4252095853 8.0399482739e-01 1913.7993344928
0.4287975482 8.0399482739e-01 1913.7993344928
0.4323855112 8.0399482739e-01 1913.7993344928
0.4359734742 8.0399482739e-01 1913.7993344928
0.4395614371 8.0399482739e-01 1913.7993344928
