777 49.31587 54.95000 55886.06999 21.65000 299 0.06325 1.91882 g -1
740 42.36127 47.75000 55886.07357 21.65000 299 0.05103 1.75683 g -1
652 31.70944 33.35000 55886.07716 21.65000 299 0.03796 1.56723 g -1
776 38.72562 54.95000 55886.08075 21.65000 299 0.03437 1.56869 g -1
741 52.39836 47.75000 55886.08434 21.65000 299 0.03106 1.95856 g -1
697 28.87947 40.55000 55886.08793 21.65000 299 0.02694 1.37794 g -1
651 23.92567 33.35000 55886.09151 21.65000 299 0.02058 1.30423 g -1
698 37.42753 40.55000 55886.09510 21.65000 299 0.02043 1.49246 g -1
603 23.53840 26.15000 55886.09869 21.65000 299 0.01407 1.29877 g -1
739 32.32418 47.75000 55886.10228 21.65000 299 0.01305 1.33981 g -1
604 31.06400 26.15000 55886.10587 21.65000 299 0.01008 1.38481 g -1
810 60.00000 62.15000 55886.10945 21.65000 299 0.00851 1.76224 g -1
653 39.49322 33.35000 55886.11304 21.65000 299 0.00709 1.44571 g -1
778 60.11656 54.95000 55886.11663 21.65000 299 0.00631 1.75289 g -1
553 23.12473 18.95000 55886.12022 21.65000 299 0.00535 1.23627 g -1
809 46.66667 62.15000 55886.12381 21.65000 299 0.00452 1.46116 g -1
1778 42.02262 51.35000 55886.12739 21.65000 299 0.00408 1.35156 g -1
699 45.97560 40.55000 55886.13098 21.65000 299 0.00407 1.40563 g -1
811 73.33333 62.15000 55886.13457 21.65000 299 0.00400 1.85615 g -1
1779 51.92760 51.35000 55886.13816 21.65000 299 0.00362 1.44054 g -1
602 16.01280 26.15000 55886.14175 21.65000 299 0.00321 1.06774 g -1
442 326.56250 -2.65000 55886.14533 21.65000 299 0.00318 1.41198 g -1
390 322.90570 -9.85000 55886.14892 21.65000 299 0.00317 1.68632 g -1
552 15.87491 18.95000 55886.15251 21.65000 299 0.00293 1.07604 g -1
391 329.95489 -9.85000 55886.15610 21.65000 299 0.00282 1.59674 g -1
554 30.37455 18.95000 55886.15968 21.65000 299 0.00275 1.15982 g -1
836 60.00000 69.35000 55886.16327 21.65000 299 0.00270 1.49735 g -1
742 62.43545 47.75000 55886.16686 21.65000 299 0.00255 1.44752 g -1
605 38.58960 26.15000 55886.17045 21.65000 299 0.00254 1.16180 g -1
494 330.18472 4.55000 55886.17404 21.65000 299 0.00244 1.38137 g -1
443 333.59135 -2.65000 55886.17762 21.65000 299 0.00235 1.48428 g -1
350 40.44674 -9.85000 55886.18121 21.65000 299 0.00216 1.66282 g -1
1695 29.04478 36.95000 55886.18480 21.65000 299 0.00210 1.04298 g -1
502 22.72637 11.75000 55886.18839 21.65000 299 0.00209 1.09651 g -1
779 71.12768 54.95000 55886.19198 21.65000 299 0.00202 1.43879 g -1
696 20.38973 40.55000 55886.19556 21.65000 299 0.00185 1.01318 g -1
700 54.52367 40.55000 55886.19915 21.65000 299 0.00184 1.18591 g -1
493 323.17384 4.55000 55886.20274 21.65000 299 0.00183 1.82048 g -1
299 37.03675 -17.05000 55886.20633 21.65000 299 0.00172 1.69410 g -1
835 42.85714 69.35000 55886.20992 21.65000 299 0.00168 1.27893 g -1
402 43.87981 -2.65000 55886.21350 21.65000 299 0.00161 1.35825 g -1
501 15.74212 11.75000 55886.21709 21.65000 299 0.00158 1.07905 g -1
546 333.83662 11.75000 55886.22068 21.65000 299 0.00156 1.52737 g -1
808 33.33333 62.15000 55886.22427 21.65000 299 0.00152 1.14923 g -1
300 44.11868 -17.05000 55886.22786 21.65000 299 0.00147 1.68509 g -1
495 337.19560 4.55000 55886.23144 21.65000 299 0.00147 1.69313 g -1
650 16.14189 33.35000 55886.23503 21.65000 299 0.00142 1.01373 g -1
1738 35.24538 44.15000 55886.23862 21.65000 299 0.00131 1.02224 g -1
837 77.14286 69.35000 55886.24221 21.65000 299 0.00128 1.39995 g -1
452 40.29352 4.55000 55886.24580 21.65000 299 0.00114 1.15397 g -1
351 47.49593 -9.85000 55886.24938 21.65000 299 0.00110 1.42451 g -1
555 37.62436 18.95000 55886.25297 21.65000 299 0.00108 1.03396 g -1
838 94.28571 69.35000 55886.25656 21.65000 299 0.00108 1.50325 g -1
775 28.13537 54.95000 55886.26015 21.65000 299 0.00103 1.08186 g -1
654 47.27700 33.35000 55886.26374 21.65000 299 0.00100 1.00962 g -1
647 353.43600 26.15000 55886.26732 21.65000 299 0.00099 1.30494 g -1
1648 23.73953 29.75000 55886.27091 21.65000 299 0.00096 1.03343 g -1
1649 31.39921 29.75000 55886.27450 21.65000 299 0.00095 1.01377 g -1
505 43.67912 11.75000 55886.27809 21.65000 299 0.00092 1.07527 g -1
812 86.66667 62.15000 55886.28168 21.65000 299 0.00089 1.29222 g -1
503 29.71062 11.75000 55886.28526 21.65000 299 0.00086 1.11246 g -1
839 111.42857 69.35000 55886.28885 21.65000 299 0.00086 1.56139 g -1
858 108.00000 76.55000 55886.29244 21.65000 299 0.00084 1.58286 g -1
449 19.26088 4.55000 55886.29603 21.65000 299 0.00084 1.30955 g -1
834 25.71429 69.35000 55886.29962 21.65000 299 0.00083 1.28049 g -1
1696 37.26374 36.95000 55886.30320 21.65000 299 0.00079 1.02469 g -1
401 36.85096 -2.65000 55886.30679 21.65000 299 0.00076 1.29022 g -1
833 8.57143 69.35000 55886.31038 21.65000 299 0.00075 1.39184 g -1
606 46.11520 26.15000 55886.31397 21.65000 299 0.00072 1.01914 g -1
453 47.30440 4.55000 55886.31756 21.65000 299 0.00072 1.15724 g -1
504 36.69487 11.75000 55886.32114 21.65000 299 0.00070 1.14763 g -1
701 63.07173 40.55000 55886.32473 21.65000 299 0.00066 1.00906 g -1
450 26.27176 4.55000 55886.32832 21.65000 299 0.00065 1.37496 g -1
556 44.87418 18.95000 55886.33191 21.65000 299 0.00064 1.07294 g -1
1739 44.44354 44.15000 55886.33550 21.65000 299 0.00064 1.05408 g -1
777 49.31587 54.95000 55886.33619 21.65000 299 0.06325 1.09400 r -1
740 42.36127 47.75000 55886.33978 21.65000 299 0.05103 1.08190 r -1
652 31.70944 33.35000 55886.34337 21.65000 299 0.03796 1.14284 r -1
776 38.72562 54.95000 55886.34695 21.65000 299 0.03437 1.15064 r -1
741 52.39836 47.75000 55886.35054 21.65000 299 0.03106 1.05848 r -1
697 28.87947 40.55000 55886.35413 21.65000 299 0.02694 1.20129 r -1
651 23.92567 33.35000 55886.35772 21.65000 299 0.02058 1.29698 r -1
698 37.42753 40.55000 55886.36131 21.65000 299 0.02043 1.14472 r -1
603 23.53840 26.15000 55886.36489 21.65000 299 0.01407 1.39556 r -1
739 32.32418 47.75000 55886.36848 21.65000 299 0.01305 1.22577 r -1
604 31.06400 26.15000 55886.37207 21.65000 299 0.01008 1.30756 r -1
810 60.00000 62.15000 55886.37566 21.65000 299 0.00851 1.16719 r -1
653 39.49322 33.35000 55886.37925 21.65000 299 0.00709 1.19498 r -1
778 60.11656 54.95000 55886.38283 21.65000 299 0.00631 1.11246 r -1
553 23.12473 18.95000 55886.38642 21.65000 299 0.00535 1.70631 r -1
809 46.66667 62.15000 55886.39001 21.65000 299 0.00452 1.25163 r -1
1778 42.02262 51.35000 55886.39360 21.65000 299 0.00408 1.22979 r -1
699 45.97560 40.55000 55886.39718 21.65000 299 0.00407 1.18516 r -1
811 73.33333 62.15000 55886.40077 21.65000 299 0.00400 1.15621 r -1
1779 51.92760 51.35000 55886.40436 21.65000 299 0.00362 1.17908 r -1
554 30.37455 18.95000 55886.40795 21.65000 299 0.00275 1.72446 r -1
836 60.00000 69.35000 55886.41154 21.65000 299 0.00270 1.30431 r -1
742 62.43545 47.75000 55886.41512 21.65000 299 0.00255 1.11931 r -1
605 38.58960 26.15000 55886.41871 21.65000 299 0.00254 1.49052 r -1
1695 29.04478 36.95000 55886.42230 21.65000 299 0.00210 1.66032 r -1
779 71.12768 54.95000 55886.42589 21.65000 299 0.00202 1.13088 r -1
700 54.52367 40.55000 55886.42948 21.65000 299 0.00184 1.21804 r -1
835 42.85714 69.35000 55886.43306 21.65000 299 0.00168 1.47238 r -1
808 33.33333 62.15000 55886.43665 21.65000 299 0.00152 1.56349 r -1
1738 35.24538 44.15000 55886.44024 21.65000 299 0.00131 1.60145 r -1
837 77.14286 69.35000 55886.44383 21.65000 299 0.00128 1.28165 r -1
838 94.28571 69.35000 55886.44742 21.65000 299 0.00108 1.24225 r -1
775 28.13537 54.95000 55886.45100 21.65000 299 0.00103 1.79788 r -1
654 47.27700 33.35000 55886.45459 21.65000 299 0.00100 1.52095 r -1
812 86.66667 62.15000 55886.45818 21.65000 299 0.00089 1.17662 r -1
839 111.42857 69.35000 55886.46177 21.65000 299 0.00086 1.23587 r -1
858 108.00000 76.55000 55886.46536 21.65000 299 0.00084 1.37139 r -1
834 25.71429 69.35000 55886.46894 21.65000 299 0.00083 1.87025 r -1
606 46.11520 26.15000 55886.47253 21.65000 299 0.00072 1.86972 r -1
701 63.07173 40.55000 55886.47612 21.65000 299 0.00066 1.32677 r -1
1739 44.44354 44.15000 55886.47971 21.65000 299 0.00064 1.73816 r -1
