721 235.33407 40.55000 56091.16911 21.65000 299 0.19795 1.09947 g -1
678 235.44307 33.35000 56091.17270 21.65000 299 0.10038 1.09164 g -1
761 243.82331 47.75000 56091.17629 21.65000 299 0.09578 1.15660 g -1
795 246.70105 54.95000 56091.17987 21.65000 299 0.05591 1.20005 g -1
677 227.58979 33.35000 56091.18346 21.65000 299 0.04534 1.03017 g -1
760 234.04862 47.75000 56091.18705 21.65000 299 0.04125 1.07686 g -1
722 243.95089 40.55000 56091.19064 21.65000 299 0.03970 1.10514 g -1
630 225.91771 26.15000 56091.19423 21.65000 299 0.02974 1.02254 g -1
825 260.00000 62.15000 56091.19781 21.65000 299 0.01938 1.30228 g -1
631 233.39943 26.15000 56091.20140 21.65000 299 0.01858 1.03844 g -1
720 226.71726 40.55000 56091.20499 21.65000 299 0.01286 1.01415 g -1
824 246.66667 62.15000 56091.20858 21.65000 299 0.01229 1.19718 g -1
796 257.79854 54.95000 56091.21217 21.65000 299 0.01148 1.19606 g -1
794 235.60357 54.95000 56091.21575 21.65000 299 0.00856 1.08954 g -1
581 223.50463 18.95000 56091.21934 21.65000 299 0.00850 1.03271 g -1
1720 238.26585 36.95000 56091.22293 21.65000 299 0.00718 1.01961 g -1
848 265.71429 69.35000 56091.22652 21.65000 299 0.00620 1.34559 g -1
1760 238.48538 44.15000 56091.23011 21.65000 299 0.00612 1.02879 g -1
679 243.29636 33.35000 56091.23369 21.65000 299 0.00521 1.02186 g -1
1719 230.02320 36.95000 56091.23728 21.65000 299 0.00485 1.00194 g -1
582 230.77318 18.95000 56091.24087 21.65000 299 0.00457 1.03276 g -1
762 253.59800 47.75000 56091.24446 21.65000 299 0.00431 1.07210 g -1
849 282.85714 69.35000 56091.24804 21.65000 299 0.00355 1.40897 g -1
826 273.33333 62.15000 56091.25163 21.65000 299 0.00272 1.25804 g -1
1675 230.54750 29.75000 56091.25522 21.65000 299 0.00264 1.00644 g -1
1798 249.56881 51.35000 56091.25881 21.65000 299 0.00210 1.06277 g -1
721 235.33407 40.55000 56091.25950 21.65000 299 0.19795 1.00877 r -1
678 235.44307 33.35000 56091.26309 21.65000 299 0.10038 1.00192 r -1
761 243.82331 47.75000 56091.26668 21.65000 299 0.09578 1.03299 r -1
795 246.70105 54.95000 56091.27027 21.65000 299 0.05591 1.07691 r -1
677 227.58979 33.35000 56091.27386 21.65000 299 0.04534 1.02771 r -1
760 234.04862 47.75000 56091.27744 21.65000 299 0.04125 1.04303 r -1
722 243.95089 40.55000 56091.28103 21.65000 299 0.03970 1.00836 r -1
630 225.91771 26.15000 56091.28462 21.65000 299 0.02974 1.06419 r -1
825 260.00000 62.15000 56091.28821 21.65000 299 0.01938 1.15066 r -1
631 233.39943 26.15000 56091.29179 21.65000 299 0.01858 1.04100 r -1
720 226.71726 40.55000 56091.29538 21.65000 299 0.01286 1.07015 r -1
824 246.66667 62.15000 56091.29897 21.65000 299 0.01229 1.14364 r -1
796 257.79854 54.95000 56091.30256 21.65000 299 0.01148 1.07661 r -1
794 235.60357 54.95000 56091.30615 21.65000 299 0.00856 1.10859 r -1
581 223.50463 18.95000 56091.30973 21.65000 299 0.00850 1.18924 r -1
1720 238.26585 36.95000 56091.31332 21.65000 299 0.00718 1.04217 r -1
848 265.71429 69.35000 56091.31691 21.65000 299 0.00620 1.23876 r -1
1760 238.48538 44.15000 56091.32050 21.65000 299 0.00612 1.06498 r -1
679 243.29636 33.35000 56091.32409 21.65000 299 0.00521 1.03704 r -1
1719 230.02320 36.95000 56091.32767 21.65000 299 0.00485 1.12300 r -1
582 230.77318 18.95000 56091.33126 21.65000 299 0.00457 1.19461 r -1
762 253.59800 47.75000 56091.33485 21.65000 299 0.00431 1.04563 r -1
849 282.85714 69.35000 56091.33844 21.65000 299 0.00355 1.25352 r -1
826 273.33333 62.15000 56091.34203 21.65000 299 0.00272 1.14312 r -1
1675 230.54750 29.75000 56091.34561 21.65000 299 0.00264 1.19484 r -1
1798 249.56881 51.35000 56091.34920 21.65000 299 0.00210 1.09200 r -1
