654 47.27700 33.35000 55897.06863 21.65000 299 0.00632 1.81233 g -1
653 39.49322 33.35000 55897.07222 21.65000 299 0.00583 1.53490 g -1
655 55.06078 33.35000 55897.07581 21.65000 299 0.00465 2.03374 g -1
606 46.11520 26.15000 55897.07940 21.65000 299 0.00405 1.75088 g -1
776 38.72562 54.95000 55897.08299 21.65000 299 0.00350 1.38376 g -1
777 49.31587 54.95000 55897.08657 21.65000 299 0.00336 1.52596 g -1
607 53.64080 26.15000 55897.09016 21.65000 299 0.00326 1.89528 g -1
779 71.12768 54.95000 55897.09375 21.65000 299 0.00305 1.99576 g -1
775 28.13537 54.95000 55897.09734 21.65000 299 0.00302 1.22010 g -1
778 60.11656 54.95000 55897.10093 21.65000 299 0.00297 1.63445 g -1
608 61.16640 26.15000 55897.10451 21.65000 299 0.00324 2.00423 g -1
743 72.25385 47.75000 55897.10810 21.65000 299 0.00292 1.97563 g -1
809 46.66667 62.15000 55897.11169 21.65000 299 0.00288 1.38712 g -1
656 62.84456 33.35000 55897.11528 21.65000 299 0.00283 1.76682 g -1
741 52.39836 47.75000 55897.11887 21.65000 299 0.00273 1.38818 g -1
780 82.05244 54.95000 55897.12245 21.65000 299 0.00312 2.01498 g -1
609 68.69200 26.15000 55897.12604 21.65000 299 0.00289 1.99249 g -1
744 81.85354 47.75000 55897.12963 21.65000 299 0.00388 2.04748 g -1
605 38.58960 26.15000 55897.13322 21.65000 299 0.00270 1.18923 g -1
703 80.23141 40.55000 55897.13680 21.65000 299 0.00294 2.01804 g -1
808 33.33333 62.15000 55897.14039 21.65000 299 0.00270 1.21043 g -1
699 45.97560 40.55000 55897.14398 21.65000 299 0.00268 1.19118 g -1
557 52.12400 18.95000 55897.14757 21.65000 299 0.00260 1.36344 g -1
742 62.43545 47.75000 55897.15116 21.65000 299 0.00259 1.36361 g -1
556 44.87418 18.95000 55897.15474 21.65000 299 0.00254 1.21736 g -1
704 88.84822 40.55000 55897.15833 21.65000 299 0.00354 2.05629 g -1
745 91.27823 47.75000 55897.16192 21.65000 299 0.00309 1.96106 g -1
659 86.23064 33.35000 55897.16551 21.65000 299 0.00260 1.97807 g -1
810 60.00000 62.15000 55897.16910 21.65000 299 0.00245 1.31760 g -1
559 66.62364 18.95000 55897.17268 21.65000 299 0.00245 1.47587 g -1
774 17.54512 54.95000 55897.17627 21.65000 299 0.00241 1.07601 g -1
740 42.36127 47.75000 55897.17986 21.65000 299 0.00236 1.08720 g -1
660 94.08393 33.35000 55897.18345 21.65000 299 0.00264 2.04336 g -1
705 97.46504 40.55000 55897.18704 21.65000 299 0.00253 1.97969 g -1
739 32.32418 47.75000 55897.19062 21.65000 299 0.00232 1.04202 g -1
698 37.42753 40.55000 55897.19421 21.65000 299 0.00230 1.02726 g -1
700 54.52367 40.55000 55897.19780 21.65000 299 0.00224 1.10048 g -1
612 91.24686 26.15000 55897.20139 21.65000 299 0.00218 1.79276 g -1
773 6.95487 54.95000 55897.20498 21.65000 299 0.00217 1.11228 g -1
558 59.37382 18.95000 55897.20856 21.65000 299 0.00212 1.16491 g -1
807 20.00000 62.15000 55897.21215 21.65000 299 0.00210 1.14960 g -1
811 73.33333 62.15000 55897.21574 21.65000 299 0.00208 1.28950 g -1
702 71.61980 40.55000 55897.21933 21.65000 299 0.00207 1.17588 g -1
506 50.66337 11.75000 55897.22292 21.65000 299 0.00206 1.11686 g -1
746 100.70292 47.75000 55897.22650 21.65000 299 0.00206 1.56386 g -1
560 73.87345 18.95000 55897.23009 21.65000 299 0.00205 1.23994 g -1
658 78.41211 33.35000 55897.23368 21.65000 299 0.00205 1.20225 g -1
738 22.28709 47.75000 55897.23727 21.65000 299 0.00204 1.05889 g -1
613 98.72857 26.15000 55897.24086 21.65000 299 0.00201 1.57308 g -1
661 101.93721 33.35000 55897.24444 21.65000 299 0.00200 1.54279 g -1
611 83.74320 26.15000 55897.24803 21.65000 299 0.00197 1.23436 g -1
781 92.97719 54.95000 55897.25162 21.65000 299 0.00196 1.30509 g -1
701 63.07173 40.55000 55897.25521 21.65000 299 0.00191 1.03887 g -1
706 106.08185 40.55000 55897.25880 21.65000 299 0.00187 1.46648 g -1
562 88.37309 18.95000 55897.26238 21.65000 299 0.00187 1.27904 g -1
461 103.30689 4.55000 55897.26597 21.65000 299 0.00186 1.86971 g -1
563 95.57843 18.95000 55897.26956 21.65000 299 0.00185 1.35355 g -1
515 114.02378 11.75000 55897.27315 21.65000 299 0.00206 2.01582 g -1
462 110.14867 4.55000 55897.27674 21.65000 299 0.00210 2.00217 g -1
507 57.64762 11.75000 55897.28032 21.65000 299 0.00185 1.07660 g -1
411 107.17000 -2.65000 55897.28391 21.65000 299 0.00183 2.01182 g -1
567 123.89878 18.95000 55897.28750 21.65000 299 0.00192 2.03594 g -1
617 128.65543 26.15000 55897.29109 21.65000 299 0.00237 2.01280 g -1
463 116.99044 4.55000 55897.29468 21.65000 299 0.00255 2.02043 g -1
665 133.35036 33.35000 55897.29826 21.65000 299 0.00247 1.94263 g -1
412 114.26000 -2.65000 55897.30185 21.65000 299 0.00248 2.04086 g -1
568 130.95195 18.95000 55897.30544 21.65000 299 0.00262 2.06684 g -1
618 136.13714 26.15000 55897.30903 21.65000 299 0.00314 2.06440 g -1
464 123.83222 4.55000 55897.31262 21.65000 299 0.00308 2.03908 g -1
517 128.57400 11.75000 55897.31620 21.65000 299 0.00263 1.96681 g -1
666 141.20364 33.35000 55897.31979 21.65000 299 0.00260 1.94613 g -1
413 121.35000 -2.65000 55897.32338 21.65000 299 0.00355 2.00932 g -1
569 138.00511 18.95000 55897.32697 21.65000 299 0.00343 2.02869 g -1
619 143.61886 26.15000 55897.33055 21.65000 299 0.00266 2.04918 g -1
465 130.67400 4.55000 55897.33414 21.65000 299 0.00236 1.99319 g -1
516 121.29889 11.75000 55897.33773 21.65000 299 0.00229 1.46946 g -1
361 118.01850 -9.85000 55897.34132 21.65000 299 0.00227 1.90999 g -1
518 135.84911 11.75000 55897.34491 21.65000 299 0.00222 1.83036 g -1
360 110.94883 -9.85000 55897.34849 21.65000 299 0.00200 1.64996 g -1
710 140.54911 40.55000 55897.35208 21.65000 299 0.00197 1.48267 g -1
711 149.16593 40.55000 55897.35567 21.65000 299 0.00190 1.66163 g -1
514 106.74867 11.75000 55897.35926 21.65000 299 0.00181 1.16123 g -1
657 70.62833 33.35000 55897.36285 21.65000 299 0.00180 1.02048 g -1
513 99.62356 11.75000 55897.36643 21.65000 299 0.00179 1.10408 g -1
508 64.63187 11.75000 55897.37002 21.65000 299 0.00178 1.15173 g -1
697 28.87947 40.55000 55897.37361 21.65000 299 0.00178 1.46964 g -1
564 102.73929 18.95000 55897.37720 21.65000 299 0.00176 1.05505 g -1
555 37.62436 18.95000 55897.38079 21.65000 299 0.00175 1.53568 g -1
509 71.61613 11.75000 55897.38437 21.65000 299 0.00172 1.13942 g -1
566 116.84562 18.95000 55897.38796 21.65000 299 0.00172 1.10656 g -1
751 147.82638 47.75000 55897.39155 21.65000 299 0.00171 1.34303 g -1
565 109.79245 18.95000 55897.39514 21.65000 299 0.00171 1.05715 g -1
614 106.21029 26.15000 55897.39873 21.65000 299 0.00170 1.01714 g -1
505 43.67912 11.75000 55897.40231 21.65000 299 0.00168 1.72021 g -1
454 54.31528 4.55000 55897.40590 21.65000 299 0.00166 1.59797 g -1
610 76.21760 26.15000 55897.40949 21.65000 299 0.00166 1.08495 g -1
512 92.56888 11.75000 55897.41308 21.65000 299 0.00163 1.09016 g -1
561 81.12327 18.95000 55897.41667 21.65000 299 0.00161 1.10223 g -1
836 60.00000 69.35000 55897.42025 21.65000 299 0.00161 1.38394 g -1
455 61.32616 4.55000 55897.42384 21.65000 299 0.00160 1.58411 g -1
664 125.49707 33.35000 55897.42743 21.65000 299 0.00159 1.03445 g -1
812 86.66667 62.15000 55897.43102 21.65000 299 0.00157 1.18025 g -1
835 42.85714 69.35000 55897.43461 21.65000 299 0.00156 1.59286 g -1
662 109.79050 33.35000 55897.43819 21.65000 299 0.00156 1.00035 g -1
667 149.05693 33.35000 55897.44178 21.65000 299 0.00156 1.15513 g -1
460 96.38056 4.55000 55897.44537 21.65000 299 0.00154 1.19604 g -1
456 68.33704 4.55000 55897.44896 21.65000 299 0.00153 1.64026 g -1
511 85.58463 11.75000 55897.45255 21.65000 299 0.00152 1.23263 g -1
750 138.40169 47.75000 55897.45613 21.65000 299 0.00151 1.07084 g -1
616 121.17371 26.15000 55897.45972 21.65000 299 0.00151 1.00841 g -1
615 113.69200 26.15000 55897.46331 21.65000 299 0.00147 1.01373 g -1
709 131.93230 40.55000 55897.46690 21.65000 299 0.00146 1.01765 g -1
410 100.11058 -2.65000 55897.47049 21.65000 299 0.00142 1.34885 g -1
837 77.14286 69.35000 55897.47407 21.65000 299 0.00142 1.39995 g -1
359 103.88941 -9.85000 55897.47766 21.65000 299 0.00141 1.49547 g -1
786 147.60097 54.95000 55897.48125 21.65000 299 0.00140 1.11122 g -1
707 114.69867 40.55000 55897.48484 21.65000 299 0.00137 1.02665 g -1
414 128.44000 -2.65000 55897.48843 21.65000 299 0.00137 1.23718 g -1
782 103.90195 54.95000 55897.49201 21.65000 299 0.00135 1.13981 g -1
855 36.00000 76.55000 55897.49560 21.65000 299 0.00135 1.94534 g -1
663 117.64379 33.35000 55897.49919 21.65000 299 0.00134 1.02773 g -1
747 110.12762 47.75000 55897.50278 21.65000 299 0.00133 1.09044 g -1
459 89.36968 4.55000 55897.50637 21.65000 299 0.00132 1.63202 g -1
510 78.60038 11.75000 55897.50995 21.65000 299 0.00126 1.87258 g -1
856 60.00000 76.55000 55897.51354 21.65000 299 0.00115 1.74455 g -1
708 123.31548 40.55000 55897.51713 21.65000 299 0.00113 1.03608 g -1
813 100.00000 62.15000 55897.52072 21.65000 299 0.00107 1.28311 g -1
785 136.67622 54.95000 55897.52430 21.65000 299 0.00105 1.07812 g -1
409 93.08173 -2.65000 55897.52789 21.65000 299 0.00105 1.99919 g -1
817 153.33333 62.15000 55897.53148 21.65000 299 0.00103 1.14541 g -1
748 119.55231 47.75000 55897.53507 21.65000 299 0.00098 1.10191 g -1
787 158.52573 54.95000 55897.53866 21.65000 299 0.00094 1.08461 g -1
749 128.97700 47.75000 55897.54224 21.65000 299 0.00092 1.07029 g -1
783 114.82671 54.95000 55897.54583 21.65000 299 0.00090 1.18997 g -1
838 94.28571 69.35000 55897.54942 21.65000 299 0.00083 1.48460 g -1
752 157.25108 47.75000 55897.55301 21.65000 299 0.00077 1.03369 g -1
816 140.00000 62.15000 55897.55660 21.65000 299 0.00076 1.15646 g -1
814 113.33333 62.15000 55897.56018 21.65000 299 0.00071 1.28992 g -1
784 125.75146 54.95000 55897.56377 21.65000 299 0.00068 1.16163 g -1
