335 290.80782 -17.05000 56124.23160 21.65000 299 0.00297 1.88483 g -1
334 283.72589 -17.05000 56124.23518 21.65000 299 0.00274 1.72036 g -1
387 301.75815 -9.85000 56124.23877 21.65000 299 0.00260 1.81295 g -1
386 294.70896 -9.85000 56124.24236 21.65000 299 0.00246 1.61601 g -1
333 276.64396 -17.05000 56124.24595 21.65000 299 0.00231 1.60348 g -1
336 297.88975 -17.05000 56124.24954 21.65000 299 0.00229 1.89969 g -1
385 287.65978 -9.85000 56124.25312 21.65000 299 0.00215 1.46221 g -1
283 279.83661 -24.25000 56124.25671 21.65000 299 0.00210 1.90703 g -1
384 280.61059 -9.85000 56124.26030 21.65000 299 0.00194 1.39296 g -1
438 298.44712 -2.65000 56124.26389 21.65000 299 0.00191 1.37939 g -1
282 272.44354 -24.25000 56124.26748 21.65000 299 0.00185 1.86703 g -1
439 305.47596 -2.65000 56124.27106 21.65000 299 0.00177 1.43989 g -1
437 291.41827 -2.65000 56124.27465 21.65000 299 0.00171 1.28117 g -1
388 308.80733 -9.85000 56124.27824 21.65000 299 0.00158 1.63770 g -1
332 269.58765 -17.05000 56124.28183 21.65000 299 0.00154 1.59543 g -1
383 273.55117 -9.85000 56124.28542 21.65000 299 0.00153 1.38237 g -1
436 284.38942 -2.65000 56124.28900 21.65000 299 0.00149 1.23745 g -1
440 312.50481 -2.65000 56124.29259 21.65000 299 0.00147 1.42861 g -1
489 295.13032 4.55000 56124.29618 21.65000 299 0.00136 1.16115 g -1
490 302.14120 4.55000 56124.29977 21.65000 299 0.00135 1.18852 g -1
435 277.33000 -2.65000 56124.30336 21.65000 299 0.00134 1.25326 g -1
284 287.22968 -24.25000 56124.30694 21.65000 299 0.00132 1.86564 g -1
488 288.11944 4.55000 56124.31053 21.65000 299 0.00120 1.14119 g -1
491 309.15208 4.55000 56124.31412 21.65000 299 0.00119 1.19993 g -1
487 281.19311 4.55000 56124.31771 21.65000 299 0.00111 1.16022 g -1
492 316.16296 4.55000 56124.32129 21.65000 299 0.00103 1.23354 g -1
541 298.91537 11.75000 56124.32488 21.65000 299 0.00102 1.07812 g -1
434 270.24000 -2.65000 56124.32847 21.65000 299 0.00098 1.37460 g -1
486 274.35133 4.55000 56124.33206 21.65000 299 0.00098 1.23202 g -1
540 291.93112 11.75000 56124.33565 21.65000 299 0.00097 1.08138 g -1
382 266.48150 -9.85000 56124.33923 21.65000 299 0.00096 1.68131 g -1
542 305.89962 11.75000 56124.34282 21.65000 299 0.00094 1.07876 g -1
539 284.87644 11.75000 56124.34641 21.65000 299 0.00090 1.12046 g -1
538 277.90133 11.75000 56124.35000 21.65000 299 0.00084 1.17763 g -1
543 312.88387 11.75000 56124.35359 21.65000 299 0.00083 1.08455 g -1
591 296.12691 18.95000 56124.35717 21.65000 299 0.00077 1.04534 g -1
592 303.37673 18.95000 56124.36076 21.65000 299 0.00075 1.03441 g -1
537 270.92622 11.75000 56124.36435 21.65000 299 0.00075 1.31925 g -1
590 288.92157 18.95000 56124.36794 21.65000 299 0.00074 1.09220 g -1
485 267.50956 4.55000 56124.37153 21.65000 299 0.00073 1.55179 g -1
589 281.65302 18.95000 56124.37511 21.65000 299 0.00072 1.16835 g -1
544 319.86812 11.75000 56124.37870 21.65000 299 0.00069 1.08027 g -1
593 310.62655 18.95000 56124.38229 21.65000 299 0.00068 1.03496 g -1
588 274.38447 18.95000 56124.38588 21.65000 299 0.00068 1.30822 g -1
770 332.10164 47.75000 56124.38947 21.65000 299 0.00068 1.05149 g -1
769 322.06455 47.75000 56124.39305 21.65000 299 0.00064 1.03345 g -1
768 312.24615 47.75000 56124.39664 21.65000 299 0.00062 1.03878 g -1
730 312.82187 40.55000 56124.40023 21.65000 299 0.00062 1.01587 g -1
587 267.11592 18.95000 56124.40382 21.65000 299 0.00062 1.60867 g -1
731 321.31160 40.55000 56124.40741 21.65000 299 0.00061 1.00894 g -1
732 329.74300 40.55000 56124.41099 21.65000 299 0.00061 1.00976 g -1
594 317.87636 18.95000 56124.41458 21.65000 299 0.00061 1.04268 g -1
640 300.75680 26.15000 56124.41817 21.65000 299 0.00060 1.10141 g -1
771 342.13873 47.75000 56124.42176 21.65000 299 0.00059 1.04747 g -1
639 293.25314 26.15000 56124.42535 21.65000 299 0.00058 1.19465 g -1
638 285.77143 26.15000 56124.42893 21.65000 299 0.00058 1.31512 g -1
802 324.38344 54.95000 56124.43252 21.65000 299 0.00058 1.08279 g -1
637 278.28971 26.15000 56124.43611 21.65000 299 0.00056 1.52077 g -1
803 335.18412 54.95000 56124.43970 21.65000 299 0.00056 1.07600 g -1
641 308.28240 26.15000 56124.44329 21.65000 299 0.00056 1.11304 g -1
733 338.17440 40.55000 56124.44687 21.65000 299 0.00056 1.00809 g -1
636 270.80800 26.15000 56124.45046 21.65000 299 0.00054 1.95865 g -1
595 325.12618 18.95000 56124.45405 21.65000 299 0.00053 1.06583 g -1
801 313.28596 54.95000 56124.45764 21.65000 299 0.00052 1.15119 g -1
642 315.80800 26.15000 56124.46123 21.65000 299 0.00051 1.10496 g -1
729 304.26859 40.55000 56124.46481 21.65000 299 0.00051 1.19319 g -1
688 313.87167 33.35000 56124.46840 21.65000 299 0.00050 1.12219 g -1
690 329.43922 33.35000 56124.47199 21.65000 299 0.00050 1.03602 g -1
687 306.08789 33.35000 56124.47558 21.65000 299 0.00050 1.22839 g -1
689 321.65544 33.35000 56124.47917 21.65000 299 0.00050 1.09263 g -1
686 298.26936 33.35000 56124.48275 21.65000 299 0.00050 1.38900 g -1
767 302.47146 47.75000 56124.48634 21.65000 299 0.00050 1.30669 g -1
685 290.41607 33.35000 56124.48993 21.65000 299 0.00049 1.63485 g -1
331 262.55696 -17.05000 56125.16724 21.65000 299 0.00093 1.76027 g -1
528 208.15022 11.75000 56125.17083 21.65000 299 0.00083 1.23887 g -1
477 212.77533 4.55000 56125.17442 21.65000 299 0.00079 1.28922 g -1
529 215.12533 11.75000 56125.17800 21.65000 299 0.00073 1.19324 g -1
280 257.81886 -24.25000 56125.18159 21.65000 299 0.00073 1.95102 g -1
476 205.93356 4.55000 56125.18518 21.65000 299 0.00071 1.45108 g -1
281 265.10429 -24.25000 56125.18877 21.65000 299 0.00117 2.02016 g -1
580 216.23608 18.95000 56125.19236 21.65000 299 0.00068 1.17300 g -1
579 208.96753 18.95000 56125.19594 21.65000 299 0.00067 1.27606 g -1
426 213.52000 -2.65000 56125.19953 21.65000 299 0.00066 1.55528 g -1
433 263.15000 -2.65000 56125.20312 21.65000 299 0.00065 1.26306 g -1
381 259.41183 -9.85000 56125.20671 21.65000 299 0.00063 1.38260 g -1
330 255.52626 -17.05000 56125.21030 21.65000 299 0.00062 1.57020 g -1
581 223.50463 18.95000 56125.21388 21.65000 299 0.00061 1.17800 g -1
530 222.10044 11.75000 56125.21747 21.65000 299 0.00060 1.27437 g -1
536 263.95111 11.75000 56125.22106 21.65000 299 0.00060 1.08073 g -1
478 219.61711 4.55000 56125.22465 21.65000 299 0.00059 1.46193 g -1
578 201.71129 18.95000 56125.22824 21.65000 299 0.00059 1.70531 g -1
