615 113.69200 26.15000 55942.12621 21.65000 299 0.04416 2.02297 g -1
663 117.64379 33.35000 55942.12980 21.65000 299 0.04278 1.97650 g -1
565 109.79245 18.95000 55942.13339 21.65000 299 0.03561 1.89899 g -1
708 123.31548 40.55000 55942.13697 21.65000 299 0.03306 1.96194 g -1
514 106.74867 11.75000 55942.14056 21.65000 299 0.02343 1.84269 g -1
461 103.30689 4.55000 55942.14415 21.65000 299 0.01478 1.85453 g -1
664 125.49707 33.35000 55942.14774 21.65000 299 0.02143 2.04151 g -1
749 128.97700 47.75000 55942.15133 21.65000 299 0.01405 1.86206 g -1
709 131.93230 40.55000 55942.15491 21.65000 299 0.03385 2.05516 g -1
513 99.62356 11.75000 55942.15850 21.65000 299 0.01178 1.44068 g -1
460 96.38056 4.55000 55942.16209 21.65000 299 0.01068 1.46875 g -1
750 138.40169 47.75000 55942.16568 21.65000 299 0.03863 2.01505 g -1
564 102.73929 18.95000 55942.16926 21.65000 299 0.00986 1.33645 g -1
410 100.11058 -2.65000 55942.17285 21.65000 299 0.00883 1.62703 g -1
409 93.08173 -2.65000 55942.17644 21.65000 299 0.00828 1.45894 g -1
786 147.60097 54.95000 55942.18003 21.65000 299 0.01882 2.02871 g -1
616 121.17371 26.15000 55942.18362 21.65000 299 0.00780 1.53995 g -1
614 106.21029 26.15000 55942.18720 21.65000 299 0.00657 1.23545 g -1
751 147.82638 47.75000 55942.19079 21.65000 299 0.01663 2.02896 g -1
358 96.84022 -9.85000 55942.19438 21.65000 299 0.00462 1.59568 g -1
357 89.79104 -9.85000 55942.19797 21.65000 299 0.00459 1.47761 g -1
785 136.67622 54.95000 55942.20156 21.65000 299 0.00433 1.55301 g -1
566 116.84562 18.95000 55942.20514 21.65000 299 0.00365 1.35679 g -1
662 109.79050 33.35000 55942.20873 21.65000 299 0.00339 1.16023 g -1
787 158.52573 54.95000 55942.21232 21.65000 299 0.02129 2.00338 g -1
752 157.25108 47.75000 55942.21591 21.65000 299 0.00357 2.04300 g -1
710 140.54911 40.55000 55942.21950 21.65000 299 0.00328 1.56215 g -1
818 166.66667 62.15000 55942.22308 21.65000 299 0.00443 2.01162 g -1
1660 115.64660 29.75000 55942.22667 21.65000 299 0.00250 1.16394 g -1
1706 121.13459 36.95000 55942.23026 21.65000 299 0.00236 1.19045 g -1
817 153.33333 62.15000 55942.23385 21.65000 299 0.00217 1.63360 g -1
707 114.69867 40.55000 55942.23744 21.65000 299 0.00204 1.11084 g -1
788 169.45049 54.95000 55942.24102 21.65000 299 0.01314 2.02183 g -1
1611 111.60116 22.55000 55942.24461 21.65000 299 0.00201 1.10257 g -1
356 82.74185 -9.85000 55942.24820 21.65000 299 0.00192 1.37700 g -1
408 86.05288 -2.65000 55942.25179 21.65000 299 0.00185 1.23750 g -1
1788 145.30492 51.35000 55942.25538 21.65000 299 0.00167 1.37731 g -1
819 180.00000 62.15000 55942.25896 21.65000 299 0.00452 2.02134 g -1
459 89.36968 4.55000 55942.26255 21.65000 299 0.00155 1.14295 g -1
1560 108.09571 15.35000 55942.26614 21.65000 299 0.00147 1.07967 g -1
789 180.37888 54.95000 55942.26973 21.65000 299 0.00772 2.04069 g -1
1749 136.76754 44.15000 55942.27332 21.65000 299 0.00143 1.19063 g -1
1748 127.52046 44.15000 55942.27690 21.65000 299 0.00141 1.10723 g -1
305 79.52832 -17.05000 55942.28049 21.65000 299 0.00140 1.69102 g -1
515 114.02378 11.75000 55942.28408 21.65000 299 0.00127 1.10329 g -1
1508 104.99717 8.15000 55942.28767 21.65000 299 0.00124 1.10714 g -1
753 166.67577 47.75000 55942.29126 21.65000 299 0.00112 1.52575 g -1
820 193.33333 62.15000 55942.29484 21.65000 299 0.00291 2.03108 g -1
512 92.56888 11.75000 55942.29843 21.65000 299 0.00107 1.10028 g -1
790 191.39000 54.95000 55942.30202 21.65000 299 0.00512 2.01776 g -1
748 119.55231 47.75000 55942.30561 21.65000 299 0.00089 1.04437 g -1
462 110.14867 4.55000 55942.30920 21.65000 299 0.00088 1.14159 g -1
1789 155.73716 51.35000 55942.31278 21.65000 299 0.00081 1.25290 g -1
1559 101.08286 15.35000 55942.31637 21.65000 299 0.00079 1.06798 g -1
1455 101.75800 0.95000 55942.31996 21.65000 299 0.00078 1.20893 g -1
1507 97.99300 8.15000 55942.32355 21.65000 299 0.00078 1.14918 g -1
665 133.35036 33.35000 55942.32714 21.65000 299 0.00077 1.03329 g -1
791 202.40112 54.95000 55942.33072 21.65000 299 0.00309 2.03933 g -1
821 206.66667 62.15000 55942.33431 21.65000 299 0.00121 2.00473 g -1
1707 129.39322 36.95000 55942.33790 21.65000 299 0.00072 1.01148 g -1
756 194.94985 47.75000 55942.34149 21.65000 299 0.00067 1.77583 g -1
563 95.57843 18.95000 55942.34508 21.65000 299 0.00059 1.13153 g -1
757 204.72454 47.75000 55942.34866 21.65000 299 0.00096 2.02230 g -1
1822 163.18423 58.55000 55942.35225 21.65000 299 0.00058 1.23199 g -1
1823 174.98986 58.55000 55942.35584 21.65000 299 0.00056 1.32138 g -1
754 176.10046 47.75000 55942.35943 21.65000 299 0.00053 1.28383 g -1
792 213.41224 54.95000 55942.36301 21.65000 299 0.00149 2.01640 g -1
755 185.52515 47.75000 55942.36660 21.65000 299 0.00050 1.37697 g -1
1661 123.13482 29.75000 55942.37019 21.65000 299 0.00049 1.00969 g -1
758 214.49923 47.75000 55942.37378 21.65000 299 0.00092 2.05016 g -1
1454 94.80697 0.95000 55942.37737 21.65000 299 0.00048 1.52457 g -1
411 107.17000 -2.65000 55942.38095 21.65000 299 0.00046 1.40867 g -1
1402 91.79495 -6.25000 55942.38454 21.65000 299 0.00045 1.89112 g -1
615 113.69200 26.15000 55942.38524 21.65000 299 0.04416 1.07342 r -1
663 117.64379 33.35000 55942.38883 21.65000 299 0.04278 1.04622 r -1
750 138.40169 47.75000 55942.39241 21.65000 299 0.03863 1.03225 r -1
565 109.79245 18.95000 55942.39600 21.65000 299 0.03561 1.16834 r -1
709 131.93230 40.55000 55942.39959 21.65000 299 0.03385 1.01790 r -1
708 123.31548 40.55000 55942.40318 21.65000 299 0.03306 1.04828 r -1
514 106.74867 11.75000 55942.40676 21.65000 299 0.02343 1.32070 r -1
664 125.49707 33.35000 55942.41035 21.65000 299 0.02143 1.04586 r -1
787 158.52573 54.95000 55942.41394 21.65000 299 0.02129 1.08588 r -1
786 147.60097 54.95000 55942.41753 21.65000 299 0.01882 1.07509 r -1
751 147.82638 47.75000 55942.42112 21.65000 299 0.01663 1.03247 r -1
461 103.30689 4.55000 55942.42470 21.65000 299 0.01478 1.65958 r -1
749 128.97700 47.75000 55942.42829 21.65000 299 0.01405 1.08386 r -1
788 169.45049 54.95000 55942.43188 21.65000 299 0.01314 1.09619 r -1
513 99.62356 11.75000 55942.43547 21.65000 299 0.01178 1.73465 r -1
564 102.73929 18.95000 55942.43906 21.65000 299 0.00986 1.54364 r -1
616 121.17371 26.15000 55942.44264 21.65000 299 0.00780 1.18251 r -1
789 180.37888 54.95000 55942.44623 21.65000 299 0.00772 1.11491 r -1
614 106.21029 26.15000 55942.44982 21.65000 299 0.00657 1.46322 r -1
790 191.39000 54.95000 55942.45341 21.65000 299 0.00512 1.15416 r -1
819 180.00000 62.15000 55942.45700 21.65000 299 0.00452 1.16351 r -1
818 166.66667 62.15000 55942.46058 21.65000 299 0.00443 1.14083 r -1
785 136.67622 54.95000 55942.46417 21.65000 299 0.00433 1.14755 r -1
566 116.84562 18.95000 55942.46776 21.65000 299 0.00365 1.45306 r -1
752 157.25108 47.75000 55942.47135 21.65000 299 0.00357 1.04259 r -1
662 109.79050 33.35000 55942.47494 21.65000 299 0.00339 1.52197 r -1
710 140.54911 40.55000 55942.47852 21.65000 299 0.00328 1.10216 r -1
791 202.40112 54.95000 55942.48211 21.65000 299 0.00309 1.15773 r -1
820 193.33333 62.15000 55942.48570 21.65000 299 0.00291 1.17229 r -1
1660 115.64660 29.75000 55942.48929 21.65000 299 0.00250 1.54137 r -1
1706 121.13459 36.95000 55942.49288 21.65000 299 0.00236 1.39376 r -1
817 153.33333 62.15000 55942.49646 21.65000 299 0.00217 1.18470 r -1
707 114.69867 40.55000 55942.50005 21.65000 299 0.00204 1.56299 r -1
1611 111.60116 22.55000 55942.50364 21.65000 299 0.00201 2.00125 r -1
1788 145.30492 51.35000 55942.50723 21.65000 299 0.00167 1.17100 r -1
792 213.41224 54.95000 55942.51082 21.65000 299 0.00149 1.16142 r -1
1749 136.76754 44.15000 55942.51440 21.65000 299 0.00143 1.25938 r -1
1748 127.52046 44.15000 55942.51799 21.65000 299 0.00141 1.41381 r -1
821 206.66667 62.15000 55942.52158 21.65000 299 0.00121 1.17349 r -1
753 166.67577 47.75000 55942.52517 21.65000 299 0.00112 1.07227 r -1
757 204.72454 47.75000 55942.52876 21.65000 299 0.00096 1.05582 r -1
758 214.49923 47.75000 55942.53234 21.65000 299 0.00092 1.08884 r -1
748 119.55231 47.75000 55942.53593 21.65000 299 0.00089 1.71352 r -1
1789 155.73716 51.35000 55942.53952 21.65000 299 0.00081 1.18019 r -1
665 133.35036 33.35000 55942.54311 21.65000 299 0.00077 1.54854 r -1
1707 129.39322 36.95000 55942.54670 21.65000 299 0.00072 1.65380 r -1
756 194.94985 47.75000 55942.55028 21.65000 299 0.00067 1.03229 r -1
1822 163.18423 58.55000 55942.55387 21.65000 299 0.00058 1.20712 r -1
1823 174.98986 58.55000 55942.55746 21.65000 299 0.00056 1.15275 r -1
754 176.10046 47.75000 55942.56105 21.65000 299 0.00053 1.08776 r -1
755 185.52515 47.75000 55942.56464 21.65000 299 0.00050 1.05620 r -1
512 92.56888 11.75000 55943.08546 21.65000 299 0.00107 2.06566 r -1
563 95.57843 18.95000 55943.08905 21.65000 299 0.00059 1.93531 r -1
459 89.36968 4.55000 55943.09264 21.65000 299 0.00155 2.01809 r -1
408 86.05288 -2.65000 55943.09982 21.65000 299 0.00185 2.01096 r -1
1559 101.08286 15.35000 55943.10340 21.65000 299 0.00079 2.05668 r -1
1507 97.99300 8.15000 55943.10699 21.65000 299 0.00078 2.06593 r -1
460 96.38056 4.55000 55943.11058 21.65000 299 0.01068 2.04545 r -1
356 82.74185 -9.85000 55943.11417 21.65000 299 0.00192 1.95815 r -1
409 93.08173 -2.65000 55943.11776 21.65000 299 0.00828 2.03712 r -1
1454 94.80697 0.95000 55943.12134 21.65000 299 0.00048 1.91974 r -1
1560 108.09571 15.35000 55943.12493 21.65000 299 0.00147 2.01696 r -1
