483 253.82600 4.55000 55982.44133 21.65000 299 0.00098 2.02526 g -1
431 248.97000 -2.65000 55982.44492 21.65000 299 0.00074 2.00765 g -1
587 267.11592 18.95000 55982.45209 21.65000 299 0.00594 2.03368 g -1
536 263.95111 11.75000 55982.45568 21.65000 299 0.00766 2.02682 g -1
484 260.66778 4.55000 55982.45927 21.65000 299 0.00998 2.04346 g -1
432 256.06000 -2.65000 55982.46286 21.65000 299 0.01303 2.03586 g -1
636 270.80800 26.15000 55982.46644 21.65000 299 0.00315 1.79377 g -1
683 274.70950 33.35000 55982.47003 21.65000 299 0.00215 1.76485 g -1
637 278.28971 26.15000 55982.47362 21.65000 299 0.06463 2.00646 g -1
588 274.38447 18.95000 55982.47721 21.65000 299 0.03590 1.94405 g -1
684 282.56279 33.35000 55982.48080 21.65000 299 0.03504 1.91806 g -1
537 270.92622 11.75000 55982.48438 21.65000 299 0.03134 1.86734 g -1
433 263.15000 -2.65000 55982.48797 21.65000 299 0.01530 1.94716 g -1
638 285.77143 26.15000 55982.49156 21.65000 299 0.04884 2.05746 g -1
685 290.41607 33.35000 55982.49515 21.65000 299 0.05194 2.03966 g -1
728 295.65178 40.55000 55982.49874 21.65000 299 0.03234 2.05668 g -1
589 281.65302 18.95000 55982.50232 21.65000 299 0.02156 1.86317 g -1
485 267.50956 4.55000 55982.50591 21.65000 299 0.01499 1.65361 g -1
381 259.41183 -9.85000 55982.50950 21.65000 299 0.01292 1.81143 g -1
380 252.34217 -9.85000 55982.51309 21.65000 299 0.00967 1.61500 g -1
686 298.26936 33.35000 55982.51668 21.65000 299 0.01281 2.04355 g -1
767 302.47146 47.75000 55982.52026 21.65000 299 0.00919 1.88613 g -1
729 304.26859 40.55000 55982.52385 21.65000 299 0.02861 2.03625 g -1
727 287.03496 40.55000 55982.52744 21.65000 299 0.00724 1.46785 g -1
330 255.52626 -17.05000 55982.53103 21.65000 299 0.00469 1.80974 g -1
1682 284.16400 29.75000 55982.53462 21.65000 299 0.00451 1.42791 g -1
768 312.24615 47.75000 55982.53820 21.65000 299 0.01152 2.00622 g -1
538 277.90133 11.75000 55982.54179 21.65000 299 0.00421 1.44991 g -1
1634 280.04629 22.55000 55982.54538 21.65000 299 0.00342 1.33723 g -1
730 312.82187 40.55000 55982.54897 21.65000 299 0.00359 2.01355 g -1
639 293.25314 26.15000 55982.55256 21.65000 299 0.00275 1.52385 g -1
329 248.49557 -17.05000 55982.55614 21.65000 299 0.00264 1.60356 g -1
