0.0000000000 4.8251133340e-03 47.1053558375
0.0035879630 9.5853250574e-03 94.8401819089
0.0071759259 1.4192648217e-02 142.0504494520
0.0107638889 1.8721633855e-02 189.2607169951
0.0143518519 2.3214290413e-02 236.2087052741
0.0179398148 2.7372933867e-02 283.5238845229
0.0215277778 3.1505780499e-02 329.8424025680
0.0251157408 3.5420492498e-02 377.0526701111
0.0287037037 3.9256893768e-02 424.1580259486
0.0322916667 4.3076886425e-02 470.9486466691
0.0358796296 4.6804122204e-02 518.0015466538
0.0394675926 5.0519353556e-02 565.0544466384
0.0430555556 5.4090797043e-02 612.3171700344
0.0466435185 5.7612935794e-02 660.1569078114
0.0502314815 6.1195719616e-02 707.1048960904
0.0538194445 6.4697266066e-02 753.4234141355
0.0574074074 6.7946836330e-02 799.2173736523
0.0609953704 7.1184950658e-02 844.9588773163
0.0645833334 7.4366718399e-02 890.6479251275
0.0681712963 7.7341288116e-02 936.9139873198
0.0717592593 8.0357047072e-02 985.0684602138
0.0753472223 8.3349352487e-02 1030.9148755834
0.0789351852 8.6328877425e-02 1077.9677755681
0.0825231482 8.9282417598e-02 1125.0206755527
0.0861111112 9.2195410511e-02 1170.8146350696
0.0896990741 9.5065214283e-02 1217.8675350542
0.0932870371 9.7870368401e-02 1265.1302584502
0.0968750001 1.0056105784e-01 1311.3438647896
0.1004629630 1.0321829153e-01 1359.5507935364
0.1040509260 1.0586764029e-01 1405.1873854948
0.1076388889 1.0851400040e-01 1453.2369466831
0.1112268519 1.1118565572e-01 1500.9717727545
0.1148148149 1.1372337992e-01 1548.0246727392
0.1184027778 1.1623935631e-01 1593.5563529919
0.1219907408 1.1867570216e-01 1639.6125917728
0.1255787038 1.2109196920e-01 1687.5047854027
0.1291666667 1.2357146933e-01 1735.2920673269
0.1327546297 1.2593741030e-01 1782.7121582813
0.1363425927 1.2828537140e-01 1829.7650582660
0.1399305556 1.3061510920e-01 1876.7130465450
0.1435185186 1.3291326348e-01 1921.9824475336
0.1471064816 1.3519779574e-01 1967.7239511976
0.1506944445 1.3746751707e-01 2013.3605431559
0.1542824075 1.3962751707e-01 2056.9513568541
0.1578703705 1.4181844562e-01 2104.1616243972
0.1614583334 1.4389451338e-01 2151.4768036460
0.1650462964 1.4595096205e-01 2198.5297036307
0.1686342594 1.4803195786e-01 2246.3694414077
0.1722222223 1.5002065559e-01 2292.6355036000
0.1758101853 1.5198642002e-01 2338.4819189696
0.1793981482 1.5402994486e-01 2385.8495540712
0.1829861112 1.5595799922e-01 2431.4861460296
0.1865740742 1.5793254432e-01 2478.9062369840
0.1901620371 1.5966438632e-01 2522.3921389765
0.1937500001 1.6156298465e-01 2569.8122299309
0.1973379631 1.6335255356e-01 2616.3405713873
0.2009259260 1.6512434911e-01 2661.6099723759
0.2045138890 1.6686673355e-01 2709.4497101529
0.2081018520 1.6860871318e-01 2755.7682281980
0.2116898149 1.7035300812e-01 2800.7753499225
0.2152777779 1.7199455085e-01 2843.7366933867
0.2188657409 1.7371256579e-01 2890.7895933714
0.2224537038 1.7539822348e-01 2937.8424933560
0.2260416668 1.7700201694e-01 2983.5315411672
0.2296296298 1.7871679075e-01 3030.8467204160
0.2332175927 1.8030154286e-01 3078.6340023402
0.2368055557 1.8180685806e-01 3121.4379782460
0.2403935187 1.8348526735e-01 3168.8580692004
0.2439814816 1.8497439932e-01 3213.9701026305
0.2475694446 1.8643988328e-01 3260.5508999397
0.2511574075 1.8787691481e-01 3304.1941694907
0.2547453705 1.8931411714e-01 3350.0930407132
0.2583333335 1.9071554209e-01 3397.1459406978
0.2619212964 1.9218774256e-01 3444.4086640938
0.2655092594 1.9390199002e-01 3491.6713874898
0.2690972224 1.9513382601e-01 3531.6427473429
0.2726851853 1.9647570270e-01 3575.3384727467
0.2762731483 1.9781318580e-01 3622.3913727314
0.2798611113 1.9917935982e-01 3669.5491844217
0.2834490742 2.0051608925e-01 3715.7103349083
0.2870370372 2.0213256943e-01 3761.2944710138
0.2906250002 2.0344676054e-01 3807.4556215005
0.2942129631 2.0474925593e-01 3853.7741395455
0.2978009261 2.0602984220e-01 3899.9352900322
0.3013888891 2.0728126850e-01 3946.0964405188
0.3049768520 2.0887730144e-01 3991.8379441828
0.3085648150 2.1006829283e-01 4037.9990946694
0.3121527780 2.1125302657e-01 4084.9470829484
0.3157407409 2.1254529781e-01 4132.4196297557
0.3193287039 2.1369537383e-01 4179.4200738875
0.3229166668 2.1483979365e-01 4226.6303414306
0.3265046298 2.1597489778e-01 4274.4700792076
0.3300925928 2.1710942348e-01 4317.6412460832
0.3336805557 2.1823456698e-01 4365.2711604489
0.3372685187 2.1934814131e-01 4413.0584423731
0.3408564817 2.2040028573e-01 4460.3211657691
0.3444444446 2.2150305211e-01 4506.4823162557
0.3480324076 2.2254545200e-01 4553.6925837988
0.3516203706 2.2358486443e-01 4599.3291757572
0.8617874355 2.2577358399e-01 4647.0640018286
0.8653753985 2.2795517993e-01 4694.4840927830
0.8689633614 2.2992939232e-01 4739.8584054772
0.8725513244 2.3184966332e-01 4785.9146442582
0.8761392874 2.3377955746e-01 4830.9217659826
0.8797272503 2.3570560141e-01 4878.1320335258
0.8833152133 2.3759730989e-01 4925.1849335104
0.8869031763 2.3938539196e-01 4969.9822318236
0.8904911392 2.4118990767e-01 5017.2449552195
0.8940791022 2.4296846756e-01 5064.5601344683
0.8976670652 2.4482369892e-01 5112.2949605397
0.9012550281 2.4658863138e-01 5159.9773307583
0.9048429911 2.4843103047e-01 5207.1875983014
0.9084309540 2.5016377080e-01 5252.4045434371
0.9120189170 2.5189965746e-01 5299.7197226859
0.9156068800 2.5364027080e-01 5344.5694768519
0.9191948429 2.5537344363e-01 5392.1469353648
0.9227828059 2.5709734943e-01 5438.3080858514
0.9263707689 2.5872868723e-01 5481.1120617572
0.9299587318 2.6044959319e-01 5528.1649617418
0.9335466948 2.6240734044e-01 5575.1129500208
0.9371346578 2.6408703303e-01 5620.3823510094
0.9407226207 2.6575948289e-01 5668.0122653751
0.9443105837 2.6742387289e-01 5714.1209600089
0.9478985467 2.6906586767e-01 5758.9707141749
0.9514865096 2.7060502363e-01 5801.1452198468
0.9550744726 2.7223869030e-01 5845.6277830430
0.9586624356 2.7386560122e-01 5891.5791101183
0.9622503985 2.7547514161e-01 5938.6320101029
0.9658383615 2.7707388561e-01 5984.7407047367
0.9694263245 2.7866914038e-01 6028.9085328159
0.9730142874 2.8022964232e-01 6074.1779338045
0.9766022504 2.8179304398e-01 6120.8636428194
0.9801902133 2.8334003166e-01 6168.7033805964
0.9837781763 2.8487919435e-01 6214.4973401133
0.9873661393 2.8641977941e-01 6261.7600635092
0.9909541022 2.8795710474e-01 6303.6722899169
0.9945420652 2.8950802431e-01 6350.8301016072
0.9981300282 2.9101797427e-01 6398.1977367089
