0.0000000000 1.9003007558e-02 47.8397377770
0.0035879630 2.7119300258e-02 95.2073728786
0.0071759259 3.2210575940e-02 141.9455377463
0.0107638889 9.1299696889e-02 187.9493206745
0.0143518519 1.2208620436e-01 233.5859126328
0.0179398148 1.3814580688e-01 281.3731945570
0.0215277778 1.4222832871e-01 326.6950513984
0.0251157408 1.4677832025e-01 333.0946654432
0.0287037037 1.4976506406e-01 380.8294915146
0.0322916667 1.5427302310e-01 422.5318945110
0.0358796296 1.7837218484e-01 469.7946179070
0.0394675926 2.1836272084e-01 517.0048854501
0.0430555556 2.2358038319e-01 564.8446232271
0.0466435185 2.2574682281e-01 610.2713917742
0.0502314815 2.2839959334e-01 657.0620124947
0.0538194445 2.3211489227e-01 704.0100007737
0.0574074074 2.7584624772e-01 751.1153566112
0.0609953704 3.4251632876e-01 776.3990776732
0.0645833334 4.2890463822e-01 806.1415462253
0.0681712963 4.6777563577e-01 854.1911074137
0.0717592593 4.9322650873e-01 861.8496619262
0.0753472223 4.9551577192e-01 906.8567836507
0.0789351852 4.9824641334e-01 954.0670511938
0.0825231482 5.2804589654e-01 995.9268217487
0.0861111112 5.7822095574e-01 1021.0531752522
0.0896990741 6.2785010315e-01 1046.8089989896
0.0932870371 6.4481741854e-01 1071.3583381121
0.0968750001 6.4693937052e-01 1118.1489588326
0.1004629630 6.5026458048e-01 1148.8880885884
0.1040509260 6.5217218241e-01 1196.0983561316
0.1076388889 6.5580820984e-01 1238.5351410676
0.1112268519 6.5762928481e-01 1285.9552320220
0.1148148149 6.5935075259e-01 1333.7949697990
0.1184027778 6.6626287789e-01 1375.5498286483
0.1219907408 6.6789170314e-01 1420.5044945199
0.1255787038 6.6945870350e-01 1466.6131891537
0.1291666667 6.7135611780e-01 1513.6660891383
0.1327546297 6.7287626764e-01 1515.8167791042
0.1363425927 6.7436135440e-01 1518.0723807757
0.1399305556 6.7838535886e-01 1565.3875600245
0.1435185186 6.7982931562e-01 1612.6502834204
0.1471064816 6.8128306439e-01 1639.9273268898
0.1506944445 6.8272646011e-01 1685.1442720255
0.1578703705 6.8610728183e-01 1732.9840098026
0.1614583334 6.8793840843e-01 1780.1418214929
0.1758101853 6.9613087520e-01 1826.5127953908
0.1973379631 6.9946655034e-01 1872.6739458774
0.2152777779 7.0180330189e-01 1918.8350963640
0.2368055557 7.0588697380e-01 1966.0978197600
0.2547453705 7.1106427897e-01 2011.6295000127
0.2554398150 7.1106427897e-01 2011.6295000127
0.2590277779 7.1106427897e-01 2011.6295000127
0.2626157409 7.1106427897e-01 2011.6295000127
0.2662037039 7.1106427897e-01 2011.6295000127
0.2697916668 7.1106427897e-01 2011.6295000127
0.2733796298 7.1106427897e-01 2011.6295000127
0.2769675927 7.1106427897e-01 2011.6295000127
0.2805555557 7.1106427897e-01 2011.6295000127
0.2841435187 7.1106427897e-01 2011.6295000127
0.2877314816 7.1106427897e-01 2011.6295000127
0.2913194446 7.1106427897e-01 2011.6295000127
0.2949074076 7.1106427897e-01 2011.6295000127
0.2984953705 7.1106427897e-01 2011.6295000127
0.3020833335 7.1106427897e-01 2011.6295000127
0.3056712965 7.1106427897e-01 2011.6295000127
0.3092592594 7.1106427897e-01 2011.6295000127
0.3128472224 7.1106427897e-01 2011.6295000127
0.3164351854 7.1106427897e-01 2011.6295000127
0.3200231483 7.1106427897e-01 2011.6295000127
0.3236111113 7.1106427897e-01 2011.6295000127
0.3271990743 7.1106427897e-01 2011.6295000127
0.3307870372 7.1106427897e-01 2011.6295000127
0.3343750002 7.1106427897e-01 2011.6295000127
0.3379629632 7.1106427897e-01 2011.6295000127
0.3415509261 7.1106427897e-01 2011.6295000127
0.3451388891 7.1106427897e-01 2011.6295000127
0.3487268520 7.1106427897e-01 2011.6295000127
0.3523148150 7.1106427897e-01 2011.6295000127
0.3559027780 7.1106427897e-01 2011.6295000127
0.3594907409 7.1106427897e-01 2011.6295000127
0.3630787039 7.1106427897e-01 2011.6295000127
0.3666666669 7.1106427897e-01 2011.6295000127
0.3702546298 7.1106427897e-01 2011.6295000127
0.3738425928 7.1106427897e-01 2011.6295000127
0.3774305558 7.1106427897e-01 2011.6295000127
0.8847088791 7.1106427897e-01 2011.6295000127
0.8882968421 7.1106427897e-01 2011.6295000127
0.8918848051 7.1106427897e-01 2011.6295000127
0.8954727680 7.1106427897e-01 2011.6295000127
0.8990607310 7.1106427897e-01 2011.6295000127
0.9026486940 7.1106427897e-01 2011.6295000127
0.9062366569 7.1106427897e-01 2011.6295000127
0.9134125828 7.1106427897e-01 2011.6295000127
0.9205885088 7.1106427897e-01 2011.6295000127
0.9349403606 7.1106427897e-01 2011.6295000127
