794 235.60357 54.95000 56106.17144 21.65000 299 0.06246 1.09238 g -1
676 219.73650 33.35000 56106.17503 21.65000 299 0.05955 1.00092 g -1
628 210.95429 26.15000 56106.17862 21.65000 299 0.04147 1.02803 g -1
760 234.04862 47.75000 56106.18220 21.65000 299 0.03995 1.03925 g -1
720 226.71726 40.55000 56106.18579 21.65000 299 0.03941 1.00784 g -1
759 224.27392 47.75000 56106.18938 21.65000 299 0.03365 1.03338 g -1
719 218.10044 40.55000 56106.19297 21.65000 299 0.03026 1.01994 g -1
579 208.96753 18.95000 56106.19656 21.65000 299 0.02682 1.09468 g -1
849 282.85714 69.35000 56106.20014 21.65000 299 0.01907 1.42877 g -1
675 211.88321 33.35000 56106.20373 21.65000 299 0.01699 1.04934 g -1
629 218.43600 26.15000 56106.20732 21.65000 299 0.01515 1.03806 g -1
824 246.66667 62.15000 56106.21091 21.65000 299 0.01082 1.15015 g -1
825 260.00000 62.15000 56106.21450 21.65000 299 0.00995 1.18280 g -1
795 246.70105 54.95000 56106.21808 21.65000 299 0.00935 1.08132 g -1
528 208.15022 11.75000 56106.22167 21.65000 299 0.00674 1.23455 g -1
826 273.33333 62.15000 56106.22526 21.65000 299 0.00432 1.22629 g -1
527 201.02511 11.75000 56106.22885 21.65000 299 0.00426 1.37329 g -1
1673 215.22850 29.75000 56106.23244 21.65000 299 0.00327 1.09642 g -1
580 216.23608 18.95000 56106.23602 21.65000 299 0.00297 1.14555 g -1
1718 221.53281 36.95000 56106.23961 21.65000 299 0.00291 1.06594 g -1
848 265.71429 69.35000 56106.24320 21.65000 299 0.00243 1.25907 g -1
1759 229.41213 44.15000 56106.24679 21.65000 299 0.00201 1.05359 g -1
850 300.00000 69.35000 56106.25038 21.65000 299 0.00196 1.42117 g -1
1796 228.76284 51.35000 56106.25396 21.65000 299 0.00193 1.09675 g -1
793 224.50609 54.95000 56106.25755 21.65000 299 0.00164 1.14428 g -1
1797 239.19508 51.35000 56106.26114 21.65000 299 0.00151 1.07021 g -1
578 201.71129 18.95000 56106.26473 21.65000 299 0.00135 1.53840 g -1
1829 246.98986 58.55000 56106.26832 21.65000 299 0.00129 1.11215 g -1
1625 214.11131 22.55000 56106.27190 21.65000 299 0.00121 1.29876 g -1
1574 206.37618 15.35000 56106.27549 21.65000 299 0.00105 1.57484 g -1
823 233.33333 62.15000 56106.27908 21.65000 299 0.00104 1.19879 g -1
1758 219.99123 44.15000 56106.28267 21.65000 299 0.00098 1.20261 g -1
1624 206.84333 22.55000 56106.28626 21.65000 299 0.00085 1.55702 g -1
1828 234.98986 58.55000 56106.28984 21.65000 299 0.00072 1.17683 g -1
794 235.60357 54.95000 56106.29054 21.65000 299 0.06246 1.14865 r -1
676 219.73650 33.35000 56106.29413 21.65000 299 0.05955 1.26992 r -1
628 210.95429 26.15000 56106.29771 21.65000 299 0.04147 1.51206 r -1
760 234.04862 47.75000 56106.30130 21.65000 299 0.03995 1.14761 r -1
720 226.71726 40.55000 56106.30489 21.65000 299 0.03941 1.21542 r -1
759 224.27392 47.75000 56106.30848 21.65000 299 0.03365 1.26112 r -1
719 218.10044 40.55000 56106.31207 21.65000 299 0.03026 1.36990 r -1
579 208.96753 18.95000 56106.31565 21.65000 299 0.02682 1.92741 r -1
849 282.85714 69.35000 56106.31924 21.65000 299 0.01907 1.24060 r -1
675 211.88321 33.35000 56106.32283 21.65000 299 0.01699 1.64921 r -1
629 218.43600 26.15000 56106.32642 21.65000 299 0.01515 1.58838 r -1
824 246.66667 62.15000 56106.33001 21.65000 299 0.01082 1.22386 r -1
825 260.00000 62.15000 56106.33359 21.65000 299 0.00995 1.17249 r -1
795 246.70105 54.95000 56106.33718 21.65000 299 0.00935 1.18309 r -1
826 273.33333 62.15000 56106.34077 21.65000 299 0.00432 1.14781 r -1
1673 215.22850 29.75000 56106.34436 21.65000 299 0.00327 1.86028 r -1
1718 221.53281 36.95000 56106.34795 21.65000 299 0.00291 1.59366 r -1
848 265.71429 69.35000 56106.35153 21.65000 299 0.00243 1.26602 r -1
1759 229.41213 44.15000 56106.35512 21.65000 299 0.00201 1.43285 r -1
850 300.00000 69.35000 56106.35871 21.65000 299 0.00196 1.24468 r -1
1796 228.76284 51.35000 56106.36230 21.65000 299 0.00193 1.47506 r -1
793 224.50609 54.95000 56106.36589 21.65000 299 0.00164 1.57054 r -1
1797 239.19508 51.35000 56106.36947 21.65000 299 0.00151 1.35468 r -1
1829 246.98986 58.55000 56106.37306 21.65000 299 0.00129 1.30715 r -1
823 233.33333 62.15000 56106.37665 21.65000 299 0.00104 1.49650 r -1
1758 219.99123 44.15000 56106.38024 21.65000 299 0.00098 1.92351 r -1
1828 234.98986 58.55000 56106.38382 21.65000 299 0.00072 1.50117 r -1
