619 143.61886 26.15000 55907.30267 21.65000 299 0.00701 2.06021 g -1
667 149.05693 33.35000 55907.30985 21.65000 299 0.00908 2.01874 g -1
570 145.05827 18.95000 55907.32061 21.65000 299 0.00738 2.00268 g -1
620 151.10057 26.15000 55907.32420 21.65000 299 0.05802 2.04502 g -1
712 157.78274 40.55000 55907.32779 21.65000 299 0.03046 1.96452 g -1
668 156.91021 33.35000 55907.33137 21.65000 299 0.05489 2.02246 g -1
1711 162.96719 36.95000 55907.34214 21.65000 299 0.01662 2.04102 g -1
713 166.39956 40.55000 55907.34931 21.65000 299 0.47673 2.00001 g -1
669 164.76350 33.35000 55907.35290 21.65000 299 0.06477 2.02614 g -1
714 175.01637 40.55000 55907.37084 21.65000 299 0.01041 2.03689 g -1
670 172.61679 33.35000 55907.37443 21.65000 299 0.00486 2.02981 g -1
713 166.39956 40.55000 55907.37512 21.65000 299 0.47673 1.67133 r -1
669 164.76350 33.35000 55907.37871 21.65000 299 0.06477 1.66745 r -1
620 151.10057 26.15000 55907.38230 21.65000 299 0.05802 1.37715 r -1
668 156.91021 33.35000 55907.38589 21.65000 299 0.05489 1.41005 r -1
712 157.78274 40.55000 55907.38948 21.65000 299 0.03046 1.36716 r -1
1711 162.96719 36.95000 55907.39306 21.65000 299 0.01662 1.45695 r -1
714 175.01637 40.55000 55907.39665 21.65000 299 0.01041 1.69571 r -1
667 149.05693 33.35000 55907.40024 21.65000 299 0.00908 1.20986 r -1
570 145.05827 18.95000 55907.40383 21.65000 299 0.00738 1.22307 r -1
619 143.61886 26.15000 55907.40742 21.65000 299 0.00701 1.15046 r -1
670 172.61679 33.35000 55907.41100 21.65000 299 0.00486 1.56002 r -1
