0.0000000000 3.6617277330e-03 47.5250026601
0.0035879630 6.2606506720e-03 94.8401819089
0.0071759259 7.9346876808e-03 142.1029053048
0.0107638889 9.5182975436e-03 183.5430290371
0.0143518519 1.0914810143e-02 230.2287380520
0.0179398148 1.2079055370e-02 278.0684758290
0.0215277778 1.3593283055e-02 323.7575236402
0.0251157408 1.4772312391e-02 366.6664112516
0.0287037037 1.5929585828e-02 414.0340463532
0.0322916667 1.7095716980e-02 461.3492256020
0.0358796296 1.8126949300e-02 508.4021255867
0.0394675926 1.9148289221e-02 556.5041426278
0.0430555556 2.0100826978e-02 603.4521309068
0.0466435185 2.1048785628e-02 651.6590596536
0.0502314815 2.2092757944e-02 698.9742389024
0.0538194445 2.3140372774e-02 745.9222271814
0.0574074074 2.4005537603e-02 792.9751271661
0.0609953704 2.4850276622e-02 839.5034686225
0.0645833334 2.5705930421e-02 886.5563686071
0.0681712963 2.6569681173e-02 933.8715478559
0.0717592593 2.7414040050e-02 982.0784766027
0.0753472223 2.8257650468e-02 1029.1313765874
0.0789351852 2.9073076649e-02 1074.2958658703
0.0825231482 2.9900362862e-02 1121.5061334134
0.0861111112 3.1045755490e-02 1167.8246514585
0.0896990741 3.1849231186e-02 1213.6710668282
0.0932870371 3.2652746524e-02 1259.9895848733
0.0968750001 3.3450322323e-02 1306.5703821825
0.1004629630 3.4187510947e-02 1349.6890932052
0.1040509260 3.4933214418e-02 1393.3848186090
0.1076388889 3.5692697127e-02 1439.9656159182
0.1112268519 3.6723634450e-02 1487.2807951670
0.1148148149 3.7481278735e-02 1535.1205329440
0.1184027778 3.8267613694e-02 1582.6979914570
0.1219907408 3.9023996195e-02 1627.8100248871
0.1255787038 3.9771334309e-02 1675.4399392528
0.1291666667 4.0516845648e-02 1722.7551185016
0.6705671307 4.8095524213e-02 1770.0702977504
0.6741550936 5.5378463542e-02 1817.4903887048
0.6777430566 6.2003201025e-02 1864.8055679536
0.6813310196 6.8441640760e-02 1912.2781147608
0.6849189825 7.4530139522e-02 1959.5932940096
0.6885069455 8.1130577692e-02 2006.9084732584
0.6920949085 8.6786739712e-02 2054.1711966543
0.6956828714 9.2010064342e-02 2098.0242896166
0.6992708344 9.7463255681e-02 2141.0380889337
0.7028587974 1.0248411437e-01 2182.8978594886
0.7064467603 1.0721224421e-01 2227.0132317150
0.7100347233 1.1147930642e-01 2268.5582671530
0.7136226863 1.1583980311e-01 2313.3555654661
0.7172106492 1.2028636511e-01 2361.1428473903
0.7207986122 1.2452871420e-01 2406.4122483789
0.7243865752 1.2858682562e-01 2451.6816493675
0.7279745381 1.3284899905e-01 2499.4689312917
0.7315625011 1.3693410803e-01 2544.7907881331
0.7351504641 1.4081095683e-01 2588.6438810954
0.7387384270 1.4455261028e-01 2631.6576804124
0.7423263900 1.4842474711e-01 2676.9270814010
0.7459143529 1.5201963848e-01 2719.9933365709
0.7495023159 1.5558101535e-01 2764.1611646502
0.7530902789 1.5904989154e-01 2810.2698592839
0.7566782418 1.6244861468e-01 2855.4343485669
0.7602662048 1.6581711302e-01 2896.9793840048
0.7638541678 1.6909741545e-01 2943.7175488725
0.7674421307 1.7226673824e-01 2990.5606254459
0.7710300937 1.7533421867e-01 3035.7775705816
0.7746180567 1.7839310320e-01 3079.5782076911
0.7782060196 1.8125750421e-01 3127.3654896153
0.7817939826 1.8399835501e-01 3173.3692725434
0.7853819456 1.8651493070e-01 3218.4813059735
0.7889699085 1.8953563928e-01 3266.6882347203
0.7925578715 1.9192110308e-01 3305.5055658114
0.7961458345 1.9442091196e-01 3351.6142604451
0.7997337974 1.9676302591e-01 3397.0934848450
0.8033217604 1.9901220015e-01 3440.1072841621
0.8069097234 2.0114987030e-01 3482.9112600679
0.8104976863 2.0323048713e-01 3527.9183817923
0.8140856493 2.0533731527e-01 3575.1286493354
0.8176736122 2.0732119851e-01 3622.4438285842
0.8212615752 2.0925523525e-01 3668.0804205426
0.8248495382 2.1121779432e-01 3715.7103349083
0.8284375011 2.1303053083e-01 3757.0980027878
0.8320254641 2.1490396653e-01 3803.2066974216
0.8356134271 2.1648792595e-01 3847.4269813536
0.8392013900 2.1810164716e-01 3894.2700579270
0.8427893530 2.1940426025e-01 3933.4545799878
0.8463773160 2.2067667157e-01 3972.0620876675
0.8499652789 2.2219043996e-01 4019.6395461804
0.8535532419 2.2369603300e-01 4066.2727993425
0.8571412049 2.2488190506e-01 4104.9852187278
0.8607291678 2.2606365320e-01 4150.2021638636
0.8643171308 2.2721950892e-01 4197.2550638482
0.8679050938 2.2836746720e-01 4245.5144484479
0.8714930567 2.2950822105e-01 4289.6822765271
0.8750810197 2.3055680721e-01 4336.7351765118
0.8786689827 2.3140325888e-01 4372.5100681389
0.8822569456 2.3226373655e-01 4418.7761303311
0.8858449086 2.3311293764e-01 4464.8323691121
0.8894328715 2.3410000556e-01 4503.7021560559
0.8930208345 2.3491120392e-01 4549.7583948369
0.8966087975 2.3551733333e-01 4591.3034302749
0.9001967604 2.3626034073e-01 4639.1431680519
0.9037847234 2.3698308467e-01 4686.7206265648
0.9073726864 2.3771288339e-01 4733.9308941079
0.9109606493 2.3842241145e-01 4781.6657201793
0.9145486123 2.3912991048e-01 4828.7186201640
0.9181365753 2.3982991617e-01 4876.5059020882
0.9217245382 2.4052449064e-01 4924.3980957180
0.9253125012 2.4127153077e-01 4969.9822318236
0.9289004642 2.4196159562e-01 5017.4023227780
0.9324884271 2.4264770690e-01 5064.4552227627
0.9360763901 2.4337276103e-01 5112.5047839510
0.9396643531 2.4407674988e-01 5160.2396100224
0.9432523160 2.4480429529e-01 5207.4498775655
0.9468402790 2.4548467185e-01 5254.0306748747
0.9504282420 2.4616264029e-01 5301.4507658292
0.9540162049 2.4681791691e-01 5346.5103434064
0.9576041679 2.4748006941e-01 5394.6648163004
0.9611921308 2.4821336504e-01 5440.9833343455
0.9647800938 2.4893611991e-01 5486.6199263039
0.9683680568 2.4971258836e-01 5534.0924731111
0.9719560197 2.5036772318e-01 5581.1978289486
0.9755439827 2.5121563766e-01 5628.4605523446
0.9791319457 2.5188007727e-01 5673.3627623634
0.9827199086 2.5251575544e-01 5716.4290175333
0.9863078716 2.5316246426e-01 5762.0656094916
0.9898958346 2.5391843058e-01 5808.3841275367
0.9934837975 2.5466042372e-01 5851.6077502651
0.9970717605 2.5530638299e-01 5899.4474880421
