0.0000000000 8.0409692707e-02 47.0528999847
0.0035879630 1.4635050286e-01 94.1057999693
0.0071759259 1.9210072230e-01 141.2636116596
0.0107638889 2.2708187109e-01 189.0508935838
0.0143518519 2.6179678993e-01 235.8939701572
0.0179398148 2.9611553754e-01 283.4189728172
0.0215277778 3.2629877552e-01 330.4718728019
0.0251157408 3.5304784859e-01 377.6821403450
0.0287037037 3.7425353745e-01 425.0497754466
0.0322916667 3.9524603090e-01 470.6339115522
0.0358796296 4.1265901185e-01 518.3687376235
0.0394675926 4.2839461554e-01 564.2676088460
0.0430555556 4.4120213190e-01 611.1106854194
0.0466435185 4.5367824445e-01 656.7472773777
0.0502314815 4.6608977334e-01 703.1707071285
0.0538194445 4.7615089430e-01 750.2236071131
0.0574074074 4.8604006448e-01 795.7552873658
0.0609953704 4.9474311622e-01 843.2802900259
0.0645833334 5.0343686066e-01 890.5430134219
0.0681712963 5.1038710256e-01 936.5467963500
0.0717592593 5.1687714331e-01 983.5996963347
0.0753472223 5.2265198540e-01 1030.6525963193
0.0789351852 5.2749210611e-01 1076.3940999833
0.0825231482 5.3146697023e-01 1121.6635009719
0.0861111112 5.3492328670e-01 1168.4541216924
0.0896990741 5.3824180225e-01 1214.0907136508
0.0932870371 5.4151602170e-01 1261.2485253411
0.0968750001 5.4467010131e-01 1263.8713179824
0.1004629630 5.4781591794e-01 1265.9695520954
0.1040509260 5.5094914280e-01 1313.5470106083
0.1076388889 5.5373602242e-01 1360.8621898571
0.1112268519 5.5656709831e-01 1407.5478988720
0.1148148149 5.5922838701e-01 1454.8630781207
0.1184027778 5.6168807569e-01 1500.9193169017
0.1219907408 5.6388616919e-01 1546.1362620374
0.1255787038 5.6601431372e-01 1593.1891620221
0.1291666667 5.6812658586e-01 1641.0288997991
0.1327546297 5.7019730781e-01 1643.2845014706
0.1363425927 5.7219525528e-01 1688.9735492818
0.1399305556 5.7418657394e-01 1736.0789051193
0.1435185186 5.7617524595e-01 1783.8661870435
0.1471064816 5.7804972385e-01 1828.6634853567
0.1506944445 5.7981548746e-01 1872.1493873492
0.1542824075 5.8156477200e-01 1874.3525331678
0.1578703705 5.8332676010e-01 1921.8250799751
0.1614583334 5.8497560837e-01 1969.1402592239
0.1650462964 5.8656813602e-01 2014.4621160653
0.1686342594 5.8952767068e-01 2061.4625601971
0.1722222223 5.9111440269e-01 2105.8926675405
0.1758101853 5.9260198030e-01 2148.6966434462
0.1793981482 5.9413808597e-01 2193.8611327292
0.1829861112 5.9561822203e-01 2238.0814166612
0.1865740742 5.9803655047e-01 2285.2916842044
0.1901620371 5.9977763053e-01 2332.1347607777
0.1937500001 6.0126624086e-01 2334.4952741549
0.1973379631 6.0264184601e-01 2377.4566176191
0.2009259260 6.0405382389e-01 2379.7122192906
0.2045138890 6.0521512302e-01 2426.9224868337
0.2081018520 6.1143227702e-01 2473.4508282901
0.2116898149 6.1253854125e-01 2520.7660075389
0.2152777779 6.1355051734e-01 2566.6124229086
0.2188657409 6.1455938483e-01 2568.9204804329
0.2224537038 6.1551727215e-01 2616.2356596817
0.2260416668 6.1801426088e-01 2662.8164569909
0.2296296298 6.1893215473e-01 2708.0334021267
0.2332175927 6.2077774653e-01 2755.2961255226
0.2547453705 6.3036044603e-01 2801.6146435677
0.2762731483 6.3557795193e-01 2847.8807057600
0.9295950494 6.4673222635e-01 2895.0385174503
0.9331830123 6.5513663583e-01 2941.1996679369
0.9367709753 6.5926510211e-01 2988.9869498611
0.9403589383 6.6223428277e-01 3035.7775705816
0.9439469012 6.7125438365e-01 3083.0402939776
0.9475348642 6.7368592589e-01 3085.6630866189
0.9511228272 6.7605235632e-01 3089.3874521695
0.9547107901 6.7838751440e-01 3135.5486026561
0.9582987531 6.8016143441e-01 3180.3459009692
0.9618867160 6.8194031891e-01 3227.3988009539
0.9654746790 6.8412056073e-01 3273.5599514405
0.9690626420 6.8564733376e-01 3319.4588226630
0.9726506049 6.8712865969e-01 3365.8297965609
0.9762385679 6.8862400101e-01 3412.8826965456
0.9798265309 6.9007715219e-01 3416.3972386849
0.9834144938 6.9149486338e-01 3418.7577520620
0.9870024568 6.9281175715e-01 3465.8106520467
0.9905904198 6.9403217128e-01 3512.8635520313
0.9941783827 6.9524268107e-01 3560.1787312801
0.9977663457 6.9638818276e-01 3607.6512780874
