731 321.31160 40.55000 56095.26309 21.65000 299 0.08022 2.02793 g -1
852 334.28571 69.35000 56095.26668 21.65000 299 0.07014 1.92980 g -1
769 322.06455 47.75000 56095.27027 21.65000 299 0.05486 1.83615 g -1
688 313.87167 33.35000 56095.27386 21.65000 299 0.04945 1.71747 g -1
689 321.65544 33.35000 56095.27744 21.65000 299 0.03288 1.96752 g -1
642 315.80800 26.15000 56095.28103 21.65000 299 0.02818 1.81503 g -1
802 324.38344 54.95000 56095.28462 21.65000 299 0.02785 1.69273 g -1
641 308.28240 26.15000 56095.28821 21.65000 299 0.01472 1.50117 g -1
830 326.66667 62.15000 56095.29180 21.65000 299 0.01384 1.65951 g -1
730 312.82187 40.55000 56095.29538 21.65000 299 0.01370 1.43211 g -1
868 348.00000 76.55000 56095.29897 21.65000 299 0.01281 1.88615 g -1
770 332.10164 47.75000 56095.30256 21.65000 299 0.00887 1.78615 g -1
831 340.00000 62.15000 56095.30615 21.65000 299 0.00801 1.82302 g -1
803 335.18412 54.95000 56095.30974 21.65000 299 0.00648 1.73391 g -1
867 324.00000 76.55000 56095.31332 21.65000 299 0.00530 1.59900 g -1
593 310.62655 18.95000 56095.31691 21.65000 299 0.00367 1.40524 g -1
1769 321.66015 44.15000 56095.32050 21.65000 299 0.00364 1.41484 g -1
732 329.74300 40.55000 56095.32409 21.65000 299 0.00341 1.57522 g -1
1686 314.80237 29.75000 56095.32767 21.65000 299 0.00291 1.31671 g -1
1730 321.96100 36.95000 56095.33126 21.65000 299 0.00285 1.37826 g -1
1879 332.43831 72.95000 56095.33485 21.65000 299 0.00265 1.56925 g -1
1805 322.65300 51.35000 56095.33844 21.65000 299 0.00211 1.32999 g -1
768 312.24615 47.75000 56095.34203 21.65000 299 0.00169 1.19550 g -1
687 306.08789 33.35000 56095.34561 21.65000 299 0.00135 1.12403 g -1
1861 338.77725 65.75000 56095.34920 21.65000 299 0.00129 1.53529 g -1
592 303.37673 18.95000 56095.35279 21.65000 299 0.00118 1.13610 g -1
1729 313.57950 36.95000 56095.35638 21.65000 299 0.00117 1.15118 g -1
851 317.14286 69.35000 56095.35997 21.65000 299 0.00111 1.34262 g -1
1836 330.98986 58.55000 56095.36355 21.65000 299 0.00107 1.34645 g -1
877 340.00000 83.75000 56095.36714 21.65000 299 0.00096 1.68495 g -1
640 300.75680 26.15000 56095.37073 21.65000 299 0.00090 1.04784 g -1
731 321.31160 40.55000 56095.37142 21.65000 299 0.08022 1.17149 r -1
852 334.28571 69.35000 56095.37501 21.65000 299 0.07014 1.42311 r -1
769 322.06455 47.75000 56095.37860 21.65000 299 0.05486 1.16688 r -1
688 313.87167 33.35000 56095.38219 21.65000 299 0.04945 1.08393 r -1
689 321.65544 33.35000 56095.38578 21.65000 299 0.03288 1.13316 r -1
642 315.80800 26.15000 56095.38936 21.65000 299 0.02818 1.09551 r -1
802 324.38344 54.95000 56095.39295 21.65000 299 0.02785 1.17893 r -1
641 308.28240 26.15000 56095.39654 21.65000 299 0.01472 1.04019 r -1
830 326.66667 62.15000 56095.40013 21.65000 299 0.01384 1.23297 r -1
730 312.82187 40.55000 56095.40372 21.65000 299 0.01370 1.04219 r -1
868 348.00000 76.55000 56095.40730 21.65000 299 0.01281 1.53099 r -1
770 332.10164 47.75000 56095.41089 21.65000 299 0.00887 1.15444 r -1
831 340.00000 62.15000 56095.41448 21.65000 299 0.00801 1.28683 r -1
803 335.18412 54.95000 56095.41807 21.65000 299 0.00648 1.19066 r -1
867 324.00000 76.55000 56095.42166 21.65000 299 0.00530 1.40251 r -1
593 310.62655 18.95000 56095.42524 21.65000 299 0.00367 1.04154 r -1
1769 321.66015 44.15000 56095.42883 21.65000 299 0.00364 1.05022 r -1
732 329.74300 40.55000 56095.43242 21.65000 299 0.00341 1.07227 r -1
1686 314.80237 29.75000 56095.43601 21.65000 299 0.00291 1.01050 r -1
1730 321.96100 36.95000 56095.43960 21.65000 299 0.00285 1.02420 r -1
1879 332.43831 72.95000 56095.44318 21.65000 299 0.00265 1.33461 r -1
1805 322.65300 51.35000 56095.44677 21.65000 299 0.00211 1.06605 r -1
768 312.24615 47.75000 56095.45036 21.65000 299 0.00169 1.03271 r -1
687 306.08789 33.35000 56095.45395 21.65000 299 0.00135 1.00441 r -1
1861 338.77725 65.75000 56095.45754 21.65000 299 0.00129 1.23169 r -1
592 303.37673 18.95000 56095.46112 21.65000 299 0.00118 1.05013 r -1
1729 313.57950 36.95000 56095.46471 21.65000 299 0.00117 1.00284 r -1
851 317.14286 69.35000 56095.46830 21.65000 299 0.00111 1.23676 r -1
1836 330.98986 58.55000 56095.47189 21.65000 299 0.00107 1.11735 r -1
877 340.00000 83.75000 56095.47548 21.65000 299 0.00096 1.58355 r -1
640 300.75680 26.15000 56095.47906 21.65000 299 0.00090 1.06021 r -1
