720 226.71726 40.55000 56050.14676 21.65000 299 0.00058 1.72343 g -1
677 227.58979 33.35000 56050.15035 21.65000 299 0.00053 1.81204 g -1
721 235.33407 40.55000 56050.15394 21.65000 299 0.00052 1.93545 g -1
678 235.44307 33.35000 56050.15752 21.65000 299 0.00100 2.03620 g -1
631 233.39943 26.15000 56050.16111 21.65000 299 0.00095 2.05427 g -1
418 156.80000 -2.65000 56050.16470 21.65000 299 0.00044 1.24660 g -1
322 199.28070 -17.05000 56050.16829 21.65000 299 0.00042 2.00882 g -1
722 243.95089 40.55000 56050.17188 21.65000 299 0.00045 2.02552 g -1
582 230.77318 18.95000 56050.17546 21.65000 299 0.00040 1.86899 g -1
679 243.29636 33.35000 56050.17905 21.65000 299 0.00059 2.03984 g -1
632 240.88114 26.15000 56050.18264 21.65000 299 0.00107 2.03895 g -1
583 238.04173 18.95000 56050.18623 21.65000 299 0.00150 2.02881 g -1
762 253.59800 47.75000 56050.18982 21.65000 299 0.00045 2.01096 g -1
532 236.05067 11.75000 56050.19340 21.65000 299 0.00076 2.01574 g -1
723 252.56770 40.55000 56050.19699 21.65000 299 0.00047 2.00541 g -1
680 251.14964 33.35000 56050.20058 21.65000 299 0.00052 2.04351 g -1
633 248.36286 26.15000 56050.20417 21.65000 299 0.00059 2.02388 g -1
584 245.31027 18.95000 56050.20776 21.65000 299 0.00130 2.00272 g -1
533 243.02578 11.75000 56050.21134 21.65000 299 0.00199 2.04138 g -1
763 263.37269 47.75000 56050.21493 21.65000 299 0.00049 2.03874 g -1
481 240.14244 4.55000 56050.21852 21.65000 299 0.00089 2.01248 g -1
681 259.00293 33.35000 56050.22211 21.65000 299 0.00076 2.04722 g -1
585 252.57882 18.95000 56050.22570 21.65000 299 0.00091 2.04340 g -1
634 255.84457 26.15000 56050.22928 21.65000 299 0.00082 1.94700 g -1
534 250.00089 11.75000 56050.23287 21.65000 299 0.00084 2.00009 g -1
482 246.98422 4.55000 56050.23646 21.65000 299 0.00097 2.03043 g -1
430 241.88000 -2.65000 56050.24005 21.65000 299 0.00064 2.00109 g -1
635 263.32629 26.15000 56050.24364 21.65000 299 0.00110 2.06016 g -1
586 259.84737 18.95000 56050.24722 21.65000 299 0.00132 2.01688 g -1
535 256.97600 11.75000 56050.25081 21.65000 299 0.00112 2.02524 g -1
483 253.82600 4.55000 56050.25440 21.65000 299 0.00075 2.04877 g -1
682 266.85621 33.35000 56050.25799 21.65000 299 0.00069 1.82629 g -1
431 248.97000 -2.65000 56050.26158 21.65000 299 0.00068 1.97053 g -1
587 267.11592 18.95000 56050.26516 21.65000 299 0.00072 2.05825 g -1
724 261.18452 40.55000 56050.26875 21.65000 299 0.00062 1.47876 g -1
367 160.43650 -9.85000 56050.27234 21.65000 299 0.00056 1.94050 g -1
725 269.80133 40.55000 56050.27593 21.65000 299 0.00045 1.62101 g -1
323 206.31139 -17.05000 56050.27952 21.65000 299 0.00044 1.57157 g -1
324 213.34209 -17.05000 56050.28310 21.65000 299 0.00043 1.58539 g -1
536 263.95111 11.75000 56050.28669 21.65000 299 0.00042 1.76347 g -1
375 216.99383 -9.85000 56050.29028 21.65000 299 0.00042 1.38831 g -1
325 220.37278 -17.05000 56050.29387 21.65000 299 0.00040 1.60160 g -1
376 224.06350 -9.85000 56050.29746 21.65000 299 0.00040 1.41046 g -1
373 202.85450 -9.85000 56050.30104 21.65000 299 0.00039 1.39781 g -1
374 209.92417 -9.85000 56050.30463 21.65000 299 0.00039 1.37773 g -1
759 224.27392 47.75000 56050.30822 21.65000 299 0.00039 1.03910 g -1
378 238.20283 -9.85000 56050.31181 21.65000 299 0.00039 1.48863 g -1
427 220.61000 -2.65000 56050.31540 21.65000 299 0.00038 1.23823 g -1
636 270.80800 26.15000 56050.31898 21.65000 299 0.00038 1.40745 g -1
273 206.82086 -24.25000 56050.32257 21.65000 299 0.00038 1.95091 g -1
797 268.89602 54.95000 56050.32616 21.65000 299 0.00037 1.28445 g -1
796 257.79854 54.95000 56050.32975 21.65000 299 0.00037 1.18206 g -1
326 227.40348 -17.05000 56050.33334 21.65000 299 0.00036 1.57303 g -1
480 233.30067 4.55000 56050.33692 21.65000 299 0.00036 1.15082 g -1
428 227.70000 -2.65000 56050.34051 21.65000 299 0.00035 1.23698 g -1
425 206.43000 -2.65000 56050.34410 21.65000 299 0.00035 1.33819 g -1
377 231.13317 -9.85000 56050.34769 21.65000 299 0.00034 1.37340 g -1
761 243.82331 47.75000 56050.35127 21.65000 299 0.00034 1.04708 g -1
764 273.14738 47.75000 56050.35486 21.65000 299 0.00034 1.20085 g -1
429 234.79000 -2.65000 56050.35845 21.65000 299 0.00034 1.23707 g -1
426 213.52000 -2.65000 56050.36204 21.65000 299 0.00033 1.33220 g -1
826 273.33333 62.15000 56050.36563 21.65000 299 0.00033 1.25317 g -1
865 276.00000 76.55000 56050.36921 21.65000 299 0.00033 1.45462 g -1
479 226.45889 4.55000 56050.37280 21.65000 299 0.00033 1.16760 g -1
758 214.49923 47.75000 56050.37639 21.65000 299 0.00032 1.09489 g -1
760 234.04862 47.75000 56050.37998 21.65000 299 0.00032 1.03728 g -1
478 219.61711 4.55000 56050.38357 21.65000 299 0.00031 1.23617 g -1
849 282.85714 69.35000 56050.38715 21.65000 299 0.00031 1.34326 g -1
848 265.71429 69.35000 56050.39074 21.65000 299 0.00031 1.26421 g -1
825 260.00000 62.15000 56050.39433 21.65000 299 0.00031 1.15463 g -1
876 300.00000 83.75000 56050.39792 21.65000 299 0.00030 1.65869 g -1
531 229.07556 11.75000 56050.40151 21.65000 299 0.00029 1.13710 g -1
719 218.10044 40.55000 56050.40509 21.65000 299 0.00029 1.11961 g -1
475 199.09178 4.55000 56050.40868 21.65000 299 0.00029 1.82632 g -1
476 205.93356 4.55000 56050.41227 21.65000 299 0.00028 1.64139 g -1
630 225.91771 26.15000 56050.41586 21.65000 299 0.00028 1.10968 g -1
477 212.77533 4.55000 56050.41945 21.65000 299 0.00028 1.53145 g -1
795 246.70105 54.95000 56050.42303 21.65000 299 0.00028 1.08439 g -1
379 245.27250 -9.85000 56050.42662 21.65000 299 0.00027 1.41344 g -1
792 213.41224 54.95000 56050.43021 21.65000 299 0.00027 1.27832 g -1
530 222.10044 11.75000 56050.43380 21.65000 299 0.00026 1.33477 g -1
798 279.99351 54.95000 56050.43739 21.65000 299 0.00025 1.10259 g -1
529 215.12533 11.75000 56050.44097 21.65000 299 0.00025 1.52627 g -1
793 224.50609 54.95000 56050.44456 21.65000 299 0.00024 1.22531 g -1
864 252.00000 76.55000 56050.44815 21.65000 299 0.00024 1.38257 g -1
676 219.73650 33.35000 56050.45174 21.65000 299 0.00023 1.29473 g -1
824 246.66667 62.15000 56050.45533 21.65000 299 0.00023 1.17930 g -1
794 235.60357 54.95000 56050.45891 21.65000 299 0.00023 1.18190 g -1
875 260.00000 83.75000 56050.46250 21.65000 299 0.00023 1.57288 g -1
581 223.50463 18.95000 56050.46609 21.65000 299 0.00023 1.43628 g -1
791 202.40112 54.95000 56050.46968 21.65000 299 0.00022 1.65932 g -1
847 248.57143 69.35000 56050.47327 21.65000 299 0.00022 1.28549 g -1
580 216.23608 18.95000 56050.47685 21.65000 299 0.00022 1.75124 g -1
823 233.33333 62.15000 56050.48044 21.65000 299 0.00020 1.30747 g -1
629 218.43600 26.15000 56050.48403 21.65000 299 0.00019 1.63840 g -1
757 204.72454 47.75000 56050.48762 21.65000 299 0.00019 1.82985 g -1
863 228.00000 76.55000 56050.49121 21.65000 299 0.00019 1.53885 g -1
846 231.42857 69.35000 56050.49479 21.65000 299 0.00018 1.43315 g -1
