841 145.71429 69.42000 56054.14934 21.65000 299 0.00105 1.25457 g -1
750 138.40169 47.75000 56054.15293 21.65000 299 0.00104 1.09134 g -1
840 128.57143 69.35000 56054.15652 21.65000 299 0.00100 1.32778 g -1
710 140.54911 40.55000 56054.16010 21.65000 299 0.00098 1.07441 g -1
842 162.85714 69.35000 56054.16369 21.65000 299 0.00098 1.23630 g -1
819 180.00000 62.15000 56054.16728 21.65000 299 0.00097 1.15048 g -1
859 132.00000 76.55000 56054.17087 21.65000 299 0.00095 1.45157 g -1
790 191.39000 54.95000 56054.17446 21.65000 299 0.00090 1.11021 g -1
711 149.16593 40.55000 56054.17804 21.65000 299 0.00084 1.06325 g -1
843 180.00000 69.35000 56054.18163 21.65000 299 0.00078 1.23758 g -1
789 180.37888 54.95000 56054.18522 21.65000 299 0.00074 1.07736 g -1
755 185.52515 47.75000 56054.18881 21.65000 299 0.00074 1.03978 g -1
818 166.66667 62.15000 56054.19240 21.65000 299 0.00073 1.14973 g -1
817 153.33333 62.15000 56054.19598 21.65000 299 0.00071 1.19249 g -1
860 156.00000 76.55000 56054.19957 21.65000 299 0.00070 1.40310 g -1
756 194.94985 47.75000 56054.20316 21.65000 299 0.00067 1.04863 g -1
716 192.25000 40.55000 56054.20675 21.65000 299 0.00066 1.01652 g -1
666 141.20364 33.35000 56054.21034 21.65000 299 0.00064 1.22970 g -1
820 193.33333 62.15000 56054.21392 21.65000 299 0.00061 1.14518 g -1
788 169.45049 54.95000 56054.21751 21.65000 299 0.00059 1.10058 g -1
480 233.30067 4.55000 56054.22110 21.65000 299 0.00059 1.58941 g -1
482 246.98422 4.55000 56054.22469 21.65000 299 0.00061 2.04608 g -1
668 156.91021 33.35000 56054.22828 21.65000 299 0.00059 1.13282 g -1
667 149.05693 33.35000 56054.23186 21.65000 299 0.00058 1.22874 g -1
534 250.00089 11.75000 56054.23545 21.65000 299 0.00056 1.78658 g -1
535 256.97600 11.75000 56054.23904 21.65000 299 0.00058 2.04130 g -1
483 253.82600 4.55000 56054.24263 21.65000 299 0.00082 2.06477 g -1
431 248.97000 -2.65000 56054.24622 21.65000 299 0.00103 2.04364 g -1
680 251.14964 33.35000 56054.24980 21.65000 299 0.00055 1.37973 g -1
822 220.00000 62.15000 56054.25339 21.65000 299 0.00055 1.17279 g -1
476 205.93356 4.55000 56054.25698 21.65000 299 0.00055 1.14600 g -1
758 214.49923 47.75000 56054.26057 21.65000 299 0.00054 1.04582 g -1
532 236.05067 11.75000 56054.26416 21.65000 299 0.00054 1.24754 g -1
432 256.06000 -2.65000 56054.26774 21.65000 299 0.00087 2.01136 g -1
429 234.79000 -2.65000 56054.27133 21.65000 299 0.00055 1.41553 g -1
633 248.36286 26.15000 56054.27492 21.65000 299 0.00054 1.23595 g -1
484 260.66778 4.55000 56054.27851 21.65000 299 0.00054 1.79509 g -1
586 259.84737 18.95000 56054.28210 21.65000 299 0.00054 1.45232 g -1
792 213.41224 54.95000 56054.28568 21.65000 299 0.00053 1.07540 g -1
634 255.84457 26.15000 56054.28927 21.65000 299 0.00053 1.26746 g -1
585 252.57882 18.95000 56054.29286 21.65000 299 0.00053 1.25696 g -1
846 231.42857 69.35000 56054.29645 21.65000 299 0.00053 1.25314 g -1
425 206.43000 -2.65000 56054.30003 21.65000 299 0.00053 1.25722 g -1
584 245.31027 18.95000 56054.30362 21.65000 299 0.00052 1.13729 g -1
719 218.10044 40.55000 56054.30721 21.65000 299 0.00052 1.00792 g -1
481 240.14244 4.55000 56054.31080 21.65000 299 0.00052 1.20914 g -1
681 259.00293 33.35000 56054.31439 21.65000 299 0.00052 1.16611 g -1
787 158.52573 54.95000 56054.31797 21.65000 299 0.00052 1.52177 g -1
793 224.50609 54.95000 56054.32156 21.65000 299 0.00052 1.07511 g -1
428 227.70000 -2.65000 56054.32515 21.65000 299 0.00052 1.23780 g -1
753 166.67577 47.75000 56054.32874 21.65000 299 0.00052 1.45739 g -1
583 238.04173 18.95000 56054.33233 21.65000 299 0.00051 1.04521 g -1
533 243.02578 11.75000 56054.33591 21.65000 299 0.00051 1.10281 g -1
679 243.29636 33.35000 56054.33950 21.65000 299 0.00051 1.01681 g -1
759 224.27392 47.75000 56054.34309 21.65000 299 0.00051 1.03780 g -1
675 211.88321 33.35000 56054.34668 21.65000 299 0.00050 1.05103 g -1
676 219.73650 33.35000 56054.35027 21.65000 299 0.00050 1.02417 g -1
528 208.15022 11.75000 56054.35385 21.65000 299 0.00050 1.19771 g -1
632 240.88114 26.15000 56054.35744 21.65000 299 0.00050 1.00956 g -1
720 226.71726 40.55000 56054.36103 21.65000 299 0.00050 1.02179 g -1
723 252.56770 40.55000 56054.36462 21.65000 299 0.00050 1.02387 g -1
635 263.32629 26.15000 56054.36821 21.65000 299 0.00049 1.06763 g -1
677 227.58979 33.35000 56054.37179 21.65000 299 0.00049 1.02392 g -1
381 259.41183 -9.85000 56054.37538 21.65000 299 0.00048 1.43266 g -1
718 209.48363 40.55000 56054.37897 21.65000 299 0.00048 1.14439 g -1
715 183.63319 40.55000 56054.38256 21.65000 299 0.00048 1.54183 g -1
864 252.00000 76.55000 56054.38615 21.65000 299 0.00048 1.37209 g -1
477 212.77533 4.55000 56054.38973 21.65000 299 0.00048 1.39730 g -1
531 229.07556 11.75000 56054.39332 21.65000 299 0.00048 1.14356 g -1
673 196.17664 33.35000 56054.39691 21.65000 299 0.00048 1.43057 g -1
580 216.23608 18.95000 56054.40050 21.65000 299 0.00048 1.23029 g -1
754 176.10046 47.75000 56054.40409 21.65000 299 0.00048 1.90930 g -1
823 233.33333 62.15000 56054.40767 21.65000 299 0.00047 1.17938 g -1
579 208.96753 18.95000 56054.41126 21.65000 299 0.00047 1.40892 g -1
863 228.00000 76.55000 56054.41485 21.65000 299 0.00047 1.42206 g -1
479 226.45889 4.55000 56054.41844 21.65000 299 0.00047 1.34577 g -1
678 235.44307 33.35000 56054.42203 21.65000 299 0.00047 1.07084 g -1
527 201.02511 11.75000 56054.42561 21.65000 299 0.00047 1.96059 g -1
629 218.43600 26.15000 56054.42920 21.65000 299 0.00047 1.29068 g -1
722 243.95089 40.55000 56054.43279 21.65000 299 0.00047 1.05060 g -1
578 201.71129 18.95000 56054.43638 21.65000 299 0.00047 1.90830 g -1
628 210.95429 26.15000 56054.43997 21.65000 299 0.00047 1.51446 g -1
724 261.18452 40.55000 56054.44355 21.65000 299 0.00046 1.01301 g -1
536 263.95111 11.75000 56054.44714 21.65000 299 0.00046 1.08031 g -1
845 214.28571 69.35000 56054.45073 21.65000 299 0.00046 1.47850 g -1
529 215.12533 11.75000 56054.45432 21.65000 299 0.00046 1.79920 g -1
631 233.39943 26.15000 56054.45791 21.65000 299 0.00046 1.22636 g -1
587 267.11592 18.95000 56054.46149 21.65000 299 0.00045 1.04015 g -1
582 230.77318 18.95000 56054.46508 21.65000 299 0.00045 1.36316 g -1
630 225.91771 26.15000 56054.46867 21.65000 299 0.00045 1.41067 g -1
433 263.15000 -2.65000 56054.47226 21.65000 299 0.00044 1.28470 g -1
581 223.50463 18.95000 56054.47585 21.65000 299 0.00044 1.62774 g -1
682 266.85621 33.35000 56054.47943 21.65000 299 0.00044 1.02262 g -1
721 235.33407 40.55000 56054.48302 21.65000 299 0.00044 1.26910 g -1
757 204.72454 47.75000 56054.48661 21.65000 299 0.00043 1.95226 g -1
762 253.59800 47.75000 56054.49020 21.65000 299 0.00043 1.12967 g -1
763 263.37269 47.75000 56054.49378 21.65000 299 0.00042 1.08296 g -1
