0.0000000000 1.2878952321e-02 47.8397377770
0.0035879630 2.5418804077e-02 94.8926377617
0.0071759259 3.5855705059e-02 142.6799196859
0.0107638889 4.5163274156e-02 190.2573781988
0.0143518519 5.4294564502e-02 237.4151898891
0.0179398148 6.0106314584e-02 284.4680898738
0.0215277778 6.5795750975e-02 331.6783574169
0.0251157408 7.0538871249e-02 358.7980333278
0.0287037037 8.5112719869e-02 404.9591838144
0.0322916667 1.1374611389e-01 432.0788597253
0.0358796296 1.1817692232e-01 479.1317597099
0.0394675926 1.2142781733e-01 526.4469389587
0.0430555556 1.2633526088e-01 574.6014118527
0.0466435185 1.2931546437e-01 621.6543118373
0.0502314815 1.3212162171e-01 667.8154623240
0.0538194445 1.3466051095e-01 715.0257298671
0.0574074074 1.3696785052e-01 762.8130117913
0.0609953704 1.3895928373e-01 809.3938091005
0.0645833334 1.4085331968e-01 855.7123271456
0.0681712963 1.4191725374e-01 902.8176829831
0.0717592593 1.4317520286e-01 907.3288863261
0.0753472223 1.4422406050e-01 910.3713257900
0.0789351852 1.4514956164e-01 957.2144023633
0.0825231482 1.4592133752e-01 959.3650923292
0.0861111112 1.4667187031e-01 1007.5720210760
0.1112268519 1.6449650631e-01 1046.3368963142
0.1363425927 1.7741012537e-01 1075.1351595155
0.1399305556 1.7926826938e-01 1100.8909832529
0.1435185186 1.8582616403e-01 1127.6959240469
0.1614583334 1.8917921015e-01 1175.1684708541
0.1758101853 2.0095527412e-01 1210.2614363945
0.1793981482 2.1217667957e-01 1257.5766156433
0.1829861112 2.1632832614e-01 1304.8917948921
0.1865740742 2.3268337555e-01 1345.1254340094
0.1901620371 2.3487076853e-01 1351.9971507295
0.1937500001 2.3746667901e-01 1399.7844326537
0.1973379631 2.5573556127e-01 1442.7457761180
0.2009259260 2.7447344517e-01 1489.9560436611
0.2045138890 2.8839050877e-01 1537.7433255853
0.2081018520 3.2828068262e-01 1581.5964185476
0.2116898149 3.6270083720e-01 1629.1738770605
0.2152777779 4.2894067299e-01 1676.4890563093
0.2188657409 4.6221952615e-01 1721.7584572979
0.2224537038 5.3443490209e-01 1768.7064455769
0.2260416668 5.8451231636e-01 1815.2872428861
0.2296296298 6.2423612563e-01 1862.3401428708
0.2332175927 6.5633864851e-01 1909.2356752969
0.2368055557 6.7987400332e-01 1956.4459428401
0.2403935187 6.9836831841e-01 2002.0300789456
0.2439814816 7.1635609841e-01 2049.7649050170
0.2475694446 7.3372488485e-01 2095.4014969753
0.2511574075 7.4009604906e-01 2140.6184421111
0.2547453705 7.4711842861e-01 2188.4057240353
0.2583333335 7.5323321447e-01 2233.5702133182
0.2619212964 7.5849674408e-01 2277.4233062805
0.2655092594 7.6328618039e-01 2324.4762062652
0.2690972224 7.6748437925e-01 2370.6898126046
0.2726851853 7.7054005744e-01 2407.6187329939
0.2762731483 7.7427653478e-01 2452.7832222768
0.2798611113 7.7782619181e-01 2498.4722700880
0.2834490742 7.8123387057e-01 2541.5909811107
0.2870370372 7.8421816806e-01 2544.1088620463
0.2906250002 7.8717334828e-01 2546.2070961594
0.2942129631 7.8987299626e-01 2548.8298888007
0.2978009261 7.9257315282e-01 2594.7287600231
0.3013888891 7.9524900857e-01 2641.7816600078
0.3049768520 7.9777458087e-01 2644.0372616793
0.3085648150 8.0008916939e-01 2682.4874018005
0.3121527780 8.0213776275e-01 2684.8479151777
0.3157407409 8.0448849295e-01 2732.1106385737
0.3193287039 8.0679015301e-01 2777.6947746792
0.3229166668 8.0831215433e-01 2779.7930087922
0.3265046298 8.0977766044e-01 2782.1535221694
0.3300925928 8.1109669602e-01 2786.4024462482
0.3336805557 8.1239509691e-01 2834.1372723196
0.3372685187 8.1429123897e-01 2850.2412191371
0.3408564817 8.1546007151e-01 2852.1820856917
0.3444444446 8.1568637200e-01 2885.3866405303
0.3480324076 8.1666475231e-01 2932.7018197791
0.3516203706 8.1745772509e-01 2934.5902304808
0.3552083335 8.1833115928e-01 2936.7409204467
0.3587962965 8.1918642345e-01 2939.3637130880
0.3623842595 8.2038229915e-01 2954.9955572300
0.3659722224 8.2130840053e-01 3000.2125023658
0.3695601854 8.2206780907e-01 3002.2058247732
0.3731481484 8.2282348153e-01 3004.3040588862
0.3738425928 8.2282348153e-01 3004.3040588862
0.3774305558 8.2282348153e-01 3004.3040588862
0.3810185187 8.2282348153e-01 3004.3040588862
0.3846064817 8.2282348153e-01 3004.3040588862
0.3881944447 8.2282348153e-01 3004.3040588862
0.3917824076 8.2282348153e-01 3004.3040588862
0.3953703706 8.2282348153e-01 3004.3040588862
0.3989583336 8.2282348153e-01 3004.3040588862
0.4025462965 8.2282348153e-01 3004.3040588862
0.4061342595 8.2282348153e-01 3004.3040588862
0.4097222225 8.2282348153e-01 3004.3040588862
0.9548239230 8.2282348153e-01 3004.3040588862
0.9584118860 8.2282348153e-01 3004.3040588862
0.9619998490 8.2282348153e-01 3004.3040588862
0.9655878119 8.2282348153e-01 3004.3040588862
0.9691757749 8.2282348153e-01 3004.3040588862
0.9727637379 8.2282348153e-01 3004.3040588862
0.9763517008 8.2282348153e-01 3004.3040588862
0.9799396638 8.2282348153e-01 3004.3040588862
0.9835276268 8.2282348153e-01 3004.3040588862
0.9871155897 8.2282348153e-01 3004.3040588862
0.9907035527 8.2282348153e-01 3004.3040588862
0.9942915157 8.2282348153e-01 3004.3040588862
0.9978794786 8.2282348153e-01 3004.3040588862
