0.0000000000 2.6559238756e-02 47.8397377770
0.0035879630 4.9405951925e-02 94.9975494673
0.0071759259 6.8844007317e-02 141.5258909237
0.0107638889 7.9366584388e-02 188.7886143197
0.0143518519 8.9094500825e-02 236.1037935685
0.0179398148 9.9069591017e-02 283.3665169644
0.0215277778 1.0718625408e-01 330.4194169491
0.0251157408 1.1423482961e-01 377.4723169337
0.0287037037 1.2055212167e-01 423.7908349788
0.0322916667 1.2476904541e-01 470.8437349635
0.0358796296 1.2895687768e-01 517.8966349481
0.0394675926 1.7472125120e-01 565.1593583441
0.0430555556 1.7818341634e-01 612.2122583287
0.0466435185 1.8150285429e-01 658.1635854040
0.0502314815 1.8422032880e-01 705.7410439169
0.0538194445 1.8667543443e-01 752.7939439016
0.0574074074 1.8839207088e-01 799.7943880334
0.0609953704 1.9007355766e-01 846.7423763124
0.0645833334 1.9157264922e-01 893.0084385047
0.0681712963 2.0510387100e-01 907.8009890015
0.0717592593 2.0660276764e-01 911.0532518767
0.0753472223 2.0779008572e-01 957.2668582162
0.0789351852 2.0904344912e-01 1004.8967725819
0.8247414251 2.0939827439e-01 1052.6840545061
0.8390932770 2.1021636046e-01 1099.5271310795
0.8534451288 2.1127288282e-01 1147.1045895924
0.8606210548 2.1180904858e-01 1193.2132842262
0.9000886474 2.1222238358e-01 1196.4130912485
0.9108525363 2.1337699410e-01 1244.2003731727
0.9144404992 2.1496184397e-01 1291.9876550969
0.9180284622 2.1536933602e-01 1295.6595647947
0.9216164252 2.2096385629e-01 1342.3452738096
0.9252043881 2.2126606725e-01 1344.7582430396
0.9287923511 2.2603583170e-01 1391.9685105827
0.9323803141 2.3433221391e-01 1439.0214105674
0.9359682770 2.3482808416e-01 1442.5884085595
0.9395562400 2.3925831584e-01 1458.4825319657
0.9431442030 2.3962975113e-01 1460.5283102259
0.9467321659 2.4076204766e-01 1464.3575874822
0.9503201289 2.4164269389e-01 1510.8334730858
0.9539080918 2.4202417288e-01 1513.0366189044
0.9574960548 2.4740879609e-01 1547.3952025053
0.9610840178 2.5113668646e-01 1572.1543650390
0.9646719807 2.5142666574e-01 1575.5639954727
0.9682599437 2.5226233399e-01 1591.5630305845
0.9718479067 2.5324266777e-01 1607.1948747266
0.9754358696 2.5351344732e-01 1610.3946817489
0.9861997585 2.5355852821e-01 1644.6483536441
0.9868942030 2.5355852821e-01 1644.6483536441
0.9904821659 2.5355852821e-01 1644.6483536441
0.9940701289 2.5355852821e-01 1644.6483536441
0.9976580919 2.5355852821e-01 1644.6483536441
