0.6402373451 1.2435542586e-02 47.0528999847
0.6438253080 4.2524414039e-02 95.2073728786
0.6510012340 6.5093341615e-02 142.9421989500
0.6545891969 6.8569131004e-02 190.6770250214
0.6581771599 7.5807203379e-02 237.6250133004
0.6617651229 8.3663388327e-02 285.4647510774
0.6653530858 9.6036149089e-02 333.3044888545
0.6689410488 1.0267032060e-01 381.1966824843
0.6725290118 1.0629239792e-01 428.0397590577
0.6761169747 1.0971055041e-01 474.9877473367
0.6797049377 1.1465501299e-01 522.6176617024
0.6940567896 1.1816409878e-01 568.4640770721
0.6976447525 1.2125345935e-01 615.6218887624
0.7407003081 1.4109115040e-01 663.4616265394
0.7478762340 1.7207985150e-01 710.8292616410
0.7514641970 2.6030988671e-01 731.9165144770
0.7586401229 3.3801058693e-01 778.6022234918
0.7622280859 5.5590021374e-01 812.1739693003
0.7658160488 5.9726405380e-01 821.6160228089
0.7765799377 6.0210400826e-01 860.4333538999
0.7772743822 6.0210400826e-01 860.4333538999
0.7808623452 6.0210400826e-01 860.4333538999
0.7844503081 6.0210400826e-01 860.4333538999
0.7880382711 6.0210400826e-01 860.4333538999
0.7916262341 6.0210400826e-01 860.4333538999
0.7952141970 6.0210400826e-01 860.4333538999
0.7988021600 6.0210400826e-01 860.4333538999
0.8023901229 6.0210400826e-01 860.4333538999
0.8059780859 6.0210400826e-01 860.4333538999
0.8095660489 6.0210400826e-01 860.4333538999
0.8131540118 6.0210400826e-01 860.4333538999
0.8167419748 6.0210400826e-01 860.4333538999
0.8203299378 6.0210400826e-01 860.4333538999
0.8239179007 6.0210400826e-01 860.4333538999
0.8275058637 6.0210400826e-01 860.4333538999
0.8310938267 6.0210400826e-01 860.4333538999
0.8346817896 6.0210400826e-01 860.4333538999
0.8382697526 6.0210400826e-01 860.4333538999
0.8418577156 6.0210400826e-01 860.4333538999
0.8454456785 6.0210400826e-01 860.4333538999
