0.5142439881 1.0333277294e-02 47.0528999847
0.5178319510 1.7410562120e-02 94.1057999693
0.5214199140 2.8134916009e-02 141.9455377463
0.5250078770 5.0762063158e-02 189.7328196705
0.5285958399 5.4918121011e-02 236.9430872137
0.5321838029 5.9108733758e-02 284.2058106096
0.5357717659 6.3471145341e-02 332.3602835036
0.5393597288 6.6244972044e-02 373.9053189416
0.5429476918 6.8772798025e-02 421.6926008658
0.5465356548 7.0651961202e-02 448.8647326295
0.5501236177 7.2343057875e-02 496.0750001726
0.5537115807 7.4686546397e-02 534.8923312636
0.5572995436 7.6602314844e-02 573.7621182075
0.5608875066 1.1128580439e-01 620.8674740450
0.5644754696 1.1292413448e-01 647.7248706917
0.5680634325 1.1463161745e-01 689.1649944240
0.5716513955 1.2057253584e-01 702.3838693361
0.5752393585 1.2240613682e-01 729.6609128055
0.5788273214 1.2856186922e-01 765.7505395495
0.5824152844 1.5110419238e-01 812.3837927116
0.5860032474 1.5224134351e-01 859.2793251378
0.5895912103 1.5336628304e-01 906.8043277978
0.5931791733 1.5530650881e-01 953.8572277825
0.5967671363 1.5630788390e-01 1001.2248628841
0.6003550992 1.6364554819e-01 1026.1938488291
0.6039430622 1.6492522235e-01 1072.9844695497
0.6075310252 1.6578980969e-01 1099.8943220492
0.6111189881 1.6664675757e-01 1146.1079283887
0.6147069511 1.6721385194e-01 1184.9777153325
0.6182949140 1.6808919128e-01 1227.8866029439
0.6218828770 1.6948193160e-01 1243.4659912332
0.6254708400 1.9198422394e-01 1290.7287146291
0.6290588029 1.9254217587e-01 1332.2737500671
0.6326467659 1.9314856485e-01 1375.3400052370
0.6362347289 1.9897136448e-01 1422.3929052216
0.6398226918 1.9968062454e-01 1425.0681537157
0.6434106548 2.0032239065e-01 1432.7791640811
0.6469986178 2.0497226926e-01 1479.0976821262
0.6505865807 2.0660607355e-01 1506.0599904786
0.6541745437 2.0758003383e-01 1554.1095516670
0.6577625067 2.0818479160e-01 1600.0608787423
0.6613504696 2.0877932266e-01 1626.7609078305
0.6649384326 2.0936401846e-01 1672.8696024643
0.6685263956 2.1136969151e-01 1719.1881205094
0.6721143585 2.1192952499e-01 1765.9262853771
0.6757023215 2.1440064399e-01 1812.9791853618
0.6792902845 2.1496883268e-01 1860.3992763162
0.6828782474 2.1577226907e-01 1908.1865582404
0.6864662104 2.2003772498e-01 1930.5327515442
0.6900541733 2.2174915361e-01 1944.3286408373
0.6936421363 2.2257019662e-01 1990.5947030296
0.6972300993 2.2357531836e-01 2037.7525147199
0.7008180622 2.2425092859e-01 2085.5922524969
0.7044060252 2.2495087379e-01 2133.0123434514
0.7079939882 2.2563433778e-01 2136.7891648548
0.7115819511 2.2616613992e-01 2184.0518882508
0.7151699141 2.2681904133e-01 2230.2654945902
0.7187578771 2.2832878573e-01 2276.8987477522
0.7223458400 2.3085778662e-01 2316.0308139602
0.7259338030 2.3149747429e-01 2363.3459932090
0.7295217660 2.3232895382e-01 2409.6120554013
0.7331097289 2.3778266150e-01 2451.1570908392
0.7366976919 2.3851338297e-01 2498.5247259408
0.7402856549 2.4648904605e-01 2541.5385252579
0.7438736178 2.4874599676e-01 2588.6963369482
0.7474615808 2.5615062121e-01 2631.7625921181
0.7510495438 2.6022308645e-01 2678.0286543104
0.7546375067 2.6197896196e-01 2725.8159362346
0.7582254697 2.6402209828e-01 2731.7959034567
0.7618134326 2.7327692166e-01 2776.8030251811
0.7654013956 2.9424956302e-01 2820.4987505850
0.7689893586 3.0048350629e-01 2866.8172686300
0.7725773215 3.0115969000e-01 2912.9784191167
0.7761652845 3.1468797552e-01 2952.6874997057
0.7797532475 3.2079839368e-01 2994.2849909965
0.7833412104 3.2236588668e-01 2998.7961943395
0.7869291734 3.2298725440e-01 3045.6917267657
0.7905171364 3.3916885841e-01 3086.6597478225
0.7941050993 3.4026431002e-01 3133.2405451318
0.7976930623 3.4072014163e-01 3180.8704594975
0.8012810253 3.4152015920e-01 3189.7879544779
0.8048689882 3.4556111272e-01 3228.5003738632
0.8084569512 3.4594727923e-01 3275.5532738479
0.8120449142 3.4622406501e-01 3314.3706049389
0.8156328771 3.4660125531e-01 3361.9480634518
0.8192208401 3.4696727866e-01 3407.6895671158
0.8228088031 3.4734071685e-01 3455.5293048929
0.8263967660 3.4770903105e-01 3502.8444841416
0.8299847290 3.4805686191e-01 3549.8973841263
0.8335726919 3.4837635071e-01 3593.7504770886
0.8371606549 3.4870269219e-01 3635.2430566737
0.8407486179 3.4960693940e-01 3639.8067158695
0.8443365808 3.4992694218e-01 3687.0169834127
0.8479245438 3.5024258092e-01 3730.0832385826
0.8515125068 3.5055604853e-01 3777.8180646539
0.8551004697 3.5086094533e-01 3823.0874656425
0.8586884327 3.5116787742e-01 3870.2977331856
0.8622763957 3.5151700861e-01 3918.0325592570
0.8658643586 3.5182071794e-01 3959.9447856648
0.8694523216 3.5211763145e-01 4006.5255829740
0.8730402846 3.5240798079e-01 4053.8407622228
0.8766282475 3.5267599322e-01 4101.2608531772
0.8802162105 3.5294397275e-01 4149.1530468071
0.8838041735 3.5320327446e-01 4194.7896387654
0.8873921364 3.5346275523e-01 4233.4496022980
0.8909800994 3.5372167764e-01 4281.6040751919
0.8945680624 3.5397454860e-01 4327.3980347088
0.8981560253 3.5422447491e-01 4329.3389012633
0.9017439883 3.5446650798e-01 4376.9163597762
0.9053319512 3.5470452261e-01 4424.4938182891
0.9089199142 3.5494174936e-01 4472.0712768021
0.9125078772 3.5517822235e-01 4518.9668092282
0.9160958401 3.5540048298e-01 4562.1904319566
0.9167902846 3.5540048298e-01 4562.1904319566
0.9203782476 3.5540048298e-01 4562.1904319566
0.9239662105 3.5540048298e-01 4562.1904319566
0.9275541735 3.5540048298e-01 4562.1904319566
0.9311421364 3.5540048298e-01 4562.1904319566
0.9347300994 3.5540048298e-01 4562.1904319566
0.9383180624 3.5540048298e-01 4562.1904319566
0.9419060253 3.5540048298e-01 4562.1904319566
0.9454939883 3.5540048298e-01 4562.1904319566
0.9490819513 3.5540048298e-01 4562.1904319566
0.9526699142 3.5540048298e-01 4562.1904319566
0.9562578772 3.5540048298e-01 4562.1904319566
0.9598458402 3.5540048298e-01 4562.1904319566
0.9634338031 3.5540048298e-01 4562.1904319566
0.9670217661 3.5540048298e-01 4562.1904319566
0.9706097291 3.5540048298e-01 4562.1904319566
0.9741976920 3.5540048298e-01 4562.1904319566
0.9777856550 3.5540048298e-01 4562.1904319566
0.9813736180 3.5540048298e-01 4562.1904319566
0.9849615809 3.5540048298e-01 4562.1904319566
0.9885495439 3.5540048298e-01 4562.1904319566
