862 204.00000 76.55000 56145.15505 21.65000 299 0.01158 1.51509 g -1
873 180.00000 83.75000 56145.15864 21.65000 299 0.01013 1.75451 g -1
874 220.00000 83.75000 56145.16223 21.65000 299 0.00596 1.61339 g -1
869 20.00000 83.75000 56145.16581 21.65000 299 0.00324 2.00692 g -1
868 348.00000 76.55000 56145.16940 21.65000 299 0.00316 1.85661 g -1
863 228.00000 76.55000 56145.17299 21.65000 299 0.00271 1.43086 g -1
879 170.00000 88.00000 56145.17658 21.65000 299 0.00204 1.82242 g -1
877 340.00000 83.75000 56145.18017 21.65000 299 0.00193 1.76347 g -1
845 214.28571 69.35000 56145.18375 21.65000 299 0.00179 1.42068 g -1
875 260.00000 83.75000 56145.18734 21.65000 299 0.00168 1.56966 g -1
878 10.00000 88.00000 56145.19093 21.65000 299 0.00158 1.84205 g -1
853 351.42857 69.35000 56145.19452 21.65000 299 0.00149 1.82131 g -1
861 180.00000 76.55000 56145.19811 21.65000 299 0.00136 1.86387 g -1
854 12.00000 76.55000 56145.20169 21.65000 299 0.00832 2.01284 g -1
876 300.00000 83.75000 56145.20528 21.65000 299 0.00116 1.59539 g -1
867 324.00000 76.55000 56145.20887 21.65000 299 0.00098 1.52015 g -1
833 8.57143 69.35000 56145.21246 21.65000 299 0.00415 2.02345 g -1
866 300.00000 76.55000 56145.21604 21.65000 299 0.00096 1.40446 g -1
864 252.00000 76.55000 56145.21963 21.65000 299 0.00077 1.40778 g -1
865 276.00000 76.55000 56145.22322 21.65000 299 0.00075 1.37236 g -1
767 302.47146 47.75000 56145.22681 21.65000 299 0.00074 1.08082 g -1
1894 90.00000 88.50000 56145.23040 21.65000 299 0.00072 1.89416 g -1
768 312.24615 47.75000 56145.23398 21.65000 299 0.00067 1.11847 g -1
1895 240.00000 88.50000 56145.23757 21.65000 299 0.00066 1.76941 g -1
846 231.42857 69.35000 56145.24116 21.65000 299 0.00062 1.45105 g -1
648 0.57433 33.35000 56145.24475 21.65000 299 0.00063 2.03569 g -1
385 287.65978 -9.85000 56145.24834 21.65000 299 0.00062 1.37140 g -1
334 283.72589 -17.05000 56145.25192 21.65000 299 0.00061 1.57620 g -1
600 0.96160 26.15000 56145.25551 21.65000 299 0.00094 2.04467 g -1
807 20.00000 62.15000 56145.25910 21.65000 299 0.00099 2.01672 g -1
834 25.71429 69.35000 56145.26269 21.65000 299 0.00283 2.00408 g -1
649 8.35811 33.35000 56145.26628 21.65000 299 0.00061 2.03661 g -1
855 36.00000 76.55000 56145.26986 21.65000 299 0.00385 2.00636 g -1
734 346.60580 40.55000 56145.27345 21.65000 299 0.00061 1.30604 g -1
601 8.48720 26.15000 56145.27704 21.65000 299 0.00122 2.03231 g -1
870 60.00000 83.75000 56145.28063 21.65000 299 0.00154 2.00193 g -1
852 334.28571 69.35000 56145.28422 21.65000 299 0.00056 1.31747 g -1
729 304.26859 40.55000 56145.28780 21.65000 299 0.00053 1.00861 g -1
822 220.00000 62.15000 56145.29139 21.65000 299 0.00052 1.87857 g -1
735 355.03720 40.55000 56145.29498 21.65000 299 0.00050 1.31582 g -1
335 290.80782 -17.05000 56145.29857 21.65000 299 0.00049 1.63659 g -1
1888 201.31878 80.15000 56145.30216 21.65000 299 0.00049 1.99036 g -1
436 284.38942 -2.65000 56145.30574 21.65000 299 0.00048 1.35548 g -1
774 17.54512 54.95000 56145.30933 21.65000 299 0.00047 1.58778 g -1
286 302.01582 -24.25000 56145.31292 21.65000 299 0.00046 1.89637 g -1
437 291.41827 -2.65000 56145.31651 21.65000 299 0.00043 1.32415 g -1
488 288.11944 4.55000 56145.32010 21.65000 299 0.00041 1.25570 g -1
1863 12.48467 72.95000 56145.32368 21.65000 299 0.00041 1.52465 g -1
693 352.79056 33.35000 56145.32727 21.65000 299 0.00040 1.16078 g -1
850 300.00000 69.35000 56145.33086 21.65000 299 0.00040 1.25772 g -1
808 33.33333 62.15000 56145.33445 21.65000 299 0.00040 1.69868 g -1
598 346.87564 18.95000 56145.33804 21.65000 299 0.00039 1.13230 g -1
384 280.61059 -9.85000 56145.34162 21.65000 299 0.00039 1.88339 g -1
647 353.43600 26.15000 56145.34521 21.65000 299 0.00038 1.12891 g -1
728 295.65178 40.55000 56145.34880 21.65000 299 0.00037 1.09089 g -1
730 312.82187 40.55000 56145.35239 21.65000 299 0.00037 1.02313 g -1
806 6.66667 62.15000 56145.35598 21.65000 299 0.00036 1.27638 g -1
692 345.00678 33.35000 56145.35956 21.65000 299 0.00036 1.03255 g -1
496 344.20648 4.55000 56145.36315 21.65000 299 0.00036 1.17969 g -1
386 294.70896 -9.85000 56145.36674 21.65000 299 0.00035 1.73697 g -1
800 302.18847 54.95000 56145.37033 21.65000 299 0.00035 1.15271 g -1
694 3.46860 40.55000 56145.37392 21.65000 299 0.00034 1.10653 g -1
487 281.19311 4.55000 56145.37750 21.65000 299 0.00033 1.83485 g -1
337 304.97168 -17.05000 56145.38109 21.65000 299 0.00033 1.89558 g -1
539 284.87644 11.75000 56145.38468 21.65000 299 0.00033 1.62157 g -1
772 352.17582 47.75000 56145.38827 21.65000 299 0.00033 1.05109 g -1
871 100.00000 83.75000 56145.39186 21.65000 299 0.00049 2.00291 g -1
801 313.28596 54.95000 56145.39544 21.65000 299 0.00032 1.14206 g -1
849 282.85714 69.35000 56145.39903 21.65000 299 0.00032 1.50380 g -1
848 265.71429 69.35000 56145.40262 21.65000 299 0.00032 1.73248 g -1
597 339.62582 18.95000 56145.40621 21.65000 299 0.00031 1.03526 g -1
685 290.41607 33.35000 56145.40979 21.65000 299 0.00031 1.43270 g -1
766 292.69677 47.75000 56145.41338 21.65000 299 0.00031 1.36401 g -1
733 338.17440 40.55000 56145.41697 21.65000 299 0.00030 1.01851 g -1
851 317.14286 69.35000 56145.42056 21.65000 299 0.00030 1.31236 g -1
547 340.82087 11.75000 56145.42415 21.65000 299 0.00030 1.09019 g -1
769 322.06455 47.75000 56145.42773 21.65000 299 0.00030 1.12135 g -1
646 345.91040 26.15000 56145.43132 21.65000 299 0.00030 1.01472 g -1
1864 32.43831 72.95000 56145.43491 21.65000 299 0.00029 1.39066 g -1
771 342.13873 47.75000 56145.43850 21.65000 299 0.00029 1.05100 g -1
645 338.38480 26.15000 56145.44209 21.65000 299 0.00029 1.05160 g -1
686 298.26936 33.35000 56145.44567 21.65000 299 0.00028 1.54936 g -1
770 332.10164 47.75000 56145.44926 21.65000 299 0.00027 1.10788 g -1
732 329.74300 40.55000 56145.45285 21.65000 299 0.00027 1.11405 g -1
828 300.00000 62.15000 56145.45644 21.65000 299 0.00027 1.50470 g -1
691 337.22300 33.35000 56145.46003 21.65000 299 0.00026 1.08068 g -1
773 6.95487 54.95000 56145.46361 21.65000 299 0.00026 1.07624 g -1
736 2.21291 47.75000 56145.46720 21.65000 299 0.00026 1.03445 g -1
731 321.31160 40.55000 56145.47079 21.65000 299 0.00026 1.25979 g -1
695 11.90000 40.40000 56145.47438 21.65000 299 0.00025 1.00851 g -1
881 170.00000 87.40000 56145.47797 21.65000 299 0.00024 1.95013 g -1
799 291.09099 54.95000 56145.48155 21.65000 299 0.00023 1.89589 g -1
687 306.08789 33.35000 56145.48514 21.65000 299 0.00023 1.73808 g -1
596 332.37600 18.95000 56145.48873 21.65000 299 0.00023 1.30487 g -1
880 10.00000 87.40000 56145.49232 21.65000 299 0.00023 1.70625 g -1
690 329.43922 33.35000 56145.49591 21.65000 299 0.00022 1.29229 g -1
737 12.25000 47.75000 56145.49949 21.65000 299 0.00021 1.03595 g -1
