529 215.12533 11.75000 56145.21091 21.65000 299 0.00155 1.87396 g -1
833 8.57143 69.35000 56145.21449 21.65000 299 0.00338 2.00816 g -1
854 12.00000 76.55000 56145.21808 21.65000 299 0.00118 1.93591 g -1
806 6.66667 62.15000 56145.22167 21.65000 299 0.00365 2.02080 g -1
773 6.95487 54.95000 56145.23243 21.65000 299 0.00104 2.03710 g -1
1775 12.04202 51.35000 56145.25396 21.65000 299 0.00084 2.00818 g -1
737 12.25000 47.75000 56145.25755 21.65000 299 0.00718 2.03511 g -1
807 20.00000 62.15000 56145.26114 21.65000 299 0.00352 1.99660 g -1
774 17.54512 54.95000 56145.26473 21.65000 299 0.01274 2.00155 g -1
695 11.90000 40.40000 56145.26831 21.65000 299 0.00104 2.00741 g -1
1736 16.84908 44.15000 56145.27549 21.65000 299 0.00151 2.03111 g -1
738 22.28709 47.75000 56145.28625 21.65000 299 0.02089 2.02274 g -1
696 20.38973 40.55000 56145.28984 21.65000 299 0.04822 2.03639 g -1
650 16.14189 33.35000 56145.29343 21.65000 299 0.00848 1.94379 g -1
1694 20.63150 36.95000 56145.29702 21.65000 299 0.00321 2.00927 g -1
602 16.01280 26.15000 56145.30061 21.65000 299 0.00229 1.98391 g -1
651 23.92567 33.35000 56145.31137 21.65000 299 0.06400 2.00336 g -1
1648 23.73953 29.75000 56145.31496 21.65000 299 0.00386 2.01842 g -1
603 23.53840 26.15000 56145.31855 21.65000 299 0.08126 2.03634 g -1
1599 23.33157 22.55000 56145.32213 21.65000 299 0.00393 2.05836 g -1
553 23.12473 18.95000 56145.32931 21.65000 299 0.08192 2.01660 g -1
1548 22.92217 15.35000 56145.33290 21.65000 299 0.00341 2.04785 g -1
450 26.27176 4.55000 56145.36160 21.65000 299 0.04700 2.05151 g -1
399 22.79327 -2.65000 56145.36878 21.65000 299 0.01996 2.03396 g -1
1444 26.02046 0.95000 56145.37237 21.65000 299 0.00266 1.98339 g -1
400 29.82212 -2.65000 56145.39030 21.65000 299 0.00962 1.99971 g -1
348 26.34837 -9.85000 56145.39748 21.65000 299 0.01678 2.04465 g -1
1393 29.51926 -6.25000 56145.40107 21.65000 299 0.00236 1.96507 g -1
298 29.95482 -17.05000 56145.43695 21.65000 299 0.00273 2.00303 g -1
553 23.12473 18.95000 56145.43764 21.65000 299 0.08192 1.13480 r -1
603 23.53840 26.15000 56145.44123 21.65000 299 0.08126 1.09378 r -1
651 23.92567 33.35000 56145.44482 21.65000 299 0.06400 1.07267 r -1
696 20.38973 40.55000 56145.44841 21.65000 299 0.04822 1.05120 r -1
450 26.27176 4.55000 56145.45199 21.65000 299 0.04700 1.25387 r -1
738 22.28709 47.75000 56145.45558 21.65000 299 0.02089 1.06991 r -1
348 26.34837 -9.85000 56145.45917 21.65000 299 0.01678 1.50147 r -1
774 17.54512 54.95000 56145.46276 21.65000 299 0.01274 1.08954 r -1
400 29.82212 -2.65000 56145.46635 21.65000 299 0.00962 1.35138 r -1
650 16.14189 33.35000 56145.46993 21.65000 299 0.00848 1.00792 r -1
737 12.25000 47.75000 56145.47352 21.65000 299 0.00718 1.03379 r -1
1599 23.33157 22.55000 56145.47711 21.65000 299 0.00393 1.03942 r -1
1648 23.73953 29.75000 56145.48070 21.65000 299 0.00386 1.01897 r -1
806 6.66667 62.15000 56145.48429 21.65000 299 0.00365 1.14465 r -1
807 20.00000 62.15000 56145.48787 21.65000 299 0.00352 1.14460 r -1
833 8.57143 69.35000 56145.49146 21.65000 299 0.00338 1.24011 r -1
1694 20.63150 36.95000 56145.49505 21.65000 299 0.00321 1.00371 r -1
298 29.95482 -17.05000 56145.49864 21.65000 299 0.00273 1.61123 r -1
1444 26.02046 0.95000 56145.50223 21.65000 299 0.00266 1.19193 r -1
529 215.12533 11.75000 56146.15497 21.65000 299 0.00155 1.35026 r -1
854 12.00000 76.55000 56146.19802 21.65000 299 0.00118 2.01739 r -1
