0.4066846540 1.1877103722e-03 27.1721317637
0.4425642836 1.8861805008e-03 75.2216929521
0.5107355800 3.6489930824e-03 114.0914798959
0.5179115059 8.5549134347e-03 141.1062441011
0.5502031726 1.0217263480e-02 188.4214233499
0.5753189133 1.4511548362e-02 227.1338427353
0.5968466911 1.8065882953e-02 268.6788781732
0.6291383578 2.0962652770e-02 295.5887306728
0.6434902097 4.2489706624e-02 334.4060617638
0.6470781726 4.8614934860e-02 375.9510972018
0.6506661356 5.0127995071e-02 423.3711881562
0.6793698393 7.3232310042e-02 449.1270118936
0.6865457652 7.7713467700e-02 492.2457229163
0.6937216912 1.0028286020e-01 517.3720764199
0.7116615060 1.0924251506e-01 549.0554115266
0.7152494690 1.4669355205e-01 574.4440442942
0.7188374319 1.5063762760e-01 621.7592235430
0.7224253949 1.8323775148e-01 647.2527680163
0.7331892838 1.9259734970e-01 672.2217539613
0.7367772467 2.3803658558e-01 693.2565509444
0.7403652097 2.4624902996e-01 710.8817174939
0.7511290986 2.9986969422e-01 738.6308636387
0.7547170616 3.1229831992e-01 785.9460428874
0.7583050245 3.3563862746e-01 824.1339037445
0.7618929875 3.3714708348e-01 830.1138709667
0.7625874319 3.3714708348e-01 830.1138709667
0.7661753949 3.3714708348e-01 830.1138709667
0.7697633579 3.3714708348e-01 830.1138709667
