674 204.02993 33.35000 56071.15992 21.65000 299 0.58827 1.05017 g -1
627 203.47257 26.15000 56071.16351 21.65000 299 0.23839 1.05367 g -1
626 195.99086 26.15000 56071.16710 21.65000 299 0.08380 1.02154 g -1
1671 199.90950 29.75000 56071.17069 21.65000 299 0.05183 1.02204 g -1
718 209.48363 40.55000 56071.17428 21.65000 299 0.02241 1.05515 g -1
674 204.02993 33.35000 56071.17729 21.65000 299 0.58827 1.02454 r -1
627 203.47257 26.15000 56071.18087 21.65000 299 0.23839 1.02867 r -1
626 195.99086 26.15000 56071.18446 21.65000 299 0.08380 1.01039 r -1
1671 199.90950 29.75000 56071.18805 21.65000 299 0.05183 1.00759 r -1
718 209.48363 40.55000 56071.19164 21.65000 299 0.02241 1.03124 r -1
