0.6561126775 3.2650007244e-01 47.3676351016
0.6597006405 3.7491519910e-01 92.7944036487
0.6632886034 3.8314135435e-01 137.8015253731
0.6668765664 3.8849018248e-01 185.4314397388
0.6704645294 3.9063780261e-01 228.9697975842
0.6740524923 3.9276287036e-01 274.2391985727
0.6776404553 3.9422483427e-01 319.4036878557
0.6812284183 3.9582436523e-01 321.4494661159
0.6848163812 3.9813842587e-01 335.2978112619
0.6884043442 4.0761117664e-01 382.6129905106
0.6919923072 4.0888461815e-01 427.8299356464
0.6955802701 4.0914707683e-01 459.5657266059
0.6962747146 4.0914707683e-01 459.5657266059
0.6998626775 4.0914707683e-01 459.5657266059
0.7034506405 4.0914707683e-01 459.5657266059
0.7070386035 4.0914707683e-01 459.5657266059
0.7106265664 4.0914707683e-01 459.5657266059
0.7142145294 4.0914707683e-01 459.5657266059
0.7178024924 4.0914707683e-01 459.5657266059
0.7213904553 4.0914707683e-01 459.5657266059
0.7249784183 4.0914707683e-01 459.5657266059
0.7285663813 4.0914707683e-01 459.5657266059
0.7321543442 4.0914707683e-01 459.5657266059
0.7357423072 4.0914707683e-01 459.5657266059
