727 287.03496 40.55000 56125.16724 21.65000 299 0.04644 1.28418 g -1
684 282.56279 33.35000 56125.17083 21.65000 299 0.04462 1.22640 g -1
799 291.09099 54.95000 56125.17442 21.65000 299 0.04315 1.31688 g -1
766 292.69677 47.75000 56125.17800 21.65000 299 0.03969 1.30443 g -1
637 278.28971 26.15000 56125.18159 21.65000 299 0.03529 1.16256 g -1
765 282.92208 47.75000 56125.18518 21.65000 299 0.03423 1.17557 g -1
828 300.00000 62.15000 56125.18877 21.65000 299 0.03281 1.39310 g -1
726 278.41815 40.55000 56125.19236 21.65000 299 0.02580 1.10744 g -1
588 274.38447 18.95000 56125.19594 21.65000 299 0.02358 1.12107 g -1
850 300.00000 69.35000 56125.19953 21.65000 299 0.02249 1.41821 g -1
800 302.18847 54.95000 56125.20312 21.65000 299 0.02116 1.32528 g -1
683 274.70950 33.35000 56125.20671 21.65000 299 0.01901 1.05279 g -1
638 285.77143 26.15000 56125.21030 21.65000 299 0.01638 1.13539 g -1
685 290.41607 33.35000 56125.21388 21.65000 299 0.01637 1.14413 g -1
827 286.66667 62.15000 56125.21747 21.65000 299 0.01602 1.21295 g -1
851 317.14286 69.35000 56125.22106 21.65000 299 0.01560 1.50177 g -1
728 295.65178 40.55000 56125.22465 21.65000 299 0.01449 1.15095 g -1
589 281.65302 18.95000 56125.22824 21.65000 299 0.01406 1.09181 g -1
867 324.00000 76.55000 56125.23182 21.65000 299 0.01301 1.59791 g -1
537 270.92622 11.75000 56125.23541 21.65000 299 0.01279 1.08424 g -1
829 313.33333 62.15000 56125.23900 21.65000 299 0.01255 1.34572 g -1
636 270.80800 26.15000 56125.24259 21.65000 299 0.01143 1.01088 g -1
767 302.47146 47.75000 56125.24618 21.65000 299 0.01098 1.15613 g -1
866 300.00000 76.55000 56125.24976 21.65000 299 0.00935 1.42814 g -1
538 277.90133 11.75000 56125.25335 21.65000 299 0.00879 1.08534 g -1
798 279.99351 54.95000 56125.25694 21.65000 299 0.00872 1.08240 g -1
587 267.11592 18.95000 56125.26053 21.65000 299 0.00697 1.03587 g -1
852 334.28571 69.35000 56125.26412 21.65000 299 0.00611 1.51849 g -1
801 313.28596 54.95000 56125.26770 21.65000 299 0.00593 1.21077 g -1
485 267.50956 4.55000 56125.27129 21.65000 299 0.00586 1.15361 g -1
868 348.00000 76.55000 56125.27488 21.65000 299 0.00536 1.66850 g -1
854 12.00000 76.55000 56125.27847 21.65000 299 0.00518 1.90989 g -1
486 274.35133 4.55000 56125.28205 21.65000 299 0.00467 1.14645 g -1
639 293.25314 26.15000 56125.28564 21.65000 299 0.00449 1.02459 g -1
536 263.95111 11.75000 56125.28923 21.65000 299 0.00447 1.12776 g -1
590 288.92157 18.95000 56125.29282 21.65000 299 0.00439 1.03557 g -1
877 340.00000 83.75000 56125.29641 21.65000 299 0.00438 1.67015 g -1
830 326.66667 62.15000 56125.29999 21.65000 299 0.00418 1.27511 g -1
686 298.26936 33.35000 56125.30358 21.65000 299 0.00414 1.01171 g -1
849 282.85714 69.35000 56125.30717 21.65000 299 0.00406 1.23906 g -1
729 304.26859 40.55000 56125.31076 21.65000 299 0.00355 1.02712 g -1
539 284.87644 11.75000 56125.31435 21.65000 299 0.00347 1.08212 g -1
869 20.00000 83.75000 56125.31793 21.65000 299 0.00310 1.81515 g -1
768 312.24615 47.75000 56125.32152 21.65000 299 0.00278 1.06255 g -1
484 260.66778 4.55000 56125.32511 21.65000 299 0.00259 1.37641 g -1
853 351.42857 69.35000 56125.32870 21.65000 299 0.00242 1.45984 g -1
876 300.00000 83.75000 56125.33229 21.65000 299 0.00236 1.56986 g -1
433 263.15000 -2.65000 56125.33587 21.65000 299 0.00230 1.54533 g -1
487 281.19311 4.55000 56125.33946 21.65000 299 0.00224 1.20711 g -1
1765 284.72077 44.15000 56125.34305 21.65000 299 0.00219 1.04721 g -1
1802 291.35628 51.35000 56125.34664 21.65000 299 0.00212 1.06444 g -1
434 270.24000 -2.65000 56125.35023 21.65000 299 0.00209 1.50766 g -1
764 273.14738 47.75000 56125.35381 21.65000 299 0.00205 1.13786 g -1
855 36.00000 76.55000 56125.35740 21.65000 299 0.00202 1.85743 g -1
833 8.57143 69.35000 56125.36099 21.65000 299 0.00190 1.51257 g -1
802 324.38344 54.95000 56125.36458 21.65000 299 0.00183 1.09394 g -1
1833 294.98986 58.55000 56125.36817 21.65000 299 0.00180 1.12696 g -1
1725 280.09844 36.95000 56125.37175 21.65000 299 0.00170 1.11794 g -1
1681 276.50450 29.75000 56125.37534 21.65000 299 0.00169 1.17597 g -1
831 340.00000 62.15000 56125.37893 21.65000 299 0.00167 1.19134 g -1
1726 288.46496 36.95000 56125.38252 21.65000 299 0.00156 1.08616 g -1
1682 284.16400 29.75000 56125.38611 21.65000 299 0.00149 1.13894 g -1
725 269.80133 40.55000 56125.38969 21.65000 299 0.00133 1.29395 g -1
1766 293.96785 44.15000 56125.39328 21.65000 299 0.00124 1.08645 g -1
435 277.33000 -2.65000 56125.39687 21.65000 299 0.00120 1.74315 g -1
1634 280.04629 22.55000 56125.40046 21.65000 299 0.00116 1.28606 g -1
1858 293.87953 65.75000 56125.40405 21.65000 299 0.00115 1.25425 g -1
865 276.00000 76.55000 56125.40763 21.65000 299 0.00113 1.51387 g -1
591 296.12691 18.95000 56125.41122 21.65000 299 0.00112 1.16386 g -1
540 291.93112 11.75000 56125.41481 21.65000 299 0.00106 1.29256 g -1
834 25.71429 69.35000 56125.41840 21.65000 299 0.00106 1.47807 g -1
1633 272.69901 22.55000 56125.42199 21.65000 299 0.00104 1.60930 g -1
640 300.75680 26.15000 56125.42557 21.65000 299 0.00104 1.13053 g -1
682 266.85621 33.35000 56125.42916 21.65000 299 0.00104 1.71610 g -1
1859 308.79758 65.75000 56125.43275 21.65000 299 0.00099 1.23452 g -1
687 306.08789 33.35000 56125.43634 21.65000 299 0.00093 1.10048 g -1
826 273.33333 62.15000 56125.43993 21.65000 299 0.00086 1.51866 g -1
488 288.11944 4.55000 56125.44351 21.65000 299 0.00081 1.73289 g -1
730 312.82187 40.55000 56125.44710 21.65000 299 0.00078 1.08241 g -1
1834 306.98986 58.55000 56125.45069 21.65000 299 0.00076 1.20449 g -1
1878 312.43831 72.95000 56125.45428 21.65000 299 0.00076 1.35584 g -1
1803 301.78852 51.35000 56125.45787 21.65000 299 0.00075 1.22177 g -1
870 60.00000 83.75000 56125.46145 21.65000 299 0.00074 1.75793 g -1
832 353.33333 62.15000 56125.46504 21.65000 299 0.00074 1.14591 g -1
769 322.06455 47.75000 56125.46863 21.65000 299 0.00067 1.09362 g -1
1832 283.18423 58.55000 56125.47222 21.65000 299 0.00063 1.54022 g -1
803 335.18412 54.95000 56125.47580 21.65000 299 0.00058 1.09467 g -1
806 6.66667 62.15000 56125.47939 21.65000 299 0.00055 1.16043 g -1
1801 280.92404 51.35000 56125.48298 21.65000 299 0.00055 1.68558 g -1
727 287.03496 40.55000 56125.48368 21.65000 299 0.04644 1.61917 r -1
684 282.56279 33.35000 56125.48726 21.65000 299 0.04462 1.91203 r -1
