473 185.30822 4.71000 55908.52062 21.65000 299 0.40703 1.34721 g -1
525 186.77489 11.57000 55908.52421 21.65000 299 0.32632 1.25893 g -1
474 192.25000 4.55000 55908.52780 21.65000 299 0.06176 1.41955 g -1
423 192.25000 -2.65000 55908.53139 21.65000 299 0.04936 1.54328 g -1
372 195.78483 -9.85000 55908.53498 21.65000 299 0.02896 1.81634 g -1
576 187.38957 18.95000 55908.53856 21.65000 299 0.01202 1.14753 g -1
1468 192.09398 0.95000 55908.54215 21.65000 299 0.01152 1.39625 g -1
422 185.16000 -2.65000 55908.54574 21.65000 299 0.00974 1.35674 g -1
1520 188.78733 8.15000 55908.54933 21.65000 299 0.00600 1.22027 g -1
473 185.30822 4.71000 55908.55002 21.65000 299 0.40703 1.22855 r -1
525 186.77489 11.57000 55908.55361 21.65000 299 0.32632 1.15580 r -1
474 192.25000 4.55000 55908.55720 21.65000 299 0.06176 1.27179 r -1
423 192.25000 -2.65000 55908.56079 21.65000 299 0.04936 1.37552 r -1
372 195.78483 -9.85000 55908.56437 21.65000 299 0.02896 1.57841 r -1
576 187.38957 18.95000 55908.56796 21.65000 299 0.01202 1.07599 r -1
1520 188.78733 8.15000 55909.45445 21.65000 299 0.00600 2.00879 r -1
422 185.16000 -2.65000 55909.46521 21.65000 299 0.00974 2.04731 r -1
1468 192.09398 0.95000 55909.47597 21.65000 299 0.01152 2.04988 r -1
