789 180.37888 54.95000 55965.51766 21.65000 299 0.00187 1.13895 g -1
788 169.45049 54.95000 55965.52125 21.65000 299 0.00161 1.21620 g -1
754 176.10046 47.75000 55965.52484 21.65000 299 0.00149 1.14462 g -1
755 185.52515 47.75000 55965.52842 21.65000 299 0.00142 1.09506 g -1
756 194.94985 47.75000 55965.53201 21.65000 299 0.00099 1.06093 g -1
790 191.39000 54.95000 55965.53560 21.65000 299 0.00099 1.11879 g -1
850 300.00000 69.35000 55965.53919 21.65000 299 0.00089 1.84561 g -1
799 291.09099 54.95000 55965.54278 21.65000 299 0.00089 1.73051 g -1
766 292.69677 47.75000 55965.54636 21.65000 299 0.00089 1.80692 g -1
321 192.25000 -17.05000 55965.54995 21.65000 299 0.00083 1.81510 g -1
787 158.52573 54.95000 55965.55354 21.65000 299 0.00077 1.47659 g -1
715 183.63319 40.55000 55965.55713 21.65000 299 0.00075 1.16581 g -1
716 192.25000 40.55000 55965.56072 21.65000 299 0.00073 1.10686 g -1
765 282.92208 47.75000 55965.56430 21.65000 299 0.00070 1.43008 g -1
818 166.66667 62.15000 55965.56789 21.65000 299 0.00066 1.45240 g -1
778 60.11656 54.95000 55966.09849 21.65000 299 0.02875 1.07661 g -1
810 60.00000 62.15000 55966.10208 21.65000 299 0.01376 1.14175 g -1
742 62.43545 47.75000 55966.10567 21.65000 299 0.01080 1.03332 g -1
779 71.12768 54.95000 55966.10926 21.65000 299 0.00353 1.08469 g -1
777 49.31587 54.95000 55966.11285 21.65000 299 0.00262 1.08984 g -1
809 46.66667 62.15000 55966.11643 21.65000 299 0.00223 1.16359 g -1
743 72.25385 47.75000 55966.12002 21.65000 299 0.00221 1.03769 g -1
1813 54.98986 58.55000 55966.12361 21.65000 299 0.00170 1.11540 g -1
741 52.39836 47.75000 55966.12720 21.65000 299 0.00136 1.05323 g -1
740 42.36127 47.75000 55966.13079 21.65000 299 0.00123 1.09841 g -1
699 45.97560 40.55000 55966.13437 21.65000 299 0.00097 1.06685 g -1
1780 61.84700 51.35000 55966.13796 21.65000 299 0.00084 1.05936 g -1
811 73.33333 62.15000 55966.14155 21.65000 299 0.00065 1.14139 g -1
782 103.90195 54.95000 55966.14514 21.65000 299 0.00062 1.15598 g -1
781 92.97719 54.95000 55966.14872 21.65000 299 0.00055 1.10306 g -1
813 100.00000 62.15000 55966.15231 21.65000 299 0.00054 1.18540 g -1
786 147.60097 54.95000 55966.15590 21.65000 299 0.00054 1.62642 g -1
780 82.05244 54.95000 55966.15949 21.65000 299 0.00050 1.07638 g -1
1814 66.98986 58.55000 55966.16308 21.65000 299 0.00047 1.11974 g -1
700 54.52367 40.55000 55966.16666 21.65000 299 0.00047 1.08394 g -1
814 113.33333 62.15000 55966.17025 21.65000 299 0.00045 1.21587 g -1
783 114.82671 54.95000 55966.17384 21.65000 299 0.00042 1.15907 g -1
753 166.67577 47.75000 55966.17743 21.65000 299 0.00063 2.02899 g -1
812 86.66667 62.15000 55966.18102 21.65000 299 0.00042 1.14115 g -1
703 80.23141 40.55000 55966.18460 21.65000 299 0.00041 1.01400 g -1
713 166.39956 40.55000 55966.18819 21.65000 299 0.00056 2.00079 g -1
712 157.78274 40.55000 55966.19178 21.65000 299 0.00041 1.65520 g -1
819 180.00000 62.15000 55966.19537 21.65000 299 0.00055 2.00217 g -1
776 38.72562 54.95000 55966.19896 21.65000 299 0.00039 1.37264 g -1
752 157.25108 47.75000 55966.20254 21.65000 299 0.00038 1.50479 g -1
751 147.82638 47.75000 55966.20613 21.65000 299 0.00037 1.32821 g -1
714 175.01637 40.55000 55966.20972 21.65000 299 0.00059 2.03773 g -1
702 71.61980 40.55000 55966.21331 21.65000 299 0.00035 1.08234 g -1
654 47.27700 33.35000 55966.21690 21.65000 299 0.00034 1.37453 g -1
701 63.07173 40.55000 55966.22048 21.65000 299 0.00034 1.16555 g -1
669 164.76350 33.35000 55966.22407 21.65000 299 0.00033 1.59984 g -1
668 156.91021 33.35000 55966.22766 21.65000 299 0.00033 1.39024 g -1
815 126.66667 62.15000 55966.23125 21.65000 299 0.00033 1.17827 g -1
671 180.47007 33.35000 55966.23484 21.65000 299 0.00038 2.03434 g -1
835 42.85714 69.35000 55966.23842 21.65000 299 0.00032 1.56030 g -1
314 143.03513 -17.05000 55966.24201 21.65000 299 0.00034 2.00551 g -1
750 138.40169 47.75000 55966.24560 21.65000 299 0.00032 1.10921 g -1
670 172.61679 33.35000 55966.24919 21.65000 299 0.00032 1.56702 g -1
785 136.67622 54.95000 55966.25278 21.65000 299 0.00031 1.12544 g -1
672 188.32336 33.35000 55966.25636 21.65000 299 0.00036 2.03798 g -1
315 150.06583 -17.05000 55966.25995 21.65000 299 0.00044 2.02356 g -1
517 128.57400 11.75000 55966.26354 21.65000 299 0.00030 1.09693 g -1
791 202.40112 54.95000 55966.26713 21.65000 299 0.00033 2.01551 g -1
509 71.61613 11.75000 55966.27072 21.65000 299 0.00030 1.50636 g -1
839 111.42857 69.35000 55966.27430 21.65000 299 0.00030 1.24101 g -1
757 204.72454 47.75000 55966.28148 21.65000 299 0.00037 2.04643 g -1
717 200.86681 40.55000 55966.28507 21.65000 299 0.00035 1.97764 g -1
822 220.00000 62.15000 55966.30301 21.65000 299 0.00053 2.03113 g -1
422 185.16000 -2.65000 55966.31018 21.65000 299 0.00040 2.03731 g -1
846 231.42857 69.35000 55966.32095 21.65000 299 0.00031 2.02414 g -1
423 192.25000 -2.65000 55966.33171 21.65000 299 0.00042 2.00559 g -1
371 188.71517 -9.85000 55966.33889 21.65000 299 0.00065 2.04917 g -1
823 233.33333 62.15000 55966.34247 21.65000 299 0.00038 2.00490 g -1
320 185.21930 -17.05000 55966.35683 21.65000 299 0.00034 2.03029 g -1
372 195.78483 -9.85000 55966.36041 21.65000 299 0.00045 2.01986 g -1
824 246.66667 62.15000 55966.37835 21.65000 299 0.00029 2.01467 g -1
322 199.28070 -17.05000 55966.39629 21.65000 299 0.00055 2.02413 g -1
323 206.31139 -17.05000 55966.41423 21.65000 299 0.00033 2.04235 g -1
271 192.25000 -24.25000 55966.42141 21.65000 299 0.00054 2.02129 g -1
272 199.53543 -24.25000 55966.44294 21.65000 299 0.00049 2.01289 g -1
273 206.82086 -24.25000 55966.46447 21.65000 299 0.00066 2.00470 g -1
789 180.37888 54.95000 55966.46516 21.65000 299 0.00187 1.08183 r -1
788 169.45049 54.95000 55966.46875 21.65000 299 0.00161 1.11394 r -1
754 176.10046 47.75000 55966.47234 21.65000 299 0.00149 1.05543 r -1
755 185.52515 47.75000 55966.47592 21.65000 299 0.00142 1.03758 r -1
756 194.94985 47.75000 55966.47951 21.65000 299 0.00099 1.03209 r -1
790 191.39000 54.95000 55966.48310 21.65000 299 0.00099 1.07665 r -1
321 192.25000 -17.05000 55966.48669 21.65000 299 0.00083 1.57854 r -1
787 158.52573 54.95000 55966.49028 21.65000 299 0.00077 1.22186 r -1
715 183.63319 40.55000 55966.49386 21.65000 299 0.00075 1.03381 r -1
716 192.25000 40.55000 55966.49745 21.65000 299 0.00073 1.01545 r -1
765 282.92208 47.75000 55966.50104 21.65000 299 0.00070 2.00076 r -1
273 206.82086 -24.25000 55966.50463 21.65000 299 0.00066 1.87389 r -1
818 166.66667 62.15000 55966.50822 21.65000 299 0.00066 1.26093 r -1
850 300.00000 69.35000 55966.51180 21.65000 299 0.00089 2.01535 r -1
799 291.09099 54.95000 55966.51539 21.65000 299 0.00089 1.98084 r -1
