0.0000000000 1.8409600567e-02 46.8955324262
0.0035879630 3.5097901114e-02 93.9484324108
0.0071759259 5.1471276384e-02 141.7357143350
0.0107638889 6.5385782503e-02 189.5229962592
0.0143518519 7.4697306619e-02 236.8381755080
0.0179398148 8.1872988930e-02 282.6845908777
0.0215277778 8.9054665900e-02 330.7866079189
0.0251157408 9.4832742672e-02 376.4231998772
0.0287037037 1.0026619786e-01 423.6859232732
0.0322916667 1.0447506789e-01 468.7979567033
0.0358796296 1.0781470586e-01 515.7459449823
0.0394675926 1.1113303918e-01 562.7988449669
0.0430555556 1.1337054180e-01 607.8584225442
0.0466435185 1.1462321453e-01 653.5999262082
0.0502314815 1.1596952225e-01 700.7052820457
0.0538194445 1.1719236573e-01 746.9188883851
0.0574074074 1.1822292457e-01 749.2794017623
0.0609953704 1.1961470656e-01 764.9637017572
0.0645833334 1.2050256140e-01 767.3766709871
0.0681712963 1.2121714108e-01 812.4887044172
0.0717592593 1.2184533479e-01 859.3317809906
0.0753472223 1.2239765550e-01 861.6398385149
0.0789351852 1.2294999291e-01 908.9025619109
0.0825231482 1.2295663595e-01 941.1104555458
0.0861111112 1.2347397112e-01 986.2224889759
0.0896990741 1.2423453522e-01 997.3431297750
0.0932870371 1.2465150729e-01 1042.5076190579
0.0968750001 1.2521886066e-01 1061.6540053393
0.1004629630 1.2557238634e-01 1072.5648227270
0.1040509260 1.2563285697e-01 1109.1790079994
0.1076388889 1.2603722237e-01 1154.3434972823
0.1112268519 1.2632047471e-01 1199.5604424181
0.1148148149 1.2670772663e-01 1216.1364919110
0.1184027778 1.2694572397e-01 1218.7592845523
0.1219907408 1.2695008721e-01 1249.1312233383
0.1255787038 1.2722311374e-01 1263.9237738352
0.1291666667 1.2745530265e-01 1279.8703530942
0.1298611112 1.2745530265e-01 1279.8703530942
0.1334490742 1.2745530265e-01 1279.8703530942
0.1370370371 1.2745530265e-01 1279.8703530942
0.1406250001 1.2745530265e-01 1279.8703530942
0.1442129630 1.2745530265e-01 1279.8703530942
0.1478009260 1.2745530265e-01 1279.8703530942
0.1513888890 1.2745530265e-01 1279.8703530942
0.1549768519 1.2745530265e-01 1279.8703530942
0.8344353670 1.2745530265e-01 1279.8703530942
0.8380233299 1.2745530265e-01 1279.8703530942
0.8416112929 1.2745530265e-01 1279.8703530942
0.8451992558 1.2745530265e-01 1279.8703530942
0.8487872188 1.2745530265e-01 1279.8703530942
0.8523751818 1.2745530265e-01 1279.8703530942
0.8559631447 1.2745530265e-01 1279.8703530942
0.8595511077 1.2745530265e-01 1279.8703530942
0.8631390707 1.2745530265e-01 1279.8703530942
0.8667270336 1.2745530265e-01 1279.8703530942
0.8703149966 1.2745530265e-01 1279.8703530942
0.8739029596 1.2745530265e-01 1279.8703530942
0.8774909225 1.2745530265e-01 1279.8703530942
0.8810788855 1.2745530265e-01 1279.8703530942
0.8846668485 1.2745530265e-01 1279.8703530942
0.8882548114 1.2745530265e-01 1279.8703530942
0.8918427744 1.2745530265e-01 1279.8703530942
0.8954307374 1.2745530265e-01 1279.8703530942
0.8990187003 1.2745530265e-01 1279.8703530942
0.9026066633 1.2745530265e-01 1279.8703530942
0.9133705522 1.2745530265e-01 1279.8703530942
0.9205464781 1.2745530265e-01 1279.8703530942
0.9348983300 1.2745530265e-01 1279.8703530942
0.9384862929 1.2745530265e-01 1279.8703530942
0.9600140707 1.2745530265e-01 1279.8703530942
0.9636020337 1.2745530265e-01 1279.8703530942
0.9851298115 1.2745530265e-01 1279.8703530942
0.9887177744 1.2745530265e-01 1279.8703530942
