0.4678415577 2.3131463588e-03 47.2627233960
0.4714295207 1.4350835675e-01 94.2107116750
0.4750174836 2.2322914804e-01 141.7881701879
0.4786054466 2.9195670441e-01 189.6803638177
0.4821934096 3.7512688827e-01 237.0479989193
0.4857813725 4.2277040632e-01 284.3631781681
0.4893693355 4.3761922876e-01 331.5209898584
0.4929572984 4.6743474448e-01 379.2558159298
0.4965452614 4.9119473690e-01 423.2662764506
0.5001332244 5.0697790663e-01 469.0602359674
0.5037211873 5.1810284561e-01 515.4836657181
0.5073091503 5.6300568752e-01 560.7006108539
0.5108971133 5.7355645670e-01 605.8126442840
0.5144850762 5.8029158188e-01 608.0682459555
0.5180730392 5.8635589156e-01 653.7048379138
0.5216610022 5.9036137726e-01 656.0653512910
0.5252489651 5.9429211281e-01 658.1635854040
0.5288369281 5.9702813051e-01 660.2618195171
0.5324248911 5.9962627382e-01 662.4649653357
0.5360128540 6.0187653655e-01 664.5107435959
0.5367072985 6.0187653655e-01 664.5107435959
0.5402952614 6.0187653655e-01 664.5107435959
0.5438832244 6.0187653655e-01 664.5107435959
0.5474711874 6.0187653655e-01 664.5107435959
0.5510591503 6.0187653655e-01 664.5107435959
0.5546471133 6.0187653655e-01 664.5107435959
0.5582350763 6.0187653655e-01 664.5107435959
0.5618230392 6.0187653655e-01 664.5107435959
0.5654110022 6.0187653655e-01 664.5107435959
0.5689989652 6.0187653655e-01 664.5107435959
0.5725869281 6.0187653655e-01 664.5107435959
0.5761748911 6.0187653655e-01 664.5107435959
0.5797628541 6.0187653655e-01 664.5107435959
0.5833508170 6.0187653655e-01 664.5107435959
0.5869387800 6.0187653655e-01 664.5107435959
0.5905267429 6.0187653655e-01 664.5107435959
0.5941147059 6.0187653655e-01 664.5107435959
0.5977026689 6.0187653655e-01 664.5107435959
0.6012906318 6.0187653655e-01 664.5107435959
0.6048785948 6.0187653655e-01 664.5107435959
