0.4151601884 9.1006443583e-02 47.0528999847
0.4187481514 1.6999804055e-01 94.1057999693
0.4223361143 2.2430572503e-01 141.1586999540
0.4259240773 2.6305859574e-01 188.2115999386
0.4295120403 3.0144375557e-01 235.8415143043
0.4331000032 3.3121359356e-01 282.8944142890
0.4366879662 3.6094172939e-01 330.6292403604
0.4402759292 3.7618363439e-01 377.6821403450
0.4438638921 3.8932447289e-01 424.4727610655
0.4474518551 3.9885410250e-01 471.9453078728
0.4510398181 4.0713022114e-01 519.5752222385
0.4546277810 4.1487642346e-01 567.0477690458
0.4582157440 4.2166818776e-01 570.2475760682
0.4618037069 4.2692278814e-01 616.7759175246
0.4653916699 4.3219317725e-01 619.9757245469
0.4689796329 4.4071565776e-01 629.4702339084
0.4725675958 4.4464493524e-01 676.5231338930
0.4761555588 4.4891183885e-01 723.8383131418
0.4797435218 4.5284681288e-01 770.9436689793
0.4833314847 4.5582248673e-01 774.4057552658
0.4869194477 4.5816173649e-01 821.5635669561
0.4905074107 4.6478560039e-01 868.7213786464
0.4940953736 4.7328254044e-01 915.7742786310
0.4976833366 4.7757618050e-01 962.7747227629
0.5012712996 4.8446563959e-01 1009.8276227475
0.5048592625 4.8659842452e-01 1057.0378902906
0.5084472255 4.9567375528e-01 1103.2514966301
0.5120351885 4.9765136724e-01 1150.3043966147
0.5156231514 4.9953927420e-01 1153.0321009617
0.5192111144 5.0594138720e-01 1200.0850009463
0.5227990773 5.0775351735e-01 1202.1307792065
0.5263870403 5.0918441251e-01 1249.1836791912
0.5299750033 5.1416422838e-01 1296.1841233230
0.5335629662 5.1551706025e-01 1343.3419350133
0.5371509292 5.1660085669e-01 1390.6571142621
0.5407388922 5.1825286857e-01 1396.1649788088
0.5443268551 5.1941758852e-01 1443.0080553821
0.5479148181 5.2042517104e-01 1490.0084995139
0.5515027811 5.2419832865e-01 1537.2712229099
0.5550907440 5.3119425140e-01 1558.8305784213
0.5586787070 5.3217116941e-01 1606.4604927870
0.5658546329 5.3461485080e-01 1653.7756720358
0.5802064848 5.4282047640e-01 1681.7346415919
0.5873824107 5.4422818811e-01 1728.0531596370
0.5880768552 5.4422818811e-01 1728.0531596370
0.5916648181 5.4422818811e-01 1728.0531596370
0.5952527811 5.4422818811e-01 1728.0531596370
0.5988407441 5.4422818811e-01 1728.0531596370
0.6024287070 5.4422818811e-01 1728.0531596370
0.6060166700 5.4422818811e-01 1728.0531596370
0.6096046330 5.4422818811e-01 1728.0531596370
0.6131925959 5.4422818811e-01 1728.0531596370
0.6167805589 5.4422818811e-01 1728.0531596370
0.6203685218 5.4422818811e-01 1728.0531596370
0.6239564848 5.4422818811e-01 1728.0531596370
0.6275444478 5.4422818811e-01 1728.0531596370
0.6311324107 5.4422818811e-01 1728.0531596370
0.6347203737 5.4422818811e-01 1728.0531596370
0.6383083367 5.4422818811e-01 1728.0531596370
0.6418962996 5.4422818811e-01 1728.0531596370
0.6454842626 5.4422818811e-01 1728.0531596370
0.6490722256 5.4422818811e-01 1728.0531596370
0.6526601885 5.4422818811e-01 1728.0531596370
0.6562481515 5.4422818811e-01 1728.0531596370
0.6598361145 5.4422818811e-01 1728.0531596370
0.6634240774 5.4422818811e-01 1728.0531596370
