530 222.10044 11.75000 56094.29005 21.65000 299 0.27452 1.22239 g -1
478 219.61711 4.55000 56094.29364 21.65000 299 0.19557 1.36371 g -1
678 235.44307 33.35000 56094.29723 21.65000 299 0.06826 1.04180 g -1
677 227.58979 33.35000 56094.30081 21.65000 299 0.05928 1.09357 g -1
581 223.50463 18.95000 56094.30440 21.65000 299 0.05781 1.20046 g -1
794 235.60357 54.95000 56094.30799 21.65000 299 0.04729 1.12242 g -1
631 233.39943 26.15000 56094.31158 21.65000 299 0.03348 1.09669 g -1
582 230.77318 18.95000 56094.31517 21.65000 299 0.03234 1.16551 g -1
721 235.33407 40.55000 56094.31875 21.65000 299 0.03111 1.08588 g -1
823 233.33333 62.15000 56094.32234 21.65000 299 0.02570 1.21697 g -1
630 225.91771 26.15000 56094.32593 21.65000 299 0.02525 1.21718 g -1
760 234.04862 47.75000 56094.32952 21.65000 299 0.01467 1.13603 g -1
531 229.07556 11.75000 56094.33310 21.65000 299 0.01198 1.33539 g -1
427 220.61000 -2.65000 56094.33669 21.65000 299 0.01180 1.90026 g -1
1525 223.66900 8.15000 56094.34028 21.65000 299 0.01065 1.55406 g -1
824 246.66667 62.15000 56094.34387 21.65000 299 0.00804 1.19138 g -1
1577 227.31429 15.35000 56094.34746 21.65000 299 0.00563 1.41402 g -1
1828 234.98986 58.55000 56094.35104 21.65000 299 0.00484 1.24111 g -1
1524 216.68700 8.15000 56094.35463 21.65000 299 0.00371 1.98527 g -1
1675 230.54750 29.75000 56094.35822 21.65000 299 0.00328 1.29443 g -1
1627 228.92880 22.55000 56094.36181 21.65000 299 0.00312 1.40189 g -1
1719 230.02320 36.95000 56094.36540 21.65000 299 0.00306 1.30977 g -1
426 213.52000 -2.65000 56095.17019 21.65000 299 0.01928 1.23943 g -1
477 212.77533 4.55000 56095.17378 21.65000 299 0.00786 1.14220 g -1
1472 220.09369 0.95000 56095.17736 21.65000 299 0.00415 1.19515 g -1
530 222.10044 11.75000 56095.17806 21.65000 299 0.27452 1.08827 r -1
478 219.61711 4.55000 56095.18165 21.65000 299 0.19557 1.14669 r -1
678 235.44307 33.35000 56095.18523 21.65000 299 0.06826 1.04359 r -1
677 227.58979 33.35000 56095.18882 21.65000 299 0.05928 1.01246 r -1
581 223.50463 18.95000 56095.19241 21.65000 299 0.05781 1.03647 r -1
794 235.60357 54.95000 56095.19600 21.65000 299 0.04729 1.09758 r -1
631 233.39943 26.15000 56095.19959 21.65000 299 0.03348 1.02707 r -1
582 230.77318 18.95000 56095.20317 21.65000 299 0.03234 1.04267 r -1
721 235.33407 40.55000 56095.20676 21.65000 299 0.03111 1.02222 r -1
823 233.33333 62.15000 56095.21035 21.65000 299 0.02570 1.14651 r -1
630 225.91771 26.15000 56095.21394 21.65000 299 0.02525 1.00807 r -1
426 213.52000 -2.65000 56095.21753 21.65000 299 0.01928 1.27407 r -1
760 234.04862 47.75000 56095.22111 21.65000 299 0.01467 1.03504 r -1
531 229.07556 11.75000 56095.22470 21.65000 299 0.01198 1.07597 r -1
427 220.61000 -2.65000 56095.22829 21.65000 299 0.01180 1.25840 r -1
1525 223.66900 8.15000 56095.23188 21.65000 299 0.01065 1.11734 r -1
824 246.66667 62.15000 56095.23547 21.65000 299 0.00804 1.15384 r -1
477 212.77533 4.55000 56095.23905 21.65000 299 0.00786 1.22797 r -1
1577 227.31429 15.35000 56095.24264 21.65000 299 0.00563 1.06264 r -1
1828 234.98986 58.55000 56095.24623 21.65000 299 0.00484 1.10534 r -1
1472 220.09369 0.95000 56095.24982 21.65000 299 0.00415 1.25054 r -1
1524 216.68700 8.15000 56095.25340 21.65000 299 0.00371 1.19577 r -1
1675 230.54750 29.75000 56095.25699 21.65000 299 0.00328 1.01528 r -1
1627 228.92880 22.55000 56095.26058 21.65000 299 0.00312 1.04175 r -1
1719 230.02320 36.95000 56095.26417 21.65000 299 0.00306 1.02223 r -1
