0.0000000000 1.5541430955e-02 47.3151792488
0.0035879630 2.7261507246e-02 74.5397668653
0.0071759259 3.8374587688e-02 122.5893280537
0.0107638889 4.1680387346e-02 161.4591149975
0.0143518519 4.4760746528e-02 207.5678096313
0.0179398148 4.7906757051e-02 235.1595882176
0.0215277778 5.0330945748e-02 262.0694407172
0.0251157408 5.3157582665e-02 309.3846199660
0.0287037037 5.5442086150e-02 356.6473433619
0.0322916667 5.7196156057e-02 402.8609497014
0.0358796296 5.8635394038e-02 447.6582480145
0.0394675926 5.9460189169e-02 489.1508275996
0.0430555556 6.0450169202e-02 536.5709185541
0.0466435185 6.1334747244e-02 575.3882496451
0.0502314815 6.2232320936e-02 622.7558847467
0.0538194445 6.3066585028e-02 670.1759757011
0.0574074074 6.3857143469e-02 717.9632576253
0.0609953704 6.4628880009e-02 765.3308927269
0.0645833334 6.5371606519e-02 807.9250452214
0.0681712963 6.6066286805e-02 851.6207706252
0.0717592593 6.6836242796e-02 899.1457732853
0.0753472223 6.7541632388e-02 942.7365869834
0.0789351852 6.8269334297e-02 990.1042220850
0.0825231482 6.8970013739e-02 1037.4718571867
0.0861111112 7.4837393067e-02 1085.7836976391
0.0896990741 7.5749581036e-02 1129.2695996316
0.0932870371 7.6425706126e-02 1173.0177808883
0.0968750001 7.7099883096e-02 1218.1822701712
0.1004629630 7.7781327374e-02 1265.9695520954
0.1040509260 7.8970686676e-02 1313.3371871970
0.1076388889 7.9623557235e-02 1357.0329126008
0.1112268519 8.0264761461e-02 1400.6761821518
0.1148148149 9.1959495753e-02 1447.9913614006
0.1184027778 9.6552174098e-02 1474.7963021945
0.1219907408 9.7732695481e-02 1522.1114814433
0.1255787038 9.8341128024e-02 1565.1252807603
0.1291666667 1.1514011914e-01 1593.0317944636
0.1327546297 1.3316375341e-01 1618.7351623482
0.1363425927 1.3414292877e-01 1666.5224442724
0.1399305556 1.3486884267e-01 1711.9492128195
0.1435185186 1.6053210338e-01 1739.4360797001
0.1471064816 1.6149779851e-01 1784.5481131302
0.1506944445 1.8923005245e-01 1810.4088485733
0.1542824075 1.9598832244e-01 1849.2786355172
0.1578703705 2.4490151962e-01 1894.2857572416
0.1614583334 2.5019515098e-01 1932.7883532157
0.1650462964 2.5947186154e-01 1952.8264889951
0.1686342594 3.0959876960e-01 1998.0434341308
0.1722222223 3.1694520675e-01 2037.5426913086
0.1758101853 3.2536411929e-01 2057.6332829408
0.1793981482 3.6228935810e-01 2105.4205648650
0.1829861112 3.7523309852e-01 2152.3160972912
0.1865740742 3.7647003571e-01 2176.6556130023
0.1901620371 3.7982158634e-01 2213.3747099803
0.1937500001 3.8149913400e-01 2250.5134537809
0.1973379631 3.8433827434e-01 2260.2177865537
0.2009259260 3.8619174135e-01 2307.8477009194
0.2045138890 3.9415510575e-01 2353.4318370249
0.2081018520 4.0149747666e-01 2401.1666630963
0.2116898149 4.0229841254e-01 2439.1971563950
0.2152777779 4.0472700918e-01 2486.2500563796
0.2188657409 4.0656977262e-01 2525.1198433234
0.2224537038 4.0803126627e-01 2568.2385543462
0.2260416668 4.0939047811e-01 2609.6786780785
0.2296296298 4.1076049342e-01 2612.0391914556
0.2332175927 4.1182611064e-01 2655.6300051538
0.2368055557 4.1285823960e-01 2701.4764205234
0.2403935187 4.1418809157e-01 2728.4911847287
0.2439814816 4.1498812753e-01 2775.5440847133
0.2475694446 4.1574778282e-01 2821.7576910528
0.2511574075 4.1646738749e-01 2865.6107840151
0.2547453705 4.1712774558e-01 2867.8663856866
0.2583333335 4.1774687090e-01 2915.3389324938
0.2619212964 4.1832880601e-01 2961.0279803050
0.2655092594 4.1888414642e-01 3005.9826461766
0.2690972224 4.1940901049e-01 3049.1013571993
0.2726851853 4.1991415625e-01 3089.2300846110
0.2762731483 4.2049041553e-01 3136.5452638598
0.2798611113 4.2104937086e-01 3183.8604431086
0.2834490742 4.2160730902e-01 3231.1756223573
0.2870370372 4.2211189026e-01 3273.4025838820
0.2906250002 4.2263298085e-01 3318.5146173121
0.8452821783 4.2523610892e-01 3345.1097346948
0.8488701413 4.2703398019e-01 3392.3200022379
0.8524581042 4.2773192220e-01 3397.3033082563
0.8560460672 4.2837447855e-01 3401.9718791578
0.8567405116 4.2837447855e-01 3401.9718791578
0.8603284746 4.2837447855e-01 3401.9718791578
0.8639164376 4.2837447855e-01 3401.9718791578
0.8675044005 4.2837447855e-01 3401.9718791578
0.8710923635 4.2837447855e-01 3401.9718791578
0.8746803265 4.2837447855e-01 3401.9718791578
0.8782682894 4.2837447855e-01 3401.9718791578
0.8818562524 4.2837447855e-01 3401.9718791578
0.8854442154 4.2837447855e-01 3401.9718791578
0.8890321783 4.2837447855e-01 3401.9718791578
0.8926201413 4.2837447855e-01 3401.9718791578
0.8962081043 4.2837447855e-01 3401.9718791578
0.8997960672 4.2837447855e-01 3401.9718791578
0.9033840302 4.2837447855e-01 3401.9718791578
0.9069719932 4.2837447855e-01 3401.9718791578
0.9105599561 4.2837447855e-01 3401.9718791578
0.9141479191 4.2837447855e-01 3401.9718791578
0.9177358820 4.2837447855e-01 3401.9718791578
0.9213238450 4.2837447855e-01 3401.9718791578
0.9249118080 4.2837447855e-01 3401.9718791578
0.9284997709 4.2837447855e-01 3401.9718791578
0.9320877339 4.2837447855e-01 3401.9718791578
0.9356756969 4.2837447855e-01 3401.9718791578
0.9428516228 4.2837447855e-01 3401.9718791578
0.9536155117 4.2837447855e-01 3401.9718791578
0.9607914376 4.2837447855e-01 3401.9718791578
0.9643794006 4.2837447855e-01 3401.9718791578
0.9679673636 4.2837447855e-01 3401.9718791578
0.9751432895 4.2837447855e-01 3401.9718791578
0.9823192154 4.2837447855e-01 3401.9718791578
0.9859071784 4.2837447855e-01 3401.9718791578
0.9930831043 4.2837447855e-01 3401.9718791578
0.9966710673 4.2837447855e-01 3401.9718791578
