641 308.28240 26.15000 56179.26159 21.65000 299 0.00629 1.04475 g -1
503 29.71062 11.75000 56179.26518 21.65000 299 0.01626 2.04463 g -1
450 26.27176 4.55000 56179.26877 21.65000 299 0.01139 2.05164 g -1
688 313.87167 33.35000 56179.27236 21.65000 299 0.00577 1.02738 g -1
592 303.37673 18.95000 56179.27594 21.65000 299 0.00508 1.13839 g -1
554 30.37455 18.95000 56179.27953 21.65000 299 0.00484 1.67555 g -1
399 22.79327 -2.65000 56179.28312 21.65000 299 0.00458 1.92042 g -1
345 5.20081 -9.85000 56179.28671 21.65000 299 0.00433 1.61967 g -1
294 1.62711 -17.05000 56179.29030 21.65000 299 0.00427 1.78256 g -1
395 358.15163 -9.85000 56179.29388 21.65000 299 0.00412 1.47735 g -1
344 354.54518 -17.05000 56179.29747 21.65000 299 0.00400 1.64382 g -1
449 19.26088 4.55000 56179.30106 21.65000 299 0.00376 1.44985 g -1
731 321.31160 40.55000 56179.30465 21.65000 299 0.00366 1.04895 g -1
398 15.76442 -2.65000 56179.30824 21.65000 299 0.00356 1.48276 g -1
394 351.10244 -9.85000 56179.31182 21.65000 299 0.00331 1.38234 g -1
502 22.72637 11.75000 56179.31541 21.65000 299 0.00325 1.31308 g -1
346 12.25000 -9.85000 56179.31900 21.65000 299 0.00317 1.54212 g -1
396 1.70673 -2.65000 56179.32259 21.65000 299 0.00306 1.27312 g -1
542 305.89962 11.75000 56179.32617 21.65000 299 0.00293 1.41294 g -1
343 347.46325 -17.05000 56179.32976 21.65000 299 0.00292 1.56928 g -1
490 302.14120 4.55000 56179.33335 21.65000 299 0.00268 1.71380 g -1
397 8.73558 -2.65000 56179.33694 21.65000 299 0.00267 1.28435 g -1
446 354.67788 -2.65000 56179.34053 21.65000 299 0.00265 1.23503 g -1
593 310.62655 18.95000 56179.34411 21.65000 299 0.00257 1.35646 g -1
541 298.91537 11.75000 56179.34770 21.65000 299 0.00250 1.83387 g -1
689 321.65544 33.35000 56179.35129 21.65000 299 0.00235 1.15936 g -1
448 12.25000 4.55000 56179.35488 21.65000 299 0.00231 1.16769 g -1
393 344.05326 -9.85000 56179.35847 21.65000 299 0.00231 1.43926 g -1
642 315.80800 26.15000 56179.36205 21.65000 299 0.00228 1.31522 g -1
687 306.08789 33.35000 56179.36564 21.65000 299 0.00222 1.47312 g -1
445 347.64904 -2.65000 56179.36923 21.65000 299 0.00200 1.29361 g -1
730 312.82187 40.55000 56179.37282 21.65000 299 0.00200 1.35579 g -1
447 5.23912 4.55000 56179.37641 21.65000 299 0.00190 1.14111 g -1
553 23.12473 18.95000 56179.37999 21.65000 299 0.00185 1.05986 g -1
342 340.38132 -17.05000 56179.38358 21.65000 299 0.00176 1.86994 g -1
732 329.74300 40.55000 56179.38717 21.65000 299 0.00176 1.20034 g -1
498 358.22824 4.55000 56179.39076 21.65000 299 0.00174 1.17469 g -1
501 15.74212 11.75000 56179.39435 21.65000 299 0.00171 1.07561 g -1
603 23.53840 26.15000 56179.39793 21.65000 299 0.00165 1.01623 g -1
500 8.75787 11.75000 56179.40152 21.65000 299 0.00152 1.08339 g -1
497 351.21736 4.55000 56179.40511 21.65000 299 0.00146 1.26610 g -1
444 340.62019 -2.65000 56179.40870 21.65000 299 0.00143 1.58765 g -1
392 337.00407 -9.85000 56179.41229 21.65000 299 0.00136 1.97511 g -1
552 15.87491 18.95000 56179.41587 21.65000 299 0.00129 1.03625 g -1
295 8.70904 -17.05000 56179.41946 21.65000 299 0.00117 1.62821 g -1
770 332.10164 47.75000 56179.42305 21.65000 299 0.00116 1.32927 g -1
496 344.20648 4.55000 56179.42664 21.65000 299 0.00115 1.49128 g -1
551 8.62509 18.95000 56179.43023 21.65000 299 0.00113 1.07545 g -1
499 1.77362 11.75000 56179.43381 21.65000 299 0.00100 1.18207 g -1
769 322.06455 47.75000 56179.43740 21.65000 299 0.00099 1.60265 g -1
602 16.01280 26.15000 56179.44099 21.65000 299 0.00097 1.03293 g -1
768 312.24615 47.75000 56179.44458 21.65000 299 0.00096 1.97016 g -1
549 354.78937 11.75000 56179.44817 21.65000 299 0.00091 1.32745 g -1
548 347.80512 11.75000 56179.45175 21.65000 299 0.00080 1.48481 g -1
690 329.43922 33.35000 56179.45534 21.65000 299 0.00078 1.71737 g -1
802 324.38344 54.95000 56179.45893 21.65000 299 0.00075 1.68779 g -1
550 1.37527 18.95000 56179.46252 21.65000 299 0.00074 1.23474 g -1
1497 29.39860 8.15000 56179.46611 21.65000 299 0.00072 1.12105 g -1
651 23.92567 33.35000 56179.46969 21.65000 299 0.00065 1.03150 g -1
601 8.48720 26.15000 56179.47328 21.65000 299 0.00065 1.15493 g -1
650 16.14189 33.35000 56179.47687 21.65000 299 0.00062 1.08484 g -1
733 338.17440 40.55000 56179.48046 21.65000 299 0.00060 1.64262 g -1
600 0.96160 26.15000 56179.48405 21.65000 299 0.00059 1.29684 g -1
803 335.18412 54.95000 56179.48763 21.65000 299 0.00059 1.67746 g -1
771 342.13873 47.75000 56179.49122 21.65000 299 0.00059 1.58721 g -1
451 33.28264 4.55000 56179.49481 21.65000 299 0.00055 1.18841 g -1
347 19.29919 -9.85000 56179.49840 21.65000 299 0.00054 1.65450 g -1
599 354.12545 18.95000 56179.50199 21.65000 299 0.00054 1.68964 g -1
1549 30.03696 15.35000 56179.50557 21.65000 299 0.00053 1.13317 g -1
604 31.06400 26.15000 56179.50916 21.65000 299 0.00051 1.07904 g -1
647 353.43600 26.15000 56179.51275 21.65000 299 0.00048 1.71741 g -1
555 37.62436 18.95000 56179.51634 21.65000 299 0.00046 1.08648 g -1
804 345.77437 54.95000 56179.51992 21.65000 299 0.00044 1.70132 g -1
795 246.70105 54.95000 56180.12278 21.65000 299 0.00399 1.15586 g -1
824 246.66667 62.15000 56180.12636 21.65000 299 0.00353 1.22089 g -1
762 253.59800 47.75000 56180.12995 21.65000 299 0.00309 1.09565 g -1
723 252.56770 40.55000 56180.13354 21.65000 299 0.00285 1.09012 g -1
336 297.88975 -17.05000 56180.13713 21.65000 299 0.00224 1.64786 g -1
846 231.42857 69.35000 56180.14072 21.65000 299 0.00195 1.43606 g -1
438 298.44712 -2.65000 56180.14430 21.65000 299 0.00191 1.27438 g -1
387 301.75815 -9.85000 56180.14789 21.65000 299 0.00179 1.43356 g -1
761 243.82331 47.75000 56180.15148 21.65000 299 0.00177 1.22621 g -1
796 257.79854 54.95000 56180.15507 21.65000 299 0.00175 1.15915 g -1
847 248.57143 69.35000 56180.15866 21.65000 299 0.00168 1.35870 g -1
681 259.00293 33.35000 56180.16224 21.65000 299 0.00150 1.11872 g -1
640 300.75680 26.15000 56180.16583 21.65000 299 0.00138 1.01623 g -1
337 304.97168 -17.05000 56180.16942 21.65000 299 0.00138 1.60752 g -1
823 233.33333 62.15000 56180.17301 21.65000 299 0.00126 1.48903 g -1
724 261.18452 40.55000 56180.17660 21.65000 299 0.00109 1.14002 g -1
680 251.14964 33.35000 56180.18018 21.65000 299 0.00106 1.27568 g -1
439 305.47596 -2.65000 56180.18377 21.65000 299 0.00103 1.24433 g -1
863 228.00000 76.55000 56180.18736 21.65000 299 0.00100 1.68351 g -1
386 294.70896 -9.85000 56180.19095 21.65000 299 0.00099 1.38157 g -1
341 333.29939 -17.05000 56180.19454 21.65000 299 0.00097 1.89978 g -1
728 295.65178 40.55000 56180.19812 21.65000 299 0.00090 1.01485 g -1
767 302.47146 47.75000 56180.20171 21.65000 299 0.00088 1.03333 g -1
443 333.59135 -2.65000 56180.20530 21.65000 299 0.00088 1.39249 g -1
765 282.92208 47.75000 56180.20889 21.65000 299 0.00085 1.09161 g -1
495 337.19560 4.55000 56180.21248 21.65000 299 0.00083 1.28413 g -1
491 309.15208 4.55000 56180.21606 21.65000 299 0.00083 1.14094 g -1
726 278.41815 40.55000 56180.21965 21.65000 299 0.00083 1.12651 g -1
489 295.13032 4.55000 56180.22324 21.65000 299 0.00081 1.19558 g -1
543 312.88387 11.75000 56180.22683 21.65000 299 0.00081 1.07547 g -1
290 331.58811 -24.25000 56180.23042 21.65000 299 0.00079 1.97209 g -1
725 269.80133 40.55000 56180.23400 21.65000 299 0.00079 1.26707 g -1
729 304.26859 40.55000 56180.23759 21.65000 299 0.00078 1.02740 g -1
594 317.87636 18.95000 56180.24118 21.65000 299 0.00078 1.03253 g -1
291 338.98118 -24.25000 56180.24477 21.65000 299 0.00124 2.00608 g -1
682 266.85621 33.35000 56180.24835 21.65000 299 0.00076 1.42852 g -1
635 263.32629 26.15000 56180.25194 21.65000 299 0.00075 1.62199 g -1
634 255.84457 26.15000 56180.25553 21.65000 299 0.00075 1.94953 g -1
643 323.33360 26.15000 56180.25912 21.65000 299 0.00075 1.00862 g -1
