0.5294410538 5.4820838782e-01 47.7872819242
0.5330290168 7.4991407375e-01 94.8926377617
0.5366169798 8.3289100169e-01 131.5068230340
0.5402049427 8.5253866191e-01 178.3498996074
0.5437929057 8.7751704045e-01 207.3579862200
0.5473808687 8.7998657016e-01 238.0971159758
0.5509688316 9.1871750775e-01 264.3250423887
0.5545567946 9.2761421003e-01 301.0965952195
0.5581447575 9.3007520811e-01 335.4551788203
0.5617327205 9.4460719459e-01 347.4675691174
0.5624271650 9.4460719459e-01 347.4675691174
0.5660151279 9.4460719459e-01 347.4675691174
0.5696030909 9.4460719459e-01 347.4675691174
0.5731910539 9.4460719459e-01 347.4675691174
0.5767790168 9.4460719459e-01 347.4675691174
0.5803669798 9.4460719459e-01 347.4675691174
0.5839549427 9.4460719459e-01 347.4675691174
0.5875429057 9.4460719459e-01 347.4675691174
0.5911308687 9.4460719459e-01 347.4675691174
0.5947188316 9.4460719459e-01 347.4675691174
