0.0922427376 3.3083378786e-02 47.1578116903
0.0958307005 6.2940178835e-02 94.5254467919
0.0994186635 9.2052751027e-02 141.7881701879
0.1030066265 1.1983509254e-01 188.6837026140
0.1065945894 1.4676115782e-01 216.2754812004
0.1101825524 1.7470924067e-01 264.0627631246
0.1137705154 1.9911699569e-01 311.2730306677
0.1173584783 2.2327118838e-01 359.0078567391
0.1209464413 2.4583657534e-01 406.4804035463
0.1245344043 2.6427000322e-01 453.7955827951
0.1281223672 2.8044784821e-01 480.4431560306
0.1317103302 2.9277919580e-01 526.1846596946
0.1352982931 3.0556031998e-01 574.4965001470
0.1388862561 3.3181711231e-01 621.6018559845
0.1424742191 3.4277851996e-01 669.0219469390
0.1460621820 3.5411868396e-01 716.3895820406
0.1496501450 3.6406757238e-01 755.1544572787
0.1532381080 3.7382237571e-01 802.4696365275
0.1568260709 3.8327435632e-01 847.4767582520
0.1604140339 3.9232384214e-01 894.8443933536
0.1640019969 4.0137352921e-01 942.1595726024
0.1675899598 4.1013140740e-01 969.0694251019
0.1711779228 4.1971878724e-01 1017.2763538488
0.1747658858 4.2599820186e-01 1060.3950648715
0.1783538487 4.3313948513e-01 1106.1890243883
0.1819418117 4.3993849791e-01 1133.2562444464
0.1855297747 4.4664545147e-01 1175.1684708541
0.1891177376 4.9864370385e-01 1201.9734116480
0.1927057006 5.0395452748e-01 1248.3443855460
0.1962936636 5.1668606492e-01 1296.1841233230
0.1998816265 5.2170138170e-01 1322.8841524113
0.2034695895 5.2646292664e-01 1330.8574420408
0.2070575524 5.3102493678e-01 1374.5007115918
0.2106455154 5.3487635784e-01 1418.3538045540
0.2142334784 5.3910991937e-01 1461.4200597239
0.2178214413 5.6685445590e-01 1487.0185159029
0.2214094043 5.7015820340e-01 1529.9798593671
0.2249973673 5.7475846313e-01 1557.9912847761
0.2285853302 5.7859690504e-01 1562.9745907945
0.2321732932 5.8223504801e-01 1606.6703161983
0.2357612562 5.8689130831e-01 1653.7756720358
0.2393492191 5.9012821256e-01 1695.3207074737
0.2429371821 5.9538642925e-01 1712.6835947590
0.2465251451 5.9825026312e-01 1757.9529957476
0.2501131080 6.0119232742e-01 1800.9143392119
0.2537010710 6.0410828187e-01 1847.2328572570
0.2572890340 6.0690086144e-01 1894.2857572416
0.2608769969 6.0883521084e-01 1923.9233140881
0.2644649599 6.1151836396e-01 1971.1335816313
0.2680529229 6.1345921153e-01 2006.8035615527
0.2716408858 6.1537371783e-01 2052.4401535111
0.2752288488 6.1719020053e-01 2098.0767454694
0.2788168117 6.1884232692e-01 2136.8416207076
0.2824047747 6.2047323193e-01 2138.8349431150
0.2859927377 6.2182424480e-01 2178.0194651758
0.2895807006 6.3243520776e-01 2213.0075190105
0.2931686636 6.3351386094e-01 2252.0346735129
0.2967566266 6.3500296649e-01 2254.3951868900
0.3003445895 6.3628727964e-01 2294.4190025960
0.3039325525 6.3755637280e-01 2333.1838778342
0.3075205155 6.3896735684e-01 2335.2821119472
0.3111084784 6.4022206835e-01 2378.4532788228
0.3146964414 6.4148564271e-01 2380.3941453773
0.3182844044 6.4368771926e-01 2385.9544657769
0.3218723673 6.4493526368e-01 2388.2625233012
0.3254603303 6.4598391265e-01 2390.5181249727
0.3290482933 6.4646861301e-01 2419.9458584079
0.3326362562 6.4717207980e-01 2465.5824503663
0.3362242192 6.4785885026e-01 2467.4708610680
0.3398121822 6.5438349847e-01 2492.4923028659
0.3434001451 6.5515789588e-01 2497.5805205900
0.3469881081 6.5568016920e-01 2499.6787547030
0.4079834785 6.5598972129e-01 2519.5070670711
0.4086779229 6.5598972129e-01 2519.5070670711
0.4122658859 6.5598972129e-01 2519.5070670711
0.4158538489 6.5598972129e-01 2519.5070670711
0.4194418118 6.5598972129e-01 2519.5070670711
0.4230297748 6.5598972129e-01 2519.5070670711
0.4266177378 6.5598972129e-01 2519.5070670711
0.4302057007 6.5598972129e-01 2519.5070670711
0.4337936637 6.5598972129e-01 2519.5070670711
0.4373816267 6.5598972129e-01 2519.5070670711
0.4409695896 6.5598972129e-01 2519.5070670711
0.4445575526 6.5598972129e-01 2519.5070670711
0.4481455155 6.5598972129e-01 2519.5070670711
0.4517334785 6.5598972129e-01 2519.5070670711
0.4553214415 6.5598972129e-01 2519.5070670711
0.4589094044 6.5598972129e-01 2519.5070670711
0.4624973674 6.5598972129e-01 2519.5070670711
0.4660853304 6.5598972129e-01 2519.5070670711
0.4696732933 6.5598972129e-01 2519.5070670711
0.4732612563 6.5598972129e-01 2519.5070670711
0.4768492193 6.5598972129e-01 2519.5070670711
0.4804371822 6.5598972129e-01 2519.5070670711
