0.0000000000 2.5549619379e-02 47.4725468073
0.0035879630 4.9392940711e-02 95.1024611730
0.0071759259 6.5741734005e-02 138.1687163429
0.0107638889 7.3351047755e-02 181.7070741882
0.6960264031 2.3328808315e-01 229.4419002596
0.6996143660 3.1884637257e-01 276.3898885386
0.7032023290 3.9065404041e-01 323.6001560817
0.7067902920 4.5277938347e-01 370.6006002136
0.7103782549 5.0059544296e-01 417.2863092284
0.7139662179 5.3396755998e-01 464.4965767716
0.7175541809 5.6158120236e-01 512.2838586958
0.7211421438 5.8509790020e-01 559.6514937974
0.7247301068 6.0628560006e-01 605.5503650199
0.7283180698 6.2757904517e-01 652.9180001215
0.7319060327 6.4790725373e-01 699.9709001061
0.7354939957 6.6217171544e-01 746.9713442379
0.7390819587 6.7607030525e-01 794.0242442226
0.7426699216 6.8733323649e-01 837.8248813320
0.7462578846 6.9876093871e-01 885.1400605808
0.7498458475 7.1012424674e-01 930.8815642448
0.7534338105 7.2070706439e-01 978.0393759351
0.7570217735 7.3054439683e-01 1023.9382471576
0.7606097364 7.3909321323e-01 1070.9911471423
0.7641976994 7.4755459949e-01 1118.8308849193
0.7677856624 7.5579321061e-01 1164.2576534664
0.7713736253 7.6388017439e-01 1210.1040688360
0.7749615883 7.7176798843e-01 1212.2023029491
0.7785495513 7.7894528740e-01 1257.2618805263
0.7821375142 7.8543278202e-01 1302.4263698093
0.7857254772 7.9203144533e-01 1347.5908590922
0.7893134402 7.9743753922e-01 1393.2274510505
0.7929014031 8.0279786292e-01 1440.2803510352
0.7964893661 8.0850863802e-01 1487.5955302840
0.8000773291 8.1332452684e-01 1534.6484302686
0.8036652920 8.1759343564e-01 1581.7013302533
0.8072532550 8.2141819945e-01 1623.1939098384
0.8108412179 8.2543539807e-01 1625.7642466269
0.8144291809 8.2931531162e-01 1627.9673924455
0.8180171439 8.3241003042e-01 1669.4599720307
0.8216051068 8.3513929278e-01 1672.3450439361
0.8251930698 8.3700155330e-01 1718.0340917473
0.8287810328 8.3848600421e-01 1761.1003469172
0.8323689957 8.4019991267e-01 1763.4608602943
0.8330634402 8.4019991267e-01 1763.4608602943
0.8366514032 8.4019991267e-01 1763.4608602943
0.8402393661 8.4019991267e-01 1763.4608602943
0.8438273291 8.4019991267e-01 1763.4608602943
0.8474152920 8.4019991267e-01 1763.4608602943
0.8510032550 8.4019991267e-01 1763.4608602943
0.8545912180 8.4019991267e-01 1763.4608602943
0.8581791809 8.4019991267e-01 1763.4608602943
0.8617671439 8.4019991267e-01 1763.4608602943
0.8653551069 8.4019991267e-01 1763.4608602943
0.8689430698 8.4019991267e-01 1763.4608602943
0.8725310328 8.4019991267e-01 1763.4608602943
0.8761189958 8.4019991267e-01 1763.4608602943
0.8797069587 8.4019991267e-01 1763.4608602943
0.8832949217 8.4019991267e-01 1763.4608602943
0.8868828847 8.4019991267e-01 1763.4608602943
0.8904708476 8.4019991267e-01 1763.4608602943
0.8940588106 8.4019991267e-01 1763.4608602943
0.8976467736 8.4019991267e-01 1763.4608602943
0.9012347365 8.4019991267e-01 1763.4608602943
0.9048226995 8.4019991267e-01 1763.4608602943
0.9084106625 8.4019991267e-01 1763.4608602943
0.9119986254 8.4019991267e-01 1763.4608602943
0.9155865884 8.4019991267e-01 1763.4608602943
0.9191745513 8.4019991267e-01 1763.4608602943
0.9227625143 8.4019991267e-01 1763.4608602943
