0.0000000000 4.5202364503e-02 47.1053558375
0.0035879630 1.3074152133e-01 94.1582558221
0.0071759259 1.6514994663e-01 141.2111558068
0.0107638889 1.9278437784e-01 188.2640557914
0.0143518519 2.1977628042e-01 235.8939701572
0.0179398148 2.2891291094e-01 282.8419584362
0.0215277778 2.3414462148e-01 292.3889236504
0.0251157408 2.3875203609e-01 298.5787142839
0.0287037037 2.4154474700e-01 345.7889818270
0.0322916667 2.6213737352e-01 393.5238078984
0.0358796296 2.6397001435e-01 440.9963547056
0.0394675926 3.1027282129e-01 462.8179894811
0.0430555556 3.1194256929e-01 468.7979567033
0.0466435185 3.1344840419e-01 516.1131359520
0.0502314815 3.1482716526e-01 563.8479620234
0.0538194445 3.1566886567e-01 609.6943773931
0.0574074074 3.1682978102e-01 630.7816302290
0.8801378319 3.1855349103e-01 678.5689121532
0.8837257949 3.1997201218e-01 725.3070770209
0.8844202393 3.1997201218e-01 725.3070770209
0.8880082023 3.1997201218e-01 725.3070770209
0.8915961653 3.1997201218e-01 725.3070770209
0.9167119060 3.1997201218e-01 725.3070770209
0.9202998690 3.1997201218e-01 725.3070770209
0.9346517208 3.1997201218e-01 725.3070770209
0.9382396838 3.1997201218e-01 725.3070770209
0.9525915357 3.1997201218e-01 725.3070770209
0.9561794986 3.1997201218e-01 725.3070770209
0.9633554246 3.1997201218e-01 725.3070770209
0.9741193135 3.1997201218e-01 725.3070770209
0.9777072764 3.1997201218e-01 725.3070770209
0.9812952394 3.1997201218e-01 725.3070770209
0.9884711653 3.1997201218e-01 725.3070770209
0.9956470913 3.1997201218e-01 725.3070770209
