0.0000000000 1.1569183582e-02 47.1578116903
0.0035879630 2.1573633363e-02 94.8926377617
0.0071759259 3.1235075298e-02 141.0537882483
0.0107638889 3.9407392288e-02 187.2149387349
0.0143518519 4.7360526767e-02 235.0022206591
0.0179398148 5.3703859599e-02 282.0551206438
0.0215277778 5.9759105768e-02 329.1604764813
0.0251157408 6.5611559195e-02 376.3707440244
0.0287037037 7.0172890044e-02 422.5318945110
0.0322916667 7.4079808561e-02 469.6372503485
0.0358796296 7.7669360395e-02 516.6901503331
0.0394675926 8.1918907338e-02 563.9528737291
0.0430555556 8.5726764345e-02 608.0157901027
0.0466435185 8.8949834445e-02 655.0686900873
0.0502314815 9.1557136622e-02 702.4363251889
0.0538194445 9.4137461057e-02 749.5941368792
0.0574074074 9.6648122349e-02 796.6470368639
0.0609953704 9.9110517936e-02 843.9622161127
0.0645833334 1.0139229093e-01 889.1267053956
0.0681712963 1.0359104241e-01 936.1796053802
0.0717592593 1.0530773659e-01 983.2325053649
0.0753472223 1.0752042886e-01 1029.1313765874
0.0789351852 1.0909185999e-01 1076.9186585116
0.0825231482 1.1238398129e-01 1123.1847207038
0.0861111112 1.1374808016e-01 1170.0277972772
0.0896990741 1.1522113369e-01 1216.5036828808
0.0932870371 1.1651138573e-01 1261.9304514278
0.0968750001 1.1781704626e-01 1309.2456306766
0.1004629630 1.1908539829e-01 1356.2985306612
0.1040509260 1.2035007664e-01 1403.3514306459
0.1076388889 1.2160677385e-01 1451.0862567173
0.7788270233 1.2313610182e-01 1498.1391567019
0.7824149863 1.2566242178e-01 1545.8739827733
0.7860029493 1.2718424576e-01 1593.6612646975
0.7895909122 1.2822328169e-01 1640.7141646822
0.7931788752 1.2902620863e-01 1687.7670646668
0.7967668382 1.2975989920e-01 1734.8199646515
0.8003548011 1.3305895290e-01 1781.9777763418
0.8039427641 1.3368399538e-01 1829.0306763264
0.8075307270 1.3422620121e-01 1876.2409438696
0.8111186900 1.3470270762e-01 1923.2938438542
0.8147066530 1.3513558301e-01 1970.3991996917
0.8182946159 1.4013335391e-01 2015.5636889746
0.8218825789 1.4056439123e-01 2062.6165889593
0.8254705419 1.4115116072e-01 2109.6694889439
0.8290585048 1.4165799875e-01 2113.2889427889
0.8326464678 1.4200915741e-01 2115.9641912830
0.8362344308 1.4234889051e-01 2162.8072678564
0.8398223937 1.4265041181e-01 2209.7552561354
0.8434103567 1.4310229615e-01 2211.9059461012
0.8469983197 1.4369261813e-01 2215.6827675047
0.8505862826 1.4414770261e-01 2262.7356674893
0.8541742456 1.4443172241e-01 2266.3551213343
0.8577622086 1.4469315363e-01 2312.5687276737
0.8613501715 1.4520512799e-01 2314.6669617867
0.8649381345 1.5005423128e-01 2339.1638450563
0.8685260975 1.5038250482e-01 2386.2167450410
0.8721140604 1.5117479950e-01 2433.2696450256
0.8757020234 1.5141446676e-01 2480.3750008631
0.8792899863 1.5633430090e-01 2503.7178553706
0.8828779493 1.5661036477e-01 2551.5051372948
0.8864659123 1.5698617889e-01 2598.5580372794
0.8900538752 1.6151687540e-01 2623.7368466358
0.8936418382 1.6239271691e-01 2670.7897466204
0.8972298012 1.6265350588e-01 2672.8355248806
0.9008177641 1.6324687165e-01 2720.0457924237
0.9044057271 1.6385570673e-01 2767.0986924084
0.9079936901 1.6813522566e-01 2792.2250459119
0.9115816530 1.6865005093e-01 2839.2779458966
0.9151696160 1.6905755486e-01 2886.5406692925
0.9187575790 1.6941089533e-01 2888.6913592584
0.9223455419 1.7005253844e-01 2935.7967150958
0.9259335049 1.7091495751e-01 2982.8496150805
0.9295214679 1.7151932212e-01 3030.0074267708
0.9331094308 1.7209248260e-01 3076.9554150498
0.9366973938 1.7254967991e-01 3124.7426969740
0.9402853568 1.7337944365e-01 3172.0578762228
0.9438733197 1.7416169775e-01 3219.1107762074
0.9474612827 1.7493279740e-01 3266.3210437506
0.9510492456 1.7588643653e-01 3313.3739437352
0.9546372086 1.7662163629e-01 3359.4301825162
0.9582251716 1.7710446004e-01 3404.6995835047
0.9618131345 1.7801072516e-01 3452.2770420177
0.9654010975 1.7883235131e-01 3499.3823978551
0.9689890605 1.7961396132e-01 3546.4352978398
0.9725770234 1.8034915797e-01 3593.4881978244
0.9761649864 1.8101776247e-01 3639.3346131941
0.9797529494 1.8205544198e-01 3687.1743509711
0.9833409123 1.8272265349e-01 3733.6502365747
0.9869288753 1.8338164417e-01 3781.1752392348
0.9905168383 1.8394698356e-01 3828.2281392194
0.9941048012 1.8451059866e-01 3875.2810392041
0.9976927642 1.8495263599e-01 3922.8060418642
