723 252.56770 40.55000 55957.51201 21.65000 299 0.02855 1.38735 g -1
724 261.18452 40.55000 55957.51560 21.65000 299 0.01812 1.53478 g -1
762 253.59800 47.75000 55957.51918 21.65000 299 0.01657 1.34933 g -1
722 243.95089 40.55000 55957.52277 21.65000 299 0.01606 1.21237 g -1
680 251.14964 33.35000 55957.52636 21.65000 299 0.01520 1.30777 g -1
721 235.33407 40.55000 55957.52995 21.65000 299 0.01366 1.11187 g -1
679 243.29636 33.35000 55957.53354 21.65000 299 0.01283 1.17414 g -1
681 259.00293 33.35000 55957.53712 21.65000 299 0.01172 1.37468 g -1
761 243.82331 47.75000 55957.54071 21.65000 299 0.01085 1.16050 g -1
678 235.44307 33.35000 55957.54430 21.65000 299 0.00932 1.07796 g -1
763 263.37269 47.75000 55957.54789 21.65000 299 0.00876 1.34094 g -1
675 211.88321 33.35000 55957.55148 21.65000 299 0.00754 1.00000 g -1
629 218.43600 26.15000 55957.55506 21.65000 299 0.00722 1.01153 g -1
760 234.04862 47.75000 55957.55865 21.65000 299 0.00637 1.06852 g -1
720 226.71726 40.55000 55957.56224 21.65000 299 0.00602 1.02004 g -1
725 269.80133 40.55000 55957.56583 21.65000 299 0.00533 1.35038 g -1
759 224.27392 47.75000 55957.56942 21.65000 299 0.00522 1.03552 g -1
674 204.02993 33.35000 55957.57300 21.65000 299 0.00465 1.02586 g -1
305 79.52832 -17.05000 55958.09374 21.65000 299 0.00051 1.93977 g -1
257 89.87725 -24.25000 55958.16191 21.65000 299 0.00042 2.00327 g -1
258 97.27032 -24.25000 55958.17985 21.65000 299 0.00044 2.01924 g -1
753 166.67577 47.75000 55958.19779 21.65000 299 0.00031 2.05057 g -1
788 169.45049 54.95000 55958.20138 21.65000 299 0.00029 1.97338 g -1
789 180.37888 54.95000 55958.22649 21.65000 299 0.00039 2.03512 g -1
670 172.61679 33.35000 55958.23367 21.65000 299 0.00093 2.05687 g -1
714 175.01637 40.55000 55958.23726 21.65000 299 0.00052 1.94954 g -1
623 173.54571 26.15000 55958.24802 21.65000 299 0.00065 2.02826 g -1
715 183.63319 40.55000 55958.25520 21.65000 299 0.00133 2.04111 g -1
671 180.47007 33.35000 55958.25878 21.65000 299 0.00096 1.99813 g -1
790 191.39000 54.95000 55958.26237 21.65000 299 0.00078 1.96953 g -1
574 173.27093 18.95000 55958.26596 21.65000 299 0.00041 1.89257 g -1
624 181.02743 26.15000 55958.26955 21.65000 299 0.00038 2.01345 g -1
756 194.94985 47.75000 55958.27672 21.65000 299 0.00033 2.03998 g -1
716 192.25000 40.55000 55958.28031 21.65000 299 0.00387 2.02056 g -1
672 188.32336 33.35000 55958.28390 21.65000 299 0.00173 1.94295 g -1
791 202.40112 54.95000 55958.28749 21.65000 299 0.00103 2.03378 g -1
524 179.49978 11.75000 55958.29108 21.65000 299 0.00030 1.96110 g -1
1715 196.43326 36.95000 55958.29466 21.65000 299 0.00032 2.05576 g -1
472 178.56644 4.55000 55958.29825 21.65000 299 0.00029 2.02978 g -1
673 196.17664 33.35000 55958.30184 21.65000 299 0.00281 2.00511 g -1
717 200.86681 40.55000 55958.30543 21.65000 299 0.00313 2.00043 g -1
757 204.72454 47.75000 55958.30902 21.65000 299 0.00058 1.96631 g -1
525 186.77489 11.57000 55958.31260 21.65000 299 0.00051 1.94292 g -1
473 185.30822 4.71000 55958.31619 21.65000 299 0.00059 2.03725 g -1
792 213.41224 54.95000 55958.31978 21.65000 299 0.00158 2.01099 g -1
626 195.99086 26.15000 55958.32337 21.65000 299 0.00031 1.81505 g -1
718 209.48363 40.55000 55958.32696 21.65000 299 0.00142 2.03723 g -1
758 214.49923 47.75000 55958.33054 21.65000 299 0.00217 2.04364 g -1
627 203.47257 26.15000 55958.33413 21.65000 299 0.00057 1.97026 g -1
474 192.25000 4.55000 55958.33772 21.65000 299 0.00054 2.00167 g -1
526 193.90000 11.75000 55958.34131 21.65000 299 0.00044 1.79971 g -1
822 220.00000 62.15000 55958.34490 21.65000 299 0.00034 1.84660 g -1
793 224.50609 54.95000 55958.34848 21.65000 299 0.00146 2.03529 g -1
628 210.95429 26.15000 55958.35207 21.65000 299 0.00205 2.01907 g -1
719 218.10044 40.55000 55958.35566 21.65000 299 0.00117 1.96144 g -1
1673 215.22850 29.75000 55958.35925 21.65000 299 0.00046 2.01035 g -1
823 233.33333 62.15000 55958.36284 21.65000 299 0.00067 2.01962 g -1
676 219.73650 33.35000 55958.36642 21.65000 299 0.00266 2.01554 g -1
1716 204.79978 36.95000 55958.37001 21.65000 299 0.00030 1.45384 g -1
580 216.23608 18.95000 55958.37719 21.65000 299 0.00113 2.02618 g -1
794 235.60357 54.95000 55958.38078 21.65000 299 0.00209 2.01547 g -1
1759 229.41213 44.15000 55958.38436 21.65000 299 0.00039 1.93267 g -1
677 227.58979 33.35000 55958.38795 21.65000 299 0.00241 2.01903 g -1
630 225.91771 26.15000 55958.39154 21.65000 299 0.00179 2.05503 g -1
1719 230.02320 36.95000 55958.39513 21.65000 299 0.00032 1.93412 g -1
581 223.50463 18.95000 55958.39872 21.65000 299 0.00382 2.00015 g -1
824 246.66667 62.15000 55958.40230 21.65000 299 0.00077 1.99382 g -1
530 222.10044 11.75000 55958.40589 21.65000 299 0.00129 2.01707 g -1
795 246.70105 54.95000 55958.40948 21.65000 299 0.00412 2.04013 g -1
631 233.39943 26.15000 55958.41307 21.65000 299 0.00204 2.03965 g -1
1720 238.26585 36.95000 55958.41666 21.65000 299 0.00064 1.95369 g -1
582 230.77318 18.95000 55958.42024 21.65000 299 0.00052 1.97487 g -1
531 229.07556 11.75000 55958.42383 21.65000 299 0.00065 2.04275 g -1
1761 247.73246 44.15000 55958.42742 21.65000 299 0.00089 2.04428 g -1
479 226.45889 4.55000 55958.43101 21.65000 299 0.00059 2.02703 g -1
632 240.88114 26.15000 55958.43460 21.65000 299 0.00398 2.02453 g -1
1721 246.63237 36.95000 55958.43818 21.65000 299 0.00079 1.97917 g -1
796 257.79854 54.95000 55958.44177 21.65000 299 0.00322 2.02040 g -1
583 238.04173 18.95000 55958.44536 21.65000 299 0.00078 1.89095 g -1
1760 238.48538 44.15000 55958.44895 21.65000 299 0.00050 1.52174 g -1
1762 256.97954 44.15000 55958.45253 21.65000 299 0.00100 2.05167 g -1
633 248.36286 26.15000 55958.45612 21.65000 299 0.00350 2.00967 g -1
1722 255.10475 36.95000 55958.45971 21.65000 299 0.00116 2.01023 g -1
584 245.31027 18.95000 55958.46330 21.65000 299 0.00065 1.92645 g -1
825 260.00000 62.15000 55958.46689 21.65000 299 0.00050 1.75729 g -1
1677 245.86650 29.75000 55958.47047 21.65000 299 0.00038 1.64293 g -1
634 255.84457 26.15000 55958.47406 21.65000 299 0.00276 2.06075 g -1
797 268.89602 54.95000 55958.47765 21.65000 299 0.00116 1.95897 g -1
1723 263.36541 36.95000 55958.48124 21.65000 299 0.00056 2.03249 g -1
585 252.57882 18.95000 55958.48483 21.65000 299 0.00043 1.90328 g -1
1763 266.22662 44.15000 55958.48841 21.65000 299 0.00043 1.90327 g -1
1798 249.56881 51.35000 55958.49200 21.65000 299 0.00035 1.42112 g -1
682 266.85621 33.35000 55958.49559 21.65000 299 0.00424 2.03701 g -1
764 273.14738 47.75000 55958.49918 21.65000 299 0.00216 1.95494 g -1
635 263.32629 26.15000 55958.50277 21.65000 299 0.00132 1.92060 g -1
1678 253.52600 29.75000 55958.50635 21.65000 299 0.00034 1.50015 g -1
1676 238.20700 29.75000 55958.50994 21.65000 299 0.00033 1.21330 g -1
