756 194.94985 47.75000 56103.17136 21.65000 299 0.06099 1.08401 g -1
717 200.86681 40.55000 56103.17495 21.65000 299 0.05128 1.04349 g -1
790 191.39000 54.95000 56103.17854 21.65000 299 0.04809 1.15262 g -1
674 204.02993 33.35000 56103.18213 21.65000 299 0.03928 1.03636 g -1
627 203.47257 26.15000 56103.18571 21.65000 299 0.02991 1.05671 g -1
820 193.33333 62.15000 56103.18930 21.65000 299 0.02154 1.22080 g -1
843 180.00000 69.35000 56103.19289 21.65000 299 0.01945 1.39079 g -1
579 208.96753 18.95000 56103.19648 21.65000 299 0.01640 1.07809 g -1
861 180.00000 76.55000 56103.20007 21.65000 299 0.01368 1.50746 g -1
716 192.25000 40.55000 56103.20365 21.65000 299 0.01119 1.16407 g -1
673 196.17664 33.35000 56103.20724 21.65000 299 0.01006 1.14594 g -1
819 180.00000 62.15000 56103.21083 21.65000 299 0.00815 1.38257 g -1
529 215.12533 11.75000 56103.21442 21.65000 299 0.00485 1.12894 g -1
844 197.14286 69.35000 56103.21801 21.65000 299 0.00436 1.33917 g -1
580 216.23608 18.95000 56103.22159 21.65000 299 0.00429 1.08772 g -1
757 204.72454 47.75000 56103.22518 21.65000 299 0.00428 1.13944 g -1
628 210.95429 26.15000 56103.22877 21.65000 299 0.00407 1.10713 g -1
791 202.40112 54.95000 56103.23236 21.65000 299 0.00370 1.20735 g -1
676 219.73650 33.35000 56103.23595 21.65000 299 0.00343 1.05341 g -1
719 218.10044 40.55000 56103.23953 21.65000 299 0.00301 1.07163 g -1
629 218.43600 26.15000 56103.24312 21.65000 299 0.00280 1.09062 g -1
759 224.27392 47.75000 56103.24671 21.65000 299 0.00271 1.07496 g -1
528 208.15022 11.75000 56103.25030 21.65000 299 0.00247 1.33402 g -1
793 224.50609 54.95000 56103.25389 21.65000 299 0.00215 1.12415 g -1
675 211.88321 33.35000 56103.25747 21.65000 299 0.00211 1.16952 g -1
758 214.49923 47.75000 56103.26106 21.65000 299 0.00194 1.16305 g -1
860 156.00000 76.55000 56103.26465 21.65000 299 0.00180 1.94385 g -1
792 213.41224 54.95000 56103.26824 21.65000 299 0.00170 1.22262 g -1
1755 192.06898 44.15000 56103.27182 21.65000 299 0.00164 1.51777 g -1
718 209.48363 40.55000 56103.27541 21.65000 299 0.00153 1.25861 g -1
1824 186.98986 58.55000 56103.27900 21.65000 299 0.00152 1.62259 g -1
822 220.00000 62.15000 56103.28259 21.65000 299 0.00149 1.26360 g -1
1671 199.90950 29.75000 56103.28618 21.65000 299 0.00147 1.57220 g -1
1716 204.79978 36.95000 56103.28976 21.65000 299 0.00144 1.42768 g -1
720 226.71726 40.55000 56103.29335 21.65000 299 0.00143 1.14585 g -1
1715 196.43326 36.95000 56103.29694 21.65000 299 0.00136 1.70050 g -1
821 206.66667 62.15000 56103.30053 21.65000 299 0.00136 1.44751 g -1
1756 201.49708 44.15000 56103.30412 21.65000 299 0.00133 1.56774 g -1
1793 197.46612 51.35000 56103.30770 21.65000 299 0.00132 1.64888 g -1
1792 187.03388 51.35000 56103.31129 21.65000 299 0.00114 1.98801 g -1
1624 206.84333 22.55000 56103.31488 21.65000 299 0.00109 1.79671 g -1
845 214.28571 69.35000 56103.31847 21.65000 299 0.00106 1.48383 g -1
1851 188.79757 65.75000 56103.32206 21.65000 299 0.00096 1.86198 g -1
630 225.91771 26.15000 56103.32564 21.65000 299 0.00095 1.34729 g -1
581 223.50463 18.95000 56103.32923 21.65000 299 0.00085 1.50126 g -1
862 204.00000 76.55000 56103.33282 21.65000 299 0.00064 1.68794 g -1
677 227.58979 33.35000 56103.33641 21.65000 299 0.00064 1.33865 g -1
820 193.33333 62.15000 56103.33710 21.65000 299 0.02154 1.92060 r -1
861 180.00000 76.55000 56103.34069 21.65000 299 0.01368 1.99043 r -1
844 197.14286 69.35000 56103.34428 21.65000 299 0.00436 1.82906 r -1
580 216.23608 18.95000 56103.34787 21.65000 299 0.00429 1.99488 r -1
757 204.72454 47.75000 56103.35145 21.65000 299 0.00428 1.93443 r -1
791 202.40112 54.95000 56103.35504 21.65000 299 0.00370 1.94516 r -1
676 219.73650 33.35000 56103.35863 21.65000 299 0.00343 1.71540 r -1
719 218.10044 40.55000 56103.36222 21.65000 299 0.00301 1.71624 r -1
759 224.27392 47.75000 56103.36581 21.65000 299 0.00271 1.53807 r -1
793 224.50609 54.95000 56103.36939 21.65000 299 0.00215 1.53919 r -1
758 214.49923 47.75000 56103.37298 21.65000 299 0.00194 1.86539 r -1
792 213.41224 54.95000 56103.37657 21.65000 299 0.00170 1.84913 r -1
822 220.00000 62.15000 56103.38016 21.65000 299 0.00149 1.68111 r -1
720 226.71726 40.55000 56103.38375 21.65000 299 0.00143 1.69098 r -1
845 214.28571 69.35000 56103.38733 21.65000 299 0.00106 1.80278 r -1
862 204.00000 76.55000 56103.39092 21.65000 299 0.00064 1.91608 r -1
677 227.58979 33.35000 56103.39451 21.65000 299 0.00064 1.90462 r -1
