583 238.04173 18.95000 56090.16879 21.65000 299 0.01956 1.19346 g -1
681 259.00293 33.35000 56090.17238 21.65000 299 0.01611 1.38557 g -1
584 245.31027 18.95000 56090.17597 21.65000 299 0.01547 1.24957 g -1
633 248.36286 26.15000 56090.17956 21.65000 299 0.01487 1.22239 g -1
532 236.05067 11.75000 56090.18315 21.65000 299 0.01484 1.18311 g -1
682 266.85621 33.35000 56090.18673 21.65000 299 0.01044 1.43821 g -1
727 287.03496 40.55000 56090.19032 21.65000 299 0.00843 1.90028 g -1
632 240.88114 26.15000 56090.19391 21.65000 299 0.00770 1.09974 g -1
531 229.07556 11.75000 56090.19750 21.65000 299 0.00734 1.10513 g -1
726 278.41815 40.55000 56090.20109 21.65000 299 0.00676 1.52755 g -1
634 255.84457 26.15000 56090.20467 21.65000 299 0.00567 1.20312 g -1
725 269.80133 40.55000 56090.20826 21.65000 299 0.00555 1.31935 g -1
479 226.45889 4.55000 56090.21185 21.65000 299 0.00513 1.14832 g -1
728 295.65178 40.55000 56090.21544 21.65000 299 0.00486 1.88308 g -1
480 233.30067 4.55000 56090.21902 21.65000 299 0.00478 1.16030 g -1
686 298.26936 33.35000 56090.22261 21.65000 299 0.01217 2.02972 g -1
683 274.70950 33.35000 56090.22620 21.65000 299 0.00456 1.32085 g -1
680 251.14964 33.35000 56090.22979 21.65000 299 0.00445 1.06686 g -1
724 261.18452 40.55000 56090.23338 21.65000 299 0.00389 1.12539 g -1
533 243.02578 11.75000 56090.23696 21.65000 299 0.00297 1.10377 g -1
640 300.75680 26.15000 56090.24055 21.65000 299 0.00370 2.01406 g -1
582 230.77318 18.95000 56090.24414 21.65000 299 0.00271 1.03281 g -1
685 290.41607 33.35000 56090.24773 21.65000 299 0.00250 1.47116 g -1
684 282.56279 33.35000 56090.25132 21.65000 299 0.00214 1.30173 g -1
428 227.70000 -2.65000 56090.25490 21.65000 299 0.00193 1.24947 g -1
585 252.57882 18.95000 56090.25849 21.65000 299 0.00175 1.06436 g -1
427 220.61000 -2.65000 56090.26208 21.65000 299 0.00169 1.30044 g -1
635 263.32629 26.15000 56090.26567 21.65000 299 0.00165 1.07661 g -1
687 306.08789 33.35000 56090.26926 21.65000 299 0.00121 1.67919 g -1
1629 243.46476 22.55000 56090.27284 21.65000 299 0.00119 1.01835 g -1
375 216.99383 -9.85000 56090.27643 21.65000 299 0.00088 1.55784 g -1
481 240.14244 4.55000 56090.28002 21.65000 299 0.00084 1.14516 g -1
1578 234.32714 15.35000 56090.28361 21.65000 299 0.00081 1.07077 g -1
1723 263.36541 36.95000 56090.28720 21.65000 299 0.00073 1.02845 g -1
376 224.06350 -9.85000 56090.29078 21.65000 299 0.00073 1.52979 g -1
1579 241.34000 15.35000 56090.29437 21.65000 299 0.00073 1.06188 g -1
534 250.00089 11.75000 56090.29796 21.65000 299 0.00063 1.07598 g -1
636 270.80800 26.15000 56090.30155 21.65000 299 0.00059 1.04770 g -1
478 219.61711 4.55000 56090.30514 21.65000 299 0.00059 1.36687 g -1
1526 230.65100 8.15000 56090.30872 21.65000 299 0.00056 1.20474 g -1
1724 271.73193 36.95000 56090.31231 21.65000 299 0.00051 1.02614 g -1
1678 253.52600 29.75000 56090.31590 21.65000 299 0.00051 1.00400 g -1
592 303.37673 18.95000 56090.31949 21.65000 299 0.00050 1.34441 g -1
1630 250.78086 22.55000 56090.32308 21.65000 299 0.00047 1.02936 g -1
679 243.29636 33.35000 56090.32666 21.65000 299 0.00044 1.03681 g -1
1727 296.83148 36.95000 56090.33025 21.65000 299 0.00042 1.13032 g -1
429 234.79000 -2.65000 56090.33384 21.65000 299 0.00040 1.42647 g -1
1684 299.48300 29.75000 56090.33743 21.65000 299 0.00039 1.14357 g -1
729 304.26859 40.55000 56090.34102 21.65000 299 0.00038 1.16084 g -1
1679 261.36518 29.75000 56090.34460 21.65000 299 0.00037 1.00708 g -1
765 282.92208 47.75000 56090.34819 21.65000 299 0.00034 1.04920 g -1
639 293.25314 26.15000 56090.35178 21.65000 299 0.00033 1.06966 g -1
631 233.39943 26.15000 56090.35537 21.65000 299 0.00032 1.20752 g -1
530 222.10044 11.75000 56090.35896 21.65000 299 0.00030 1.60191 g -1
1725 280.09844 36.95000 56090.36254 21.65000 299 0.00030 1.00506 g -1
1726 288.46496 36.95000 56090.36613 21.65000 299 0.00028 1.01829 g -1
1628 236.19677 22.55000 56090.36972 21.65000 299 0.00026 1.26095 g -1
641 308.28240 26.15000 56090.37331 21.65000 299 0.00025 1.11977 g -1
637 278.28971 26.15000 56090.37690 21.65000 299 0.00025 1.00820 g -1
586 259.84737 18.95000 56090.38048 21.65000 299 0.00024 1.09293 g -1
1677 245.86650 29.75000 56090.38407 21.65000 299 0.00024 1.16864 g -1
482 246.98422 4.55000 56090.38766 21.65000 299 0.00023 1.40564 g -1
723 252.56770 40.55000 56090.39125 21.65000 299 0.00022 1.11948 g -1
583 238.04173 18.95000 56090.39194 21.65000 299 0.01956 1.39747 r -1
681 259.00293 33.35000 56090.39553 21.65000 299 0.01611 1.08567 r -1
584 245.31027 18.95000 56090.39912 21.65000 299 0.01547 1.31394 r -1
633 248.36286 26.15000 56090.40271 21.65000 299 0.01487 1.23393 r -1
532 236.05067 11.75000 56090.40629 21.65000 299 0.01484 1.69870 r -1
686 298.26936 33.35000 56090.40988 21.65000 299 0.01217 1.00461 r -1
682 266.85621 33.35000 56090.41347 21.65000 299 0.01044 1.07681 r -1
727 287.03496 40.55000 56090.41706 21.65000 299 0.00843 1.01318 r -1
632 240.88114 26.15000 56090.42065 21.65000 299 0.00770 1.48018 r -1
726 278.41815 40.55000 56090.42423 21.65000 299 0.00676 1.04230 r -1
634 255.84457 26.15000 56090.42782 21.65000 299 0.00567 1.25519 r -1
725 269.80133 40.55000 56090.43141 21.65000 299 0.00555 1.10027 r -1
728 295.65178 40.55000 56090.43500 21.65000 299 0.00486 1.01058 r -1
683 274.70950 33.35000 56090.43859 21.65000 299 0.00456 1.08457 r -1
680 251.14964 33.35000 56090.44217 21.65000 299 0.00445 1.37015 r -1
724 261.18452 40.55000 56090.44576 21.65000 299 0.00389 1.22247 r -1
640 300.75680 26.15000 56090.44935 21.65000 299 0.00370 1.01099 r -1
685 290.41607 33.35000 56090.45294 21.65000 299 0.00250 1.03076 r -1
684 282.56279 33.35000 56090.45652 21.65000 299 0.00214 1.07577 r -1
585 252.57882 18.95000 56090.46011 21.65000 299 0.00175 1.64999 r -1
635 263.32629 26.15000 56090.46370 21.65000 299 0.00165 1.34035 r -1
687 306.08789 33.35000 56090.46729 21.65000 299 0.00121 1.00426 r -1
1723 263.36541 36.95000 56090.47088 21.65000 299 0.00073 1.32204 r -1
636 270.80800 26.15000 56090.47446 21.65000 299 0.00059 1.28213 r -1
1724 271.73193 36.95000 56090.47805 21.65000 299 0.00051 1.24071 r -1
