490 302.14120 4.55000 55895.06870 21.65000 299 0.01648 1.36450 g -1
685 290.41607 33.35000 55895.07229 21.65000 299 0.01327 1.28837 g -1
639 293.25314 26.15000 55895.07588 21.65000 299 0.01227 1.30487 g -1
727 287.03496 40.55000 55895.07947 21.65000 299 0.01144 1.35581 g -1
591 296.12691 18.95000 55895.08305 21.65000 299 0.00997 1.36305 g -1
541 298.91537 11.75000 55895.08664 21.65000 299 0.00941 1.42512 g -1
542 305.89962 11.75000 55895.09023 21.65000 299 0.00750 1.32444 g -1
765 282.92208 47.75000 55895.09382 21.65000 299 0.00649 1.50119 g -1
728 295.65178 40.55000 55895.09740 21.65000 299 0.00496 1.32217 g -1
766 292.69677 47.75000 55895.10099 21.65000 299 0.00429 1.37658 g -1
686 298.26936 33.35000 55895.10458 21.65000 299 0.00399 1.34912 g -1
737 12.25000 47.75000 55895.10817 21.65000 299 0.00385 1.07704 g -1
592 303.37673 18.95000 55895.11176 21.65000 299 0.00341 1.42373 g -1
640 300.75680 26.15000 55895.11534 21.65000 299 0.00292 1.42891 g -1
830 326.66667 62.15000 55895.11893 21.65000 299 0.00281 1.20371 g -1
773 6.95487 54.95000 55895.12252 21.65000 299 0.00278 1.08676 g -1
736 2.21291 47.75000 55895.12611 21.65000 299 0.00257 1.03521 g -1
798 279.99351 54.95000 55895.12970 21.65000 299 0.00229 1.83019 g -1
829 313.33333 62.15000 55895.13328 21.65000 299 0.00224 1.32429 g -1
543 312.88387 11.75000 55895.13687 21.65000 299 0.00204 1.51718 g -1
832 353.33333 62.15000 55895.14046 21.65000 299 0.00201 1.14800 g -1
852 334.28571 69.35000 55895.14405 21.65000 299 0.00199 1.29728 g -1
695 11.90000 40.40000 55895.14764 21.65000 299 0.00190 1.01276 g -1
593 310.62655 18.95000 55895.15122 21.65000 299 0.00188 1.59617 g -1
774 17.54512 54.95000 55895.15481 21.65000 299 0.00188 1.08482 g -1
851 317.14286 69.35000 55895.15840 21.65000 299 0.00184 1.43485 g -1
650 16.14189 33.35000 55895.16199 21.65000 299 0.00175 1.00407 g -1
831 340.00000 62.15000 55895.16558 21.65000 299 0.00170 1.22090 g -1
696 20.38973 40.55000 55895.16916 21.65000 299 0.00147 1.01416 g -1
802 324.38344 54.95000 55895.17275 21.65000 299 0.00144 1.31355 g -1
694 3.46860 40.55000 55895.17634 21.65000 299 0.00142 1.02162 g -1
806 6.66667 62.15000 55895.17993 21.65000 299 0.00142 1.14928 g -1
649 8.35811 33.35000 55895.18352 21.65000 299 0.00142 1.00941 g -1
801 313.28596 54.95000 55895.18710 21.65000 299 0.00131 1.54664 g -1
738 22.28709 47.75000 55895.19069 21.65000 299 0.00123 1.03307 g -1
805 356.36462 54.95000 55895.19428 21.65000 299 0.00119 1.13183 g -1
775 28.13537 54.95000 55895.19787 21.65000 299 0.00112 1.07829 g -1
804 345.77437 54.95000 55895.20146 21.65000 299 0.00111 1.21151 g -1
602 16.01280 26.15000 55895.20504 21.65000 299 0.00107 1.01834 g -1
697 28.87947 40.55000 55895.20863 21.65000 299 0.00107 1.00851 g -1
651 23.92567 33.35000 55895.21222 21.65000 299 0.00099 1.00184 g -1
739 32.32418 47.75000 55895.21581 21.65000 299 0.00096 1.03349 g -1
601 8.48720 26.15000 55895.21940 21.65000 299 0.00092 1.06759 g -1
853 351.42857 69.35000 55895.22298 21.65000 299 0.00088 1.35555 g -1
769 322.06455 47.75000 55895.22657 21.65000 299 0.00087 1.70216 g -1
652 31.70944 33.35000 55895.23016 21.65000 299 0.00086 1.00086 g -1
807 20.00000 62.15000 55895.23375 21.65000 299 0.00080 1.16140 g -1
803 335.18412 54.95000 55895.23734 21.65000 299 0.00080 1.48128 g -1
867 324.00000 76.55000 55895.24092 21.65000 299 0.00080 1.70612 g -1
808 33.33333 62.15000 55895.24451 21.65000 299 0.00078 1.14486 g -1
603 23.53840 26.15000 55895.24810 21.65000 299 0.00077 1.04434 g -1
833 8.57143 69.35000 55895.25169 21.65000 299 0.00077 1.31775 g -1
776 38.72562 54.95000 55895.25528 21.65000 299 0.00076 1.07789 g -1
698 37.42753 40.55000 55895.25886 21.65000 299 0.00073 1.01357 g -1
604 31.06400 26.15000 55895.26245 21.65000 299 0.00071 1.03501 g -1
552 15.87491 18.95000 55895.26604 21.65000 299 0.00065 1.17455 g -1
551 8.62509 18.95000 55895.26963 21.65000 299 0.00061 1.27823 g -1
740 42.36127 47.75000 55895.27322 21.65000 299 0.00061 1.03808 g -1
553 23.12473 18.95000 55895.27680 21.65000 299 0.00060 1.14344 g -1
854 12.00000 76.55000 55895.28039 21.65000 299 0.00059 1.46719 g -1
834 25.71429 69.35000 55895.28398 21.65000 299 0.00055 1.29275 g -1
554 30.37455 18.95000 55895.28757 21.65000 299 0.00054 1.11693 g -1
772 352.17582 47.75000 55895.29115 21.65000 299 0.00053 1.53967 g -1
653 39.49322 33.35000 55895.29474 21.65000 299 0.00052 1.03684 g -1
868 348.00000 76.55000 55895.29833 21.65000 299 0.00050 1.67488 g -1
809 46.66667 62.15000 55895.30192 21.65000 299 0.00049 1.15628 g -1
605 38.58960 26.15000 55895.30551 21.65000 299 0.00045 1.07321 g -1
502 22.72637 11.75000 55895.30909 21.65000 299 0.00043 1.35923 g -1
501 15.74212 11.75000 55895.31268 21.65000 299 0.00043 1.53139 g -1
500 8.75787 11.75000 55895.31627 21.65000 299 0.00043 1.78887 g -1
735 355.03720 40.55000 55895.31986 21.65000 299 0.00043 1.80298 g -1
648 0.57433 33.35000 55895.32345 21.65000 299 0.00041 1.76183 g -1
835 42.85714 69.35000 55895.32703 21.65000 299 0.00040 1.28611 g -1
777 49.31587 54.95000 55895.33062 21.65000 299 0.00039 1.11566 g -1
413 121.35000 -2.65000 55895.33421 21.65000 299 0.00039 1.92543 g -1
361 118.01850 -9.85000 55895.33780 21.65000 299 0.00041 2.03317 g -1
518 135.84911 11.75000 55895.34139 21.65000 299 0.00041 1.97445 g -1
465 130.67400 4.55000 55895.34497 21.65000 299 0.00041 1.90490 g -1
414 128.44000 -2.65000 55895.34856 21.65000 299 0.00049 2.00822 g -1
877 340.00000 83.75000 55895.35215 21.65000 299 0.00038 1.87671 g -1
466 137.51578 4.55000 55895.35574 21.65000 299 0.00054 2.04392 g -1
362 125.08817 -9.85000 55895.35933 21.65000 299 0.00053 2.00486 g -1
699 45.97560 40.55000 55895.36291 21.65000 299 0.00038 1.15241 g -1
415 135.53000 -2.65000 55895.36650 21.65000 299 0.00059 2.03705 g -1
503 29.71062 11.75000 55895.37009 21.65000 299 0.00038 1.73284 g -1
467 144.35756 4.55000 55895.37368 21.65000 299 0.00046 2.06301 g -1
363 132.15783 -9.85000 55895.37727 21.65000 299 0.00050 2.02933 g -1
311 121.94304 -17.05000 55895.38085 21.65000 299 0.00043 1.96666 g -1
310 114.91235 -17.05000 55895.38444 21.65000 299 0.00038 1.77183 g -1
416 142.62000 -2.65000 55895.38803 21.65000 299 0.00048 2.00559 g -1
519 143.12422 11.75000 55895.39162 21.65000 299 0.00037 1.57655 g -1
555 37.62436 18.95000 55895.39521 21.65000 299 0.00036 1.62677 g -1
855 36.00000 76.55000 55895.39879 21.65000 299 0.00036 1.57789 g -1
559 66.62364 18.95000 55895.40238 21.65000 299 0.00035 1.15991 g -1
464 123.83222 4.55000 55895.40597 21.65000 299 0.00034 1.26105 g -1
508 64.63187 11.75000 55895.40956 21.65000 299 0.00033 1.27463 g -1
609 68.69200 26.15000 55895.41315 21.65000 299 0.00033 1.13782 g -1
455 61.32616 4.55000 55895.41673 21.65000 299 0.00032 1.47904 g -1
658 78.41211 33.35000 55895.42032 21.65000 299 0.00031 1.06857 g -1
703 80.23141 40.55000 55895.42391 21.65000 299 0.00031 1.06814 g -1
713 166.39956 40.55000 55895.42750 21.65000 299 0.00031 1.49493 g -1
657 70.62833 33.35000 55895.43109 21.65000 299 0.00031 1.15791 g -1
610 76.21760 26.15000 55895.43467 21.65000 299 0.00030 1.14006 g -1
507 57.64762 11.75000 55895.43826 21.65000 299 0.00030 1.62534 g -1
741 52.39836 47.75000 55895.44185 21.65000 299 0.00030 1.42820 g -1
558 59.37382 18.95000 55895.44544 21.65000 299 0.00030 1.52592 g -1
569 138.00511 18.95000 55895.44903 21.65000 299 0.00029 1.11412 g -1
745 91.27823 47.75000 55895.45261 21.65000 299 0.00029 1.08467 g -1
669 164.76350 33.35000 55895.45620 21.65000 299 0.00029 1.30962 g -1
869 20.00000 83.75000 55895.45979 21.65000 299 0.00029 1.86797 g -1
517 128.57400 11.75000 55895.46338 21.65000 299 0.00029 1.08994 g -1
560 73.87345 18.95000 55895.46697 21.65000 299 0.00029 1.37780 g -1
360 110.94883 -9.85000 55895.47055 21.65000 299 0.00028 1.39853 g -1
704 88.84822 40.55000 55895.47414 21.65000 299 0.00028 1.12969 g -1
412 114.26000 -2.65000 55895.47773 21.65000 299 0.00028 1.25509 g -1
608 61.16640 26.15000 55895.48132 21.65000 299 0.00027 1.75238 g -1
744 81.85354 47.75000 55895.48490 21.65000 299 0.00027 1.23944 g -1
782 103.90195 54.95000 55895.48849 21.65000 299 0.00027 1.12485 g -1
509 71.61613 11.75000 55895.49208 21.65000 299 0.00026 1.81312 g -1
665 133.35036 33.35000 55895.49567 21.65000 299 0.00026 1.00093 g -1
810 60.00000 62.15000 55895.49926 21.65000 299 0.00026 1.64113 g -1
781 92.97719 54.95000 55895.50284 21.65000 299 0.00026 1.22256 g -1
702 71.61980 40.55000 55895.50643 21.65000 299 0.00026 1.54017 g -1
746 100.70292 47.75000 55895.51002 21.65000 299 0.00026 1.15200 g -1
309 107.85604 -17.05000 55895.51361 21.65000 299 0.00026 1.86386 g -1
568 130.95195 18.95000 55895.51720 21.65000 299 0.00025 1.03942 g -1
659 86.23064 33.35000 55895.52078 21.65000 299 0.00025 1.38869 g -1
364 139.22750 -9.85000 55895.52437 21.65000 299 0.00025 1.37366 g -1
709 131.93230 40.55000 55895.52796 21.65000 299 0.00025 1.01794 g -1
563 95.57843 18.95000 55895.53155 21.65000 299 0.00025 1.40958 g -1
783 114.82671 54.95000 55895.53514 21.65000 299 0.00025 1.15377 g -1
664 125.49707 33.35000 55895.53872 21.65000 299 0.00025 1.04595 g -1
856 60.00000 76.55000 55895.54231 21.65000 299 0.00024 1.83485 g -1
570 145.05827 18.95000 55895.54590 21.65000 299 0.00024 1.03430 g -1
512 92.56888 11.75000 55895.54949 21.65000 299 0.00024 1.80472 g -1
312 128.97374 -17.05000 55895.55308 21.65000 299 0.00024 1.73118 g -1
836 60.00000 69.35000 55895.55666 21.65000 299 0.00024 1.98821 g -1
463 116.99044 4.55000 55895.56025 21.65000 299 0.00024 1.40736 g -1
666 141.20364 33.35000 55895.56384 21.65000 299 0.00023 1.02058 g -1
