548 347.80512 11.75000 55852.08811 21.65000 299 0.00060 1.48933 g -1
497 351.21736 4.55000 55852.09170 21.65000 299 0.00057 1.69350 g -1
549 354.78937 11.75000 55852.09529 21.65000 299 0.00055 1.60239 g -1
598 346.87564 18.95000 55852.09888 21.65000 299 0.00053 1.30643 g -1
599 354.12545 18.95000 55852.10246 21.65000 299 0.00044 1.41368 g -1
597 339.62582 18.95000 55852.10605 21.65000 299 0.00042 1.18029 g -1
394 351.10244 -9.85000 55852.10964 21.65000 299 0.00039 1.94431 g -1
445 347.64904 -2.65000 55852.11323 21.65000 299 0.00036 1.57284 g -1
547 340.82087 11.75000 55852.11682 21.65000 299 0.00036 1.21367 g -1
343 347.46325 -17.05000 55852.12040 21.65000 299 0.00043 2.02159 g -1
652 31.70944 33.35000 55852.13476 21.65000 299 0.00083 2.01927 g -1
698 37.42753 40.55000 55852.14193 21.65000 299 0.00547 2.00294 g -1
740 42.36127 47.75000 55852.14552 21.65000 299 0.01079 2.01075 g -1
777 49.31587 54.95000 55852.15270 21.65000 299 0.01445 2.03741 g -1
653 39.49322 33.35000 55852.15628 21.65000 299 0.00487 2.02024 g -1
1739 44.44354 44.15000 55852.15987 21.65000 299 0.00087 1.95605 g -1
699 45.97560 40.55000 55852.16346 21.65000 299 0.00942 2.03762 g -1
1779 51.92760 51.35000 55852.16705 21.65000 299 0.00111 2.01223 g -1
741 52.39836 47.75000 55852.17064 21.65000 299 0.01778 2.05000 g -1
810 60.00000 62.15000 55852.17422 21.65000 299 0.01152 2.00336 g -1
605 38.58960 26.15000 55852.17781 21.65000 299 0.00107 1.79908 g -1
1813 54.98986 58.55000 55852.18140 21.65000 299 0.00072 1.84775 g -1
778 60.11656 54.95000 55852.18499 21.65000 299 0.03025 2.00876 g -1
700 54.52367 40.55000 55852.18858 21.65000 299 0.00104 2.01501 g -1
654 47.27700 33.35000 55852.19216 21.65000 299 0.00069 1.80340 g -1
742 62.43545 47.75000 55852.19934 21.65000 299 0.00242 2.03733 g -1
1814 66.98986 58.55000 55852.20293 21.65000 299 0.00215 1.96379 g -1
837 77.14286 69.35000 55852.20652 21.65000 299 0.00214 2.01707 g -1
811 73.33333 62.15000 55852.21010 21.65000 299 0.03585 2.01435 g -1
779 71.12768 54.95000 55852.21369 21.65000 299 0.01038 2.03127 g -1
701 63.07173 40.55000 55852.21728 21.65000 299 0.00092 1.93908 g -1
743 72.25385 47.75000 55852.22804 21.65000 299 0.00181 2.01610 g -1
1844 83.87953 65.75000 55852.23163 21.65000 299 0.00106 2.02612 g -1
1815 78.98986 58.55000 55852.23522 21.65000 299 0.00075 1.97423 g -1
702 71.61980 40.55000 55852.23881 21.65000 299 0.00071 1.97126 g -1
812 86.66667 62.15000 55852.24598 21.65000 299 0.03336 2.02528 g -1
780 82.05244 54.95000 55852.24957 21.65000 299 0.00377 1.96426 g -1
838 94.28571 69.35000 55852.25316 21.65000 299 0.00779 2.02382 g -1
744 81.85354 47.75000 55852.25675 21.65000 299 0.00180 1.98688 g -1
703 80.23141 40.55000 55852.26034 21.65000 299 0.00103 2.00738 g -1
781 92.97719 54.95000 55852.27469 21.65000 299 0.00385 2.02602 g -1
1845 98.77722 65.75000 55852.27828 21.65000 299 0.00157 1.97971 g -1
813 100.00000 62.15000 55852.28186 21.65000 299 0.02688 2.03615 g -1
745 91.27823 47.75000 55852.28545 21.65000 299 0.00204 1.95202 g -1
1817 102.98986 58.55000 55852.29621 21.65000 299 0.00044 2.03497 g -1
839 111.42857 69.35000 55852.30339 21.65000 299 0.00706 2.00319 g -1
782 103.90195 54.95000 55852.30698 21.65000 299 0.00504 2.00135 g -1
746 100.70292 47.75000 55852.31057 21.65000 299 0.00284 1.96536 g -1
1846 113.87953 65.75000 55852.31415 21.65000 299 0.00131 2.03145 g -1
814 113.33333 62.15000 55852.32133 21.65000 299 0.02380 2.01060 g -1
706 106.08185 40.55000 55852.33209 21.65000 299 0.00421 2.00549 g -1
783 114.82671 54.95000 55852.33568 21.65000 299 0.00782 2.02028 g -1
747 110.12762 47.75000 55852.33927 21.65000 299 0.00400 1.93114 g -1
1818 115.06828 58.55000 55852.34286 21.65000 299 0.00077 1.89577 g -1
859 132.00000 76.55000 55852.34645 21.65000 299 0.00052 1.97065 g -1
840 128.57143 69.35000 55852.35003 21.65000 299 0.00170 2.00914 g -1
707 114.69867 40.55000 55852.35362 21.65000 299 0.00493 2.04300 g -1
815 126.66667 62.15000 55852.35721 21.65000 299 0.02072 2.02090 g -1
748 119.55231 47.75000 55852.36080 21.65000 299 0.00491 1.99240 g -1
784 125.75146 54.95000 55852.36439 21.65000 299 0.00974 2.03946 g -1
1819 126.98986 58.55000 55852.36797 21.65000 299 0.00055 1.97649 g -1
663 117.64379 33.35000 55852.37156 21.65000 299 0.00787 2.04372 g -1
708 123.31548 40.55000 55852.37874 21.65000 299 0.00540 2.02283 g -1
749 128.97700 47.75000 55852.38591 21.65000 299 0.00576 2.00611 g -1
566 116.84562 18.95000 55852.38950 21.65000 299 0.00286 2.06099 g -1
816 140.00000 62.15000 55852.39309 21.65000 299 0.01116 2.03112 g -1
785 136.67622 54.95000 55852.39668 21.65000 299 0.01108 2.01405 g -1
664 125.49707 33.35000 55852.40027 21.65000 299 0.00625 1.92843 g -1
616 121.17371 26.15000 55852.40385 21.65000 299 0.00621 1.83986 g -1
709 131.93230 40.55000 55852.40744 21.65000 299 0.00451 1.94855 g -1
750 138.40169 47.75000 55852.41103 21.65000 299 0.00422 2.01993 g -1
617 128.65543 26.15000 55852.41462 21.65000 299 0.00805 2.00061 g -1
665 133.35036 33.35000 55852.41821 21.65000 299 0.00494 1.98981 g -1
567 123.89878 18.95000 55852.42179 21.65000 299 0.00392 1.84288 g -1
786 147.60097 54.95000 55852.42538 21.65000 299 0.01641 2.03288 g -1
568 130.95195 18.95000 55852.42897 21.65000 299 0.00741 2.05358 g -1
618 136.13714 26.15000 55852.43256 21.65000 299 0.00395 2.05150 g -1
751 147.82638 47.75000 55852.43615 21.65000 299 0.00921 2.03389 g -1
710 140.54911 40.55000 55852.43973 21.65000 299 0.00352 1.83258 g -1
517 128.57400 11.75000 55852.44332 21.65000 299 0.00282 1.89564 g -1
666 141.20364 33.35000 55852.44691 21.65000 299 0.00255 1.88091 g -1
569 138.00511 18.95000 55852.45050 21.65000 299 0.00295 2.01598 g -1
518 135.84911 11.75000 55852.45409 21.65000 299 0.00423 2.06127 g -1
787 158.52573 54.95000 55852.45767 21.65000 299 0.00199 2.00743 g -1
752 157.25108 47.75000 55852.46126 21.65000 299 0.01041 2.04798 g -1
465 130.67400 4.55000 55852.46485 21.65000 299 0.00186 1.86727 g -1
619 143.61886 26.15000 55852.46844 21.65000 299 0.00166 1.80534 g -1
466 137.51578 4.55000 55852.47203 21.65000 299 0.00228 2.06456 g -1
712 157.78274 40.55000 55852.47561 21.65000 299 0.01175 2.00000 g -1
516 121.29889 11.75000 55852.47920 21.65000 299 0.00166 1.34158 g -1
668 156.91021 33.35000 55852.48279 21.65000 299 0.00413 2.00080 g -1
415 135.53000 -2.65000 55852.48638 21.65000 299 0.00161 1.99559 g -1
519 143.12422 11.75000 55852.48996 21.65000 299 0.00152 1.80096 g -1
711 149.16593 40.55000 55852.49355 21.65000 299 0.00146 1.52401 g -1
621 158.58229 26.15000 55852.49714 21.65000 299 0.00188 2.00708 g -1
713 166.39956 40.55000 55852.50073 21.65000 299 0.00166 1.98045 g -1
669 164.76350 33.35000 55852.50432 21.65000 299 0.00577 2.00441 g -1
704 88.84822 40.55000 55852.50790 21.65000 299 0.00157 1.00918 g -1
570 145.05827 18.95000 55852.51149 21.65000 299 0.00122 1.48793 g -1
622 166.06400 26.15000 55852.51508 21.65000 299 0.00418 2.05819 g -1
1820 138.98986 58.55000 55852.51867 21.65000 299 0.00115 1.26656 g -1
467 144.35756 4.55000 55852.52226 21.65000 299 0.00092 1.62851 g -1
817 153.33333 62.15000 55852.52584 21.65000 299 0.00091 1.40200 g -1
464 123.83222 4.55000 55852.52943 21.65000 299 0.00089 1.24022 g -1
667 149.05693 33.35000 55852.53302 21.65000 299 0.00086 1.29349 g -1
818 166.66667 62.15000 55852.53661 21.65000 299 0.00075 1.51940 g -1
416 142.62000 -2.65000 55852.54020 21.65000 299 0.00072 1.59464 g -1
