863 228.00000 76.55000 55886.06999 21.65000 299 0.00642 1.99849 g -1
874 220.00000 83.75000 55886.07357 21.65000 299 0.00075 1.93911 g -1
872 140.00000 83.75000 55886.20992 21.65000 299 0.00057 2.00846 g -1
859 132.00000 76.55000 55886.24580 21.65000 299 0.00207 2.00836 g -1
840 128.57143 69.35000 55886.25656 21.65000 299 0.00301 2.01419 g -1
815 126.66667 62.15000 55886.26374 21.65000 299 0.00303 2.02761 g -1
748 119.55231 47.75000 55886.26732 21.65000 299 0.00034 2.00157 g -1
784 125.75146 54.95000 55886.27450 21.65000 299 0.00263 2.00344 g -1
708 123.31548 40.55000 55886.28526 21.65000 299 0.00102 2.03339 g -1
749 128.97700 47.75000 55886.29244 21.65000 299 0.00461 2.01542 g -1
664 125.49707 33.35000 55886.29962 21.65000 299 0.00176 2.05947 g -1
841 145.71429 69.42000 55886.30320 21.65000 299 0.01247 2.01868 g -1
816 140.00000 62.15000 55886.30679 21.65000 299 0.01207 1.96710 g -1
785 136.67622 54.95000 55886.31038 21.65000 299 0.01035 1.93766 g -1
860 156.00000 76.55000 55886.31397 21.65000 299 0.00859 1.99907 g -1
750 138.40169 47.75000 55886.31756 21.65000 299 0.00953 2.02938 g -1
709 131.93230 40.55000 55886.32114 21.65000 299 0.00643 1.85753 g -1
665 133.35036 33.35000 55886.32473 21.65000 299 0.00690 2.00083 g -1
617 128.65543 26.15000 55886.32832 21.65000 299 0.00325 1.89195 g -1
786 147.60097 54.95000 55886.33191 21.65000 299 0.01071 2.04116 g -1
710 140.54911 40.55000 55886.33550 21.65000 299 0.00769 1.99369 g -1
817 153.33333 62.15000 55886.33908 21.65000 299 0.01446 2.01171 g -1
618 136.13714 26.15000 55886.34267 21.65000 299 0.00774 1.99800 g -1
751 147.82638 47.75000 55886.34626 21.65000 299 0.00705 1.99238 g -1
842 162.85714 69.35000 55886.34985 21.65000 299 0.01878 2.02534 g -1
666 141.20364 33.35000 55886.35343 21.65000 299 0.00664 1.89060 g -1
569 138.00511 18.95000 55886.35702 21.65000 299 0.00842 2.02820 g -1
619 143.61886 26.15000 55886.36061 21.65000 299 0.00571 2.04869 g -1
787 158.52573 54.95000 55886.36420 21.65000 299 0.00746 2.01548 g -1
518 135.84911 11.75000 55886.36779 21.65000 299 0.00595 1.94286 g -1
711 149.16593 40.55000 55886.37137 21.65000 299 0.00459 1.82486 g -1
818 166.66667 62.15000 55886.37496 21.65000 299 0.01228 2.02152 g -1
861 180.00000 76.55000 55886.37855 21.65000 299 0.01441 2.00672 g -1
519 143.12422 11.75000 55886.38214 21.65000 299 0.00854 2.04745 g -1
570 145.05827 18.95000 55886.38573 21.65000 299 0.00586 1.87143 g -1
752 157.25108 47.75000 55886.38931 21.65000 299 0.00418 1.78405 g -1
788 169.45049 54.95000 55886.39290 21.65000 299 0.00531 2.03415 g -1
568 130.95195 18.95000 55886.39649 21.65000 299 0.00394 1.36089 g -1
843 180.00000 69.35000 55886.40008 21.65000 299 0.02097 2.00350 g -1
467 144.35756 4.55000 55886.40367 21.65000 299 0.00816 1.96631 g -1
520 150.39933 11.75000 55886.40725 21.65000 299 0.00429 1.95729 g -1
819 180.00000 62.15000 55886.41084 21.65000 299 0.01117 2.03133 g -1
466 137.51578 4.55000 55886.41443 21.65000 299 0.00381 1.58987 g -1
468 151.19933 4.55000 55886.41802 21.65000 299 0.00585 2.04777 g -1
667 149.05693 33.35000 55886.42161 21.65000 299 0.00358 1.40913 g -1
789 180.37888 54.95000 55886.42519 21.65000 299 0.00429 2.00863 g -1
416 142.62000 -2.65000 55886.42878 21.65000 299 0.00322 1.77960 g -1
417 149.71000 -2.65000 55886.43237 21.65000 299 0.00655 2.00362 g -1
620 151.10057 26.15000 55886.43596 21.65000 299 0.00256 1.40300 g -1
753 166.67577 47.75000 55886.43955 21.65000 299 0.00247 1.56069 g -1
862 204.00000 76.55000 55886.44313 21.65000 299 0.01416 2.01419 g -1
844 197.14286 69.35000 55886.44672 21.65000 299 0.02520 2.00859 g -1
820 193.33333 62.15000 55886.45031 21.65000 299 0.01309 2.00500 g -1
790 191.39000 54.95000 55886.45390 21.65000 299 0.00456 2.03002 g -1
418 156.80000 -2.65000 55886.45749 21.65000 299 0.00456 1.91897 g -1
366 153.36683 -9.85000 55886.46107 21.65000 299 0.00364 2.02285 g -1
571 152.11144 18.95000 55886.46466 21.65000 299 0.00237 1.30285 g -1
712 157.78274 40.55000 55886.46825 21.65000 299 0.00228 1.25446 g -1
469 158.04111 4.55000 55886.47184 21.65000 299 0.00192 1.58491 g -1
754 176.10046 47.75000 55886.47543 21.65000 299 0.00171 1.48839 g -1
367 160.43650 -9.85000 55886.47901 21.65000 299 0.00390 2.04781 g -1
756 194.94985 47.75000 55886.48260 21.65000 299 0.00157 1.91315 g -1
821 206.66667 62.15000 55886.48619 21.65000 299 0.01884 2.01458 g -1
791 202.40112 54.95000 55886.48978 21.65000 299 0.00608 1.96477 g -1
845 214.28571 69.35000 55886.49337 21.65000 299 0.02850 2.01371 g -1
668 156.91021 33.35000 55886.49695 21.65000 299 0.00154 1.14365 g -1
757 204.72454 47.75000 55886.50054 21.65000 299 0.00213 2.03669 g -1
755 185.52515 47.75000 55886.50413 21.65000 299 0.00150 1.47047 g -1
419 163.89000 -2.65000 55886.50772 21.65000 299 0.00142 1.58326 g -1
1853 218.77723 65.75000 55886.51131 21.65000 299 0.00151 2.03119 g -1
792 213.41224 54.95000 55886.51489 21.65000 299 0.01127 2.02869 g -1
317 164.12722 -17.05000 55886.51848 21.65000 299 0.00207 2.01020 g -1
822 220.00000 62.15000 55886.52207 21.65000 299 0.03012 2.02430 g -1
873 180.00000 83.75000 55886.52566 21.65000 299 0.00137 1.64326 g -1
758 214.49923 47.75000 55886.52925 21.65000 299 0.00427 2.01277 g -1
365 146.29717 -9.85000 55886.53283 21.65000 299 0.00130 1.40402 g -1
1827 222.98986 58.55000 55886.53642 21.65000 299 0.00136 2.02244 g -1
846 231.42857 69.35000 55886.54001 21.65000 299 0.01568 2.01898 g -1
521 157.67444 11.75000 55886.54360 21.65000 299 0.00117 1.12917 g -1
793 224.50609 54.95000 55886.54718 21.65000 299 0.01894 2.00887 g -1
719 218.10044 40.55000 55886.55077 21.65000 299 0.00146 1.98333 g -1
759 224.27392 47.75000 55886.55436 21.65000 299 0.00532 2.04040 g -1
713 166.39956 40.55000 55886.55795 21.65000 299 0.00117 1.05879 g -1
