0.6383520609 1.1076688989e-01 47.3151792488
0.6419400239 1.4490247603e-01 90.4338902715
0.6455279868 1.8027078887e-01 137.8015253731
0.6491159498 1.9015186639e-01 185.2216163275
0.6527039128 1.9539008990e-01 228.9173417313
0.6562918757 1.9901309302e-01 230.8057524331
0.6598798387 2.0187133976e-01 237.9397484174
0.6634678016 2.0299579742e-01 282.3173999079
0.6670557646 2.0437409799e-01 329.7899467152
0.6706437276 2.0577857378e-01 350.5624644341
0.6713381720 2.0577857378e-01 350.5624644341
0.6749261350 2.0577857378e-01 350.5624644341
0.6785140980 2.0577857378e-01 350.5624644341
0.6821020609 2.0577857378e-01 350.5624644341
0.6856900239 2.0577857378e-01 350.5624644341
0.6892779869 2.0577857378e-01 350.5624644341
0.6928659498 2.0577857378e-01 350.5624644341
0.6964539128 2.0577857378e-01 350.5624644341
0.7000418757 2.0577857378e-01 350.5624644341
0.7036298387 2.0577857378e-01 350.5624644341
