752 157.25108 47.75000 56013.23635 21.65000 299 0.43593 1.03369 g -1
787 158.52573 54.95000 56013.23994 21.65000 299 0.08650 1.07646 g -1
369 174.57583 -9.85000 56013.24353 21.65000 299 0.07379 1.46238 g -1
786 147.60097 54.95000 56013.24711 21.65000 299 0.03743 1.08247 g -1
713 166.39956 40.55000 56013.25070 21.65000 299 0.03597 1.01429 g -1
420 170.98000 -2.65000 56013.25429 21.65000 299 0.02145 1.26296 g -1
753 166.67577 47.75000 56013.25788 21.65000 299 0.01643 1.03517 g -1
421 178.07000 -2.65000 56013.26147 21.65000 299 0.01639 1.28810 g -1
1789 155.73716 51.35000 56013.26505 21.65000 299 0.01591 1.05628 g -1
370 181.64550 -9.85000 56013.26864 21.65000 299 0.01455 1.44382 g -1
712 157.78274 40.55000 56013.27223 21.65000 299 0.01414 1.01453 g -1
846 231.42857 69.35000 56013.27582 21.65000 299 0.01157 1.55251 g -1
521 157.67444 11.75000 56013.27940 21.65000 299 0.01126 1.09369 g -1
319 178.18861 -17.05000 56013.28299 21.65000 299 0.00996 1.59201 g -1
571 152.11144 18.95000 56013.28658 21.65000 299 0.00938 1.08149 g -1
762 253.59800 47.75000 56013.29017 21.65000 299 0.01110 2.02038 g -1
796 257.79854 54.95000 56013.29376 21.65000 299 0.01108 1.99459 g -1
669 164.76350 33.35000 56013.29734 21.65000 299 0.00651 1.01151 g -1
1414 174.90080 -6.25000 56013.30093 21.65000 299 0.00561 1.29981 g -1
1752 164.50877 44.15000 56013.30452 21.65000 299 0.00447 1.03446 g -1
763 263.37269 47.75000 56013.31528 21.65000 299 0.01741 2.04841 g -1
724 261.18452 40.55000 56013.31887 21.65000 299 0.01272 2.05344 g -1
752 157.25108 47.75000 56013.31957 21.65000 299 0.43593 1.09587 r -1
787 158.52573 54.95000 56013.32315 21.65000 299 0.08650 1.13376 r -1
369 174.57583 -9.85000 56013.32674 21.65000 299 0.07379 1.40363 r -1
786 147.60097 54.95000 56013.33033 21.65000 299 0.03743 1.21790 r -1
713 166.39956 40.55000 56013.33392 21.65000 299 0.03597 1.05671 r -1
420 170.98000 -2.65000 56013.33751 21.65000 299 0.02145 1.30822 r -1
763 263.37269 47.75000 56013.34109 21.65000 299 0.01741 1.73280 r -1
753 166.67577 47.75000 56013.34468 21.65000 299 0.01643 1.09408 r -1
421 178.07000 -2.65000 56013.34827 21.65000 299 0.01639 1.28523 r -1
1789 155.73716 51.35000 56013.35186 21.65000 299 0.01591 1.19790 r -1
370 181.64550 -9.85000 56013.35545 21.65000 299 0.01455 1.42458 r -1
712 157.78274 40.55000 56013.35903 21.65000 299 0.01414 1.18134 r -1
724 261.18452 40.55000 56013.36262 21.65000 299 0.01272 1.53557 r -1
846 231.42857 69.35000 56013.36621 21.65000 299 0.01157 1.30443 r -1
521 157.67444 11.75000 56013.36980 21.65000 299 0.01126 1.42127 r -1
762 253.59800 47.75000 56013.37339 21.65000 299 0.01110 1.31420 r -1
796 257.79854 54.95000 56013.37697 21.65000 299 0.01108 1.36363 r -1
319 178.18861 -17.05000 56013.38056 21.65000 299 0.00996 1.82000 r -1
571 152.11144 18.95000 56013.38415 21.65000 299 0.00938 1.56588 r -1
669 164.76350 33.35000 56013.38774 21.65000 299 0.00651 1.23077 r -1
1414 174.90080 -6.25000 56013.39133 21.65000 299 0.00561 1.59639 r -1
1752 164.50877 44.15000 56013.39491 21.65000 299 0.00447 1.24903 r -1
