402 43.87981 -2.65000 55827.30437 21.65000 299 0.00267 1.93560 g -1
298 29.95482 -17.05000 55827.30796 21.65000 299 0.00270 2.00312 g -1
826 273.33333 62.15000 55827.31154 21.65000 299 0.00245 1.89118 g -1
350 40.44674 -9.85000 55827.31513 21.65000 299 0.00230 1.93748 g -1
349 33.39756 -9.85000 55827.31872 21.65000 299 0.00194 1.69500 g -1
297 22.87289 -17.05000 55827.32231 21.65000 299 0.00172 1.72469 g -1
348 26.34837 -9.85000 55827.32590 21.65000 299 0.00170 1.52171 g -1
827 286.66667 62.15000 55827.32948 21.65000 299 0.00156 1.73962 g -1
645 338.38480 26.15000 55827.33307 21.65000 299 0.00144 1.09353 g -1
453 47.30440 4.55000 55827.33666 21.65000 299 0.00126 1.49360 g -1
849 282.85714 69.35000 55827.34025 21.65000 299 0.00125 1.84435 g -1
691 337.22300 33.35000 55827.34384 21.65000 299 0.00125 1.11361 g -1
401 36.85096 -2.65000 55827.34742 21.65000 299 0.00116 1.39112 g -1
403 50.90865 -2.65000 55827.35101 21.65000 299 0.00109 1.62126 g -1
400 29.82212 -2.65000 55827.35460 21.65000 299 0.00108 1.29593 g -1
399 22.79327 -2.65000 55827.35819 21.65000 299 0.00104 1.25110 g -1
347 19.29919 -9.85000 55827.36178 21.65000 299 0.00102 1.37468 g -1
692 345.00678 33.35000 55827.36536 21.65000 299 0.00102 1.11346 g -1
828 300.00000 62.15000 55827.36895 21.65000 299 0.00101 1.75781 g -1
452 40.29352 4.55000 55827.37254 21.65000 299 0.00095 1.22009 g -1
299 37.03675 -17.05000 55827.37613 21.65000 299 0.00084 1.65532 g -1
850 300.00000 69.35000 55827.37972 21.65000 299 0.00083 1.79499 g -1
644 330.85920 26.15000 55827.38330 21.65000 299 0.00081 1.41996 g -1
597 339.62582 18.95000 55827.38689 21.65000 299 0.00079 1.34730 g -1
505 43.67912 11.75000 55827.39048 21.65000 299 0.00070 1.12499 g -1
596 332.37600 18.95000 55827.39407 21.65000 299 0.00068 1.56430 g -1
351 47.49593 -9.85000 55827.39766 21.65000 299 0.00067 1.46536 g -1
866 300.00000 76.55000 55827.40124 21.65000 299 0.00067 1.86442 g -1
829 313.33333 62.15000 55827.40483 21.65000 299 0.00065 1.74956 g -1
296 15.79096 -17.05000 55827.40842 21.65000 299 0.00065 1.64793 g -1
450 26.27176 4.55000 55827.41201 21.65000 299 0.00064 1.14851 g -1
398 15.76442 -2.65000 55827.41560 21.65000 299 0.00063 1.30646 g -1
451 33.28264 4.55000 55827.41918 21.65000 299 0.00062 1.14163 g -1
506 50.66337 11.75000 55827.42277 21.65000 299 0.00061 1.10236 g -1
454 54.31528 4.55000 55827.42636 21.65000 299 0.00059 1.18399 g -1
646 345.91040 26.15000 55827.42995 21.65000 299 0.00055 1.45829 g -1
449 19.26088 4.55000 55827.43353 21.65000 299 0.00055 1.22288 g -1
734 346.60580 40.55000 55827.43712 21.65000 299 0.00052 1.39767 g -1
733 338.17440 40.55000 55827.44071 21.65000 299 0.00051 1.60828 g -1
556 44.87418 18.95000 55827.44430 21.65000 299 0.00050 1.03224 g -1
851 317.14286 69.35000 55827.44789 21.65000 299 0.00047 1.92612 g -1
346 12.25000 -9.85000 55827.45147 21.65000 299 0.00043 1.72660 g -1
504 36.69487 11.75000 55827.45506 21.65000 299 0.00041 1.09637 g -1
507 57.64762 11.75000 55827.45865 21.65000 299 0.00039 1.08371 g -1
557 52.12400 18.95000 55827.46224 21.65000 299 0.00039 1.03236 g -1
867 324.00000 76.55000 55827.46583 21.65000 299 0.00037 1.85527 g -1
830 326.66667 62.15000 55827.46941 21.65000 299 0.00037 1.98174 g -1
448 12.25000 4.55000 55827.47300 21.65000 299 0.00034 1.53032 g -1
555 37.62436 18.95000 55827.47659 21.65000 299 0.00034 1.07955 g -1
606 46.11520 26.15000 55827.48018 21.65000 299 0.00033 1.02385 g -1
605 38.58960 26.15000 55827.48377 21.65000 299 0.00031 1.05846 g -1
735 355.03720 40.55000 55827.48735 21.65000 299 0.00031 1.60715 g -1
558 59.37382 18.95000 55827.49094 21.65000 299 0.00031 1.03299 g -1
503 29.71062 11.75000 55827.49453 21.65000 299 0.00030 1.25617 g -1
694 3.46860 40.55000 55827.49812 21.65000 299 0.00028 1.49893 g -1
737 12.25000 47.75000 55827.50171 21.65000 299 0.00028 1.34676 g -1
502 22.72637 11.75000 55827.50529 21.65000 299 0.00028 1.43014 g -1
607 53.64080 26.15000 55827.50888 21.65000 299 0.00027 1.03275 g -1
1395 43.33467 -6.25000 55827.51247 21.65000 299 0.00027 1.45755 g -1
736 2.21291 47.75000 55827.51606 21.65000 299 0.00026 1.63239 g -1
695 11.90000 40.40000 55827.51965 21.65000 299 0.00025 1.48547 g -1
738 22.28709 47.75000 55827.52323 21.65000 299 0.00025 1.31555 g -1
696 20.38973 40.55000 55827.52682 21.65000 299 0.00024 1.37271 g -1
848 265.71429 69.35000 55828.10963 21.65000 299 0.00133 1.26235 g -1
798 279.99351 54.95000 55828.11322 21.65000 299 0.00122 1.07912 g -1
865 276.00000 76.55000 55828.11680 21.65000 299 0.00095 1.37985 g -1
797 268.89602 54.95000 55828.12039 21.65000 299 0.00081 1.11049 g -1
799 291.09099 54.95000 55828.12398 21.65000 299 0.00067 1.07575 g -1
864 252.00000 76.55000 55828.12757 21.65000 299 0.00054 1.46160 g -1
800 302.18847 54.95000 55828.13116 21.65000 299 0.00053 1.08313 g -1
690 329.43922 33.35000 55828.13474 21.65000 299 0.00047 1.14720 g -1
801 313.28596 54.95000 55828.13833 21.65000 299 0.00045 1.10314 g -1
765 282.92208 47.75000 55828.14192 21.65000 299 0.00043 1.05019 g -1
802 324.38344 54.95000 55828.14551 21.65000 299 0.00040 1.13676 g -1
547 340.82087 11.75000 55828.14910 21.65000 299 0.00036 1.38010 g -1
546 333.83662 11.75000 55828.15268 21.65000 299 0.00034 1.25587 g -1
732 329.74300 40.55000 55828.15627 21.65000 299 0.00033 1.08863 g -1
875 260.00000 83.75000 55828.15986 21.65000 299 0.00032 1.63323 g -1
764 273.14738 47.75000 55828.16345 21.65000 299 0.00032 1.12819 g -1
770 332.10164 47.75000 55828.16704 21.65000 299 0.00031 1.09863 g -1
876 300.00000 83.75000 55828.17062 21.65000 299 0.00030 1.57182 g -1
771 342.13873 47.75000 55828.17421 21.65000 299 0.00027 1.14458 g -1
803 335.18412 54.95000 55828.17780 21.65000 299 0.00027 1.13284 g -1
769 322.06455 47.75000 55828.18139 21.65000 299 0.00027 1.04395 g -1
693 352.79056 33.35000 55828.18498 21.65000 299 0.00027 1.20114 g -1
766 292.69677 47.75000 55828.18856 21.65000 299 0.00025 1.07349 g -1
772 352.17582 47.75000 55828.19215 21.65000 299 0.00025 1.17188 g -1
825 260.00000 62.15000 55828.19574 21.65000 299 0.00025 1.42258 g -1
397 8.73558 -2.65000 55828.19933 21.65000 299 0.00029 2.01325 g -1
495 337.19560 4.55000 55828.20292 21.65000 299 0.00023 1.19926 g -1
768 312.24615 47.75000 55828.20650 21.65000 299 0.00023 1.03822 g -1
852 334.28571 69.35000 55828.21009 21.65000 299 0.00023 1.24845 g -1
697 28.87947 40.55000 55828.21368 21.65000 299 0.00022 1.63231 g -1
501 15.74212 11.75000 55828.21727 21.65000 299 0.00022 1.61928 g -1
653 39.49322 33.35000 55828.22086 21.65000 299 0.00024 2.03682 g -1
773 6.95487 54.95000 55828.22444 21.65000 299 0.00021 1.22745 g -1
598 346.87564 18.95000 55828.22803 21.65000 299 0.00021 1.08061 g -1
652 31.70944 33.35000 55828.23162 21.65000 299 0.00021 1.60528 g -1
831 340.00000 62.15000 55828.23521 21.65000 299 0.00020 1.14895 g -1
447 5.23912 4.55000 55828.23880 21.65000 299 0.00020 1.35519 g -1
654 47.27700 33.35000 55828.24238 21.65000 299 0.00022 2.03778 g -1
545 326.85237 11.75000 55828.24597 21.65000 299 0.00020 1.08308 g -1
295 8.70904 -17.05000 55828.24956 21.65000 299 0.00020 1.96784 g -1
494 330.18472 4.55000 55828.25315 21.65000 299 0.00020 1.14791 g -1
877 340.00000 83.75000 55828.25674 21.65000 299 0.00019 1.57087 g -1
767 302.47146 47.75000 55828.26032 21.65000 299 0.00019 1.16919 g -1
655 55.06078 33.35000 55828.26391 21.65000 299 0.00019 2.03872 g -1
698 37.42753 40.55000 55828.26750 21.65000 299 0.00019 1.39356 g -1
496 344.20648 4.55000 55828.27109 21.65000 299 0.00019 1.14062 g -1
739 32.32418 47.75000 55828.27468 21.65000 299 0.00018 1.27462 g -1
774 17.54512 54.95000 55828.27826 21.65000 299 0.00018 1.16538 g -1
444 340.62019 -2.65000 55828.28185 21.65000 299 0.00018 1.24359 g -1
595 325.12618 18.95000 55828.28544 21.65000 299 0.00018 1.10628 g -1
804 345.77437 54.95000 55828.28903 21.65000 299 0.00018 1.07736 g -1
608 61.16640 26.15000 55828.29262 21.65000 299 0.00023 2.00927 g -1
554 30.37455 18.95000 55828.29620 21.65000 299 0.00017 1.24784 g -1
345 5.20081 -9.85000 55828.29979 21.65000 299 0.00017 1.40226 g -1
604 31.06400 26.15000 55828.30338 21.65000 299 0.00017 1.17885 g -1
