0.4587097198 9.0255102273e-02 47.0528999847
0.4658856458 4.1221005550e-01 94.7877260560
0.4694736087 5.4595319026e-01 116.6093608315
0.4730615717 5.5114079877e-01 164.2392751973
0.4766495346 5.7535374925e-01 208.3021915708
0.4838254606 7.6221866883e-01 236.7332638024
0.4874134235 8.0331376615e-01 265.1118801811
0.4910013865 8.1265322803e-01 305.5553427097
0.4945893495 8.2039241611e-01 352.6082426943
0.4981773124 8.2628394895e-01 400.8676272940
0.5017652754 8.8758168191e-01 431.6067570498
0.5053532384 8.9433425868e-01 478.6596570345
0.5089412013 9.0063378057e-01 525.8174687248
0.5096356458 9.0063378057e-01 525.8174687248
0.5132236087 9.0063378057e-01 525.8174687248
0.5168115717 9.0063378057e-01 525.8174687248
0.5203995347 9.0063378057e-01 525.8174687248
0.5239874976 9.0063378057e-01 525.8174687248
0.5275754606 9.0063378057e-01 525.8174687248
0.5311634236 9.0063378057e-01 525.8174687248
0.5347513865 9.0063378057e-01 525.8174687248
0.5383393495 9.0063378057e-01 525.8174687248
0.5419273125 9.0063378057e-01 525.8174687248
0.5455152754 9.0063378057e-01 525.8174687248
0.5491032384 9.0063378057e-01 525.8174687248
0.5526912014 9.0063378057e-01 525.8174687248
