854 12.00000 76.55000 55916.26156 21.65000 299 0.04052 1.54557 g -1
855 36.00000 76.55000 55916.26515 21.65000 299 0.02055 1.42974 g -1
658 78.41211 33.35000 55916.26874 21.65000 299 0.01616 1.00916 g -1
611 83.74320 26.15000 55916.27233 21.65000 299 0.01570 1.02873 g -1
750 138.40169 47.75000 55916.27592 21.65000 299 0.01251 1.58877 g -1
751 147.82638 47.75000 55916.27950 21.65000 299 0.01221 1.80419 g -1
610 76.21760 26.15000 55916.28309 21.65000 299 0.01150 1.00833 g -1
877 340.00000 83.75000 55916.28668 21.65000 299 0.01110 1.86085 g -1
834 25.71429 69.35000 55916.29027 21.65000 299 0.00992 1.43094 g -1
703 80.23141 40.55000 55916.29386 21.65000 299 0.00980 1.00836 g -1
712 157.78274 40.55000 55916.29744 21.65000 299 0.00976 2.05550 g -1
561 81.12327 18.95000 55916.30103 21.65000 299 0.00930 1.03243 g -1
711 149.16593 40.55000 55916.30462 21.65000 299 0.00824 1.65333 g -1
659 86.23064 33.35000 55916.30821 21.65000 299 0.00764 1.00085 g -1
615 113.69200 26.15000 55916.31180 21.65000 299 0.00618 1.11339 g -1
710 140.54911 40.55000 55916.31538 21.65000 299 0.00595 1.37832 g -1
702 71.61980 40.55000 55916.31897 21.65000 299 0.00587 1.03249 g -1
668 156.91021 33.35000 55916.32256 21.65000 299 0.00562 1.78568 g -1
752 157.25108 47.75000 55916.32615 21.65000 299 0.00549 1.60481 g -1
743 72.25385 47.75000 55916.32974 21.65000 299 0.00508 1.06579 g -1
663 117.64379 33.35000 55916.33332 21.65000 299 0.00492 1.07096 g -1
786 147.60097 54.95000 55916.33691 21.65000 299 0.00487 1.36376 g -1
785 136.67622 54.95000 55916.34050 21.65000 299 0.00463 1.23636 g -1
869 20.00000 83.75000 55916.34409 21.65000 299 0.00419 1.76009 g -1
664 125.49707 33.35000 55916.34768 21.65000 299 0.00391 1.08786 g -1
709 131.93230 40.55000 55916.35126 21.65000 299 0.00380 1.12375 g -1
749 128.97700 47.75000 55916.35485 21.65000 299 0.00375 1.11169 g -1
510 78.60038 11.75000 55916.35844 21.65000 299 0.00362 1.15609 g -1
779 71.12768 54.95000 55916.36203 21.65000 299 0.00356 1.16503 g -1
836 60.00000 69.35000 55916.36562 21.65000 299 0.00348 1.37712 g -1
708 123.31548 40.55000 55916.36920 21.65000 299 0.00341 1.04005 g -1
744 81.85354 47.75000 55916.37279 21.65000 299 0.00315 1.09093 g -1
616 121.17371 26.15000 55916.37638 21.65000 299 0.00313 1.02841 g -1
565 109.79245 18.95000 55916.37997 21.65000 299 0.00289 1.03261 g -1
816 140.00000 62.15000 55916.38356 21.65000 299 0.00287 1.21010 g -1
657 70.62833 33.35000 55916.38714 21.65000 299 0.00284 1.20962 g -1
713 166.39956 40.55000 55916.39073 21.65000 299 0.00276 1.35536 g -1
665 133.35036 33.35000 55916.39432 21.65000 299 0.00270 1.03888 g -1
704 88.84822 40.55000 55916.39791 21.65000 299 0.00267 1.08302 g -1
837 77.14286 69.35000 55916.40150 21.65000 299 0.00266 1.35001 g -1
566 116.84562 18.95000 55916.40508 21.65000 299 0.00265 1.03293 g -1
614 106.21029 26.15000 55916.40867 21.65000 299 0.00254 1.02943 g -1
560 73.87345 18.95000 55916.41226 21.65000 299 0.00233 1.39611 g -1
662 109.79050 33.35000 55916.41585 21.65000 299 0.00229 1.01675 g -1
856 60.00000 76.55000 55916.41943 21.65000 299 0.00223 1.60823 g -1
835 42.85714 69.35000 55916.42302 21.65000 299 0.00219 1.79839 g -1
707 114.69867 40.55000 55916.42661 21.65000 299 0.00214 1.02084 g -1
748 119.55231 47.75000 55916.43020 21.65000 299 0.00209 1.03791 g -1
458 82.35880 4.55000 55916.43379 21.65000 299 0.00203 1.61893 g -1
667 149.05693 33.35000 55916.43737 21.65000 299 0.00202 1.03954 g -1
669 164.76350 33.35000 55916.44096 21.65000 299 0.00198 1.13033 g -1
666 141.20364 33.35000 55916.44455 21.65000 299 0.00196 1.00784 g -1
811 73.33333 62.15000 55916.44814 21.65000 299 0.00190 1.47435 g -1
780 82.05244 54.95000 55916.45173 21.65000 299 0.00187 1.35485 g -1
839 111.42857 69.35000 55916.45531 21.65000 299 0.00186 1.27902 g -1
511 85.58463 11.75000 55916.45890 21.65000 299 0.00165 1.63226 g -1
514 106.74867 11.75000 55916.46249 21.65000 299 0.00159 1.24623 g -1
815 126.66667 62.15000 55916.46608 21.65000 299 0.00140 1.15517 g -1
670 172.61679 33.35000 55916.46967 21.65000 299 0.00140 1.10988 g -1
840 128.57143 69.35000 55916.47325 21.65000 299 0.00131 1.24937 g -1
753 166.67577 47.75000 55916.47684 21.65000 299 0.00128 1.07919 g -1
857 84.00000 76.55000 55916.48043 21.65000 299 0.00126 1.59240 g -1
784 125.75146 54.95000 55916.48402 21.65000 299 0.00126 1.11365 g -1
562 88.37309 18.95000 55916.48761 21.65000 299 0.00123 1.73678 g -1
787 158.52573 54.95000 55916.49119 21.65000 299 0.00119 1.08193 g -1
864 252.00000 76.55000 55916.49478 21.65000 299 0.00431 2.00831 g -1
838 94.28571 69.35000 55916.49837 21.65000 299 0.00116 1.48744 g -1
706 106.08185 40.55000 55916.50196 21.65000 299 0.00116 1.26866 g -1
847 248.57143 69.35000 55916.50555 21.65000 299 0.00266 2.01844 g -1
875 260.00000 83.75000 55916.50913 21.65000 299 0.00115 1.90282 g -1
714 175.01637 40.55000 55916.51272 21.65000 299 0.00115 1.03941 g -1
622 166.06400 26.15000 55916.51631 21.65000 299 0.00103 1.01467 g -1
564 102.73929 18.95000 55916.51990 21.65000 299 0.00103 1.64611 g -1
515 114.02378 11.75000 55916.52349 21.65000 299 0.00098 1.49669 g -1
621 158.58229 26.15000 55916.52707 21.65000 299 0.00091 1.00985 g -1
747 110.12762 47.75000 55916.53066 21.65000 299 0.00085 1.35019 g -1
813 100.00000 62.15000 55916.53425 21.65000 299 0.00085 1.53468 g -1
671 180.47007 33.35000 55916.53784 21.65000 299 0.00083 1.02155 g -1
841 145.71429 69.42000 55916.54143 21.65000 299 0.00082 1.26920 g -1
781 92.97719 54.95000 55916.54501 21.65000 299 0.00080 1.76262 g -1
812 86.66667 62.15000 55916.54860 21.65000 299 0.00078 1.88383 g -1
745 91.27823 47.75000 55916.55219 21.65000 299 0.00078 1.98852 g -1
617 128.65543 26.15000 55916.55578 21.65000 299 0.00077 1.28169 g -1
783 114.82671 54.95000 55916.55937 21.65000 299 0.00077 1.43722 g -1
715 183.63319 40.55000 55916.56295 21.65000 299 0.00076 1.01443 g -1
623 173.54571 26.15000 55916.56654 21.65000 299 0.00076 1.00928 g -1
876 300.00000 83.75000 55916.57013 21.65000 299 0.00342 2.00195 g -1
814 113.33333 62.15000 55916.57372 21.65000 299 0.00076 1.54825 g -1
833 8.57143 69.35000 55917.07208 21.65000 299 0.00337 1.24318 g -1
1864 32.43831 72.95000 55917.07567 21.65000 299 0.00163 1.36492 g -1
806 6.66667 62.15000 55917.07925 21.65000 299 0.00158 1.14374 g -1
868 348.00000 76.55000 55917.08284 21.65000 299 0.00153 1.38608 g -1
867 324.00000 76.55000 55917.08643 21.65000 299 0.00116 1.46662 g -1
804 345.77437 54.95000 55917.09002 21.65000 299 0.00101 1.11027 g -1
853 351.42857 69.35000 55917.09361 21.65000 299 0.00098 1.25383 g -1
810 60.00000 62.15000 55917.09719 21.65000 299 0.00094 1.37543 g -1
506 50.66337 11.75000 55917.10078 21.65000 299 0.00092 1.37291 g -1
742 62.43545 47.75000 55917.10437 21.65000 299 0.00088 1.32372 g -1
509 71.61613 11.75000 55917.10796 21.65000 299 0.00086 1.89601 g -1
1881 7.95311 80.15000 55917.11155 21.65000 299 0.00082 1.46400 g -1
808 33.33333 62.15000 55917.11513 21.65000 299 0.00080 1.16910 g -1
778 60.11656 54.95000 55917.11872 21.65000 299 0.00080 1.25931 g -1
457 75.34792 4.55000 55917.12231 21.65000 299 0.00119 2.06309 g -1
557 52.12400 18.95000 55917.12590 21.65000 299 0.00079 1.19415 g -1
1655 77.35732 29.75000 55917.12949 21.65000 299 0.00076 1.50875 g -1
612 91.24686 26.15000 55917.13307 21.65000 299 0.00086 2.00826 g -1
1607 82.43329 22.55000 55917.13666 21.65000 299 0.00075 1.67453 g -1
454 54.31528 4.55000 55917.14025 21.65000 299 0.00074 1.31357 g -1
701 63.07173 40.55000 55917.14384 21.65000 299 0.00074 1.16630 g -1
1701 79.30200 36.95000 55917.14743 21.65000 299 0.00070 1.36488 g -1
407 79.02404 -2.65000 55917.15101 21.65000 299 0.00108 2.01592 g -1
609 68.69200 26.15000 55917.15460 21.65000 299 0.00069 1.22102 g -1
1863 12.48467 72.95000 55917.15819 21.65000 299 0.00069 1.31896 g -1
661 101.93721 33.35000 55917.16178 21.65000 299 0.00068 1.86502 g -1
403 50.90865 -2.65000 55917.16536 21.65000 299 0.00068 1.30141 g -1
408 86.05288 -2.65000 55917.16895 21.65000 299 0.00082 2.04224 g -1
832 353.33333 62.15000 55917.17254 21.65000 299 0.00065 1.29019 g -1
772 352.17582 47.75000 55917.17613 21.65000 299 0.00065 1.23946 g -1
356 82.74185 -9.85000 55917.17972 21.65000 299 0.00069 2.03578 g -1
459 89.36968 4.55000 55917.18330 21.65000 299 0.00064 1.72853 g -1
352 54.54511 -9.85000 55917.18689 21.65000 299 0.00063 1.41788 g -1
660 94.08393 33.35000 55917.19048 21.65000 299 0.00060 1.36990 g -1
805 356.36462 54.95000 55917.19407 21.65000 299 0.00058 1.28566 g -1
746 100.70292 47.75000 55917.19766 21.65000 299 0.00057 1.39081 g -1
1656 85.01700 29.75000 55917.20124 21.65000 299 0.00055 1.19822 g -1
453 47.30440 4.55000 55917.20483 21.65000 299 0.00055 1.14073 g -1
705 97.46504 40.55000 55917.20842 21.65000 299 0.00054 1.29381 g -1
357 89.79104 -9.85000 55917.21201 21.65000 299 0.00052 1.86668 g -1
782 103.90195 54.95000 55917.21560 21.65000 299 0.00051 1.35340 g -1
462 110.14867 4.55000 55917.21918 21.65000 299 0.00078 2.05576 g -1
305 79.52832 -17.05000 55917.22277 21.65000 299 0.00051 1.79468 g -1
301 51.20061 -17.05000 55917.22636 21.65000 299 0.00050 1.57179 g -1
411 107.17000 -2.65000 55917.22995 21.65000 299 0.00053 2.00131 g -1
567 123.89878 18.95000 55917.23354 21.65000 299 0.00053 2.02393 g -1
307 93.69218 -17.05000 55917.23712 21.65000 299 0.00062 2.02555 g -1
355 75.69267 -9.85000 55917.24071 21.65000 299 0.00049 1.43117 g -1
463 116.99044 4.55000 55917.24430 21.65000 299 0.00049 1.94776 g -1
406 71.99519 -2.65000 55917.24789 21.65000 299 0.00049 1.25294 g -1
404 57.93750 -2.65000 55917.25148 21.65000 299 0.00049 1.24269 g -1
817 153.33333 62.15000 55917.25506 21.65000 299 0.00074 2.00572 g -1
1750 146.01462 44.15000 55917.25865 21.65000 299 0.00055 2.03302 g -1
