0.0000000000 3.6381391441e-02 47.0528999847
0.0035879630 4.3412872402e-02 95.1024611730
0.0071759259 4.9047417180e-02 142.4176404218
0.0107638889 5.4422091754e-02 189.7328196705
0.0143518519 2.9049470283e-01 236.0513377156
0.0179398148 2.9488117101e-01 283.9435313455
0.0215277778 2.9837459779e-01 286.1991330170
0.0251157408 3.0429821380e-01 311.9025009016
0.0287037037 3.0437035789e-01 340.8581316614
0.0322916667 3.0664781615e-01 388.6978694384
0.0358796296 3.0791384746e-01 436.8523423324
0.6962395962 3.4657112459e-01 484.1675215812
0.6998275592 3.6828846549e-01 531.5876125356
0.7034155221 3.7889280912e-01 578.8503359316
0.7070034851 3.8875727930e-01 622.7034288939
0.7105914481 3.9525522882e-01 665.8221399166
0.7141794110 3.9859530837e-01 714.0290686634
0.7177673740 4.1136686044e-01 761.3442479122
0.7213553370 4.1267160264e-01 802.7843716445
0.7220497814 4.1267160264e-01 802.7843716445
0.7256377444 4.1267160264e-01 802.7843716445
0.7292257073 4.1267160264e-01 802.7843716445
0.7328136703 4.1267160264e-01 802.7843716445
0.7364016333 4.1267160264e-01 802.7843716445
0.7399895962 4.1267160264e-01 802.7843716445
0.7435775592 4.1267160264e-01 802.7843716445
0.7471655222 4.1267160264e-01 802.7843716445
0.8978599667 4.1267160264e-01 802.7843716445
0.9157997815 4.1267160264e-01 802.7843716445
0.9229757074 4.1267160264e-01 802.7843716445
0.9409155223 4.1267160264e-01 802.7843716445
0.9516794112 4.1267160264e-01 802.7843716445
0.9732071890 4.1267160264e-01 802.7843716445
0.9803831149 4.1267160264e-01 802.7843716445
0.9911470038 4.1267160264e-01 802.7843716445
0.9947349667 4.1267160264e-01 802.7843716445
