783 114.82671 54.95000 56017.12671 21.65000 299 0.02266 1.07583 g -1
746 100.70292 47.75000 56017.13030 21.65000 299 0.01311 1.06252 g -1
781 92.97719 54.95000 56017.13389 21.65000 299 0.01184 1.13954 g -1
782 103.90195 54.95000 56017.13747 21.65000 299 0.01092 1.10129 g -1
745 91.27823 47.75000 56017.14106 21.65000 299 0.00978 1.12763 g -1
784 125.75146 54.95000 56017.14465 21.65000 299 0.00817 1.07549 g -1
814 113.33333 62.15000 56017.14824 21.65000 299 0.00726 1.15165 g -1
748 119.55231 47.75000 56017.15182 21.65000 299 0.00713 1.03665 g -1
815 126.66667 62.15000 56017.15541 21.65000 299 0.00599 1.14074 g -1
747 110.12762 47.75000 56017.15900 21.65000 299 0.00547 1.06577 g -1
785 136.67622 54.95000 56017.16259 21.65000 299 0.00397 1.07849 g -1
705 97.46504 40.55000 56017.16618 21.65000 299 0.00364 1.13335 g -1
813 100.00000 62.15000 56017.16976 21.65000 299 0.00258 1.22873 g -1
708 123.31548 40.55000 56017.17335 21.65000 299 0.00211 1.01974 g -1
749 128.97700 47.75000 56017.17694 21.65000 299 0.00204 1.03617 g -1
816 140.00000 62.15000 56017.18053 21.65000 299 0.00201 1.14130 g -1
706 106.08185 40.55000 56017.18412 21.65000 299 0.00152 1.11694 g -1
664 125.49707 33.35000 56017.18770 21.65000 299 0.00143 1.02107 g -1
707 114.69867 40.55000 56017.19129 21.65000 299 0.00109 1.07791 g -1
840 128.57143 69.35000 56017.19488 21.65000 299 0.00100 1.24766 g -1
812 86.66667 62.15000 56017.19847 21.65000 299 0.00095 1.42657 g -1
1783 93.19106 51.35000 56017.20206 21.65000 299 0.00081 1.32480 g -1
839 111.42857 69.35000 56017.20564 21.65000 299 0.00080 1.31959 g -1
786 147.60097 54.95000 56017.20923 21.65000 299 0.00079 1.07506 g -1
1818 115.06828 58.55000 56017.21282 21.65000 299 0.00078 1.20039 g -1
817 153.33333 62.15000 56017.21641 21.65000 299 0.00076 1.14138 g -1
709 131.93230 40.55000 56017.22000 21.65000 299 0.00071 1.04496 g -1
1785 114.00820 51.35000 56017.22358 21.65000 299 0.00071 1.19258 g -1
750 138.40169 47.75000 56017.22717 21.65000 299 0.00070 1.05382 g -1
841 145.71429 69.42000 56017.23076 21.65000 299 0.00057 1.24203 g -1
1784 103.77528 51.35000 56017.23435 21.65000 299 0.00055 1.33843 g -1
1819 126.98986 58.55000 56017.23794 21.65000 299 0.00046 1.18399 g -1
1745 99.77923 44.15000 56017.24152 21.65000 299 0.00041 1.44744 g -1
787 158.52573 54.95000 56017.24511 21.65000 299 0.00041 1.07523 g -1
710 140.54911 40.55000 56017.24870 21.65000 299 0.00040 1.05226 g -1
478 219.61711 4.55000 56017.25229 21.65000 299 0.00064 2.00391 g -1
530 222.10044 11.75000 56017.25588 21.65000 299 0.00034 1.83452 g -1
1817 102.98986 58.55000 56017.25946 21.65000 299 0.00031 1.48894 g -1
531 229.07556 11.75000 56017.26305 21.65000 299 0.00038 2.03715 g -1
838 94.28571 69.35000 56017.26664 21.65000 299 0.00031 1.67213 g -1
479 226.45889 4.55000 56017.27023 21.65000 299 0.00119 2.02172 g -1
427 220.61000 -2.65000 56017.27382 21.65000 299 0.00089 1.96064 g -1
818 166.66667 62.15000 56017.27740 21.65000 299 0.00028 1.14243 g -1
375 216.99383 -9.85000 56017.28099 21.65000 299 0.00035 2.00402 g -1
665 133.35036 33.35000 56017.28458 21.65000 299 0.00028 1.20763 g -1
428 227.70000 -2.65000 56017.28817 21.65000 299 0.00201 2.04709 g -1
480 233.30067 4.55000 56017.29176 21.65000 299 0.00099 1.97634 g -1
1786 124.44044 51.35000 56017.29534 21.65000 299 0.00027 1.35644 g -1
376 224.06350 -9.85000 56017.29893 21.65000 299 0.00044 2.02791 g -1
532 236.05067 11.75000 56017.30252 21.65000 299 0.00027 1.72527 g -1
374 209.92417 -9.85000 56017.30611 21.65000 299 0.00025 1.57750 g -1
666 141.20364 33.35000 56017.30970 21.65000 299 0.00024 1.22221 g -1
426 213.52000 -2.65000 56017.31328 21.65000 299 0.00024 1.41664 g -1
617 128.65543 26.15000 56017.31687 21.65000 299 0.00023 1.54907 g -1
783 114.82671 54.95000 56017.31757 21.65000 299 0.02266 1.65951 r -1
782 103.90195 54.95000 56017.32115 21.65000 299 0.01092 1.98849 r -1
784 125.75146 54.95000 56017.32474 21.65000 299 0.00817 1.49951 r -1
814 113.33333 62.15000 56017.32833 21.65000 299 0.00726 1.73866 r -1
748 119.55231 47.75000 56017.33192 21.65000 299 0.00713 1.72117 r -1
815 126.66667 62.15000 56017.33551 21.65000 299 0.00599 1.55184 r -1
785 136.67622 54.95000 56017.33909 21.65000 299 0.00397 1.41125 r -1
708 123.31548 40.55000 56017.34268 21.65000 299 0.00211 1.80971 r -1
749 128.97700 47.75000 56017.34627 21.65000 299 0.00204 1.61295 r -1
428 227.70000 -2.65000 56017.34986 21.65000 299 0.00201 1.43046 r -1
816 140.00000 62.15000 56017.35345 21.65000 299 0.00201 1.45811 r -1
479 226.45889 4.55000 56017.35703 21.65000 299 0.00119 1.26162 r -1
840 128.57143 69.35000 56017.36062 21.65000 299 0.00100 1.66759 r -1
480 233.30067 4.55000 56017.36421 21.65000 299 0.00099 1.30935 r -1
427 220.61000 -2.65000 56017.36780 21.65000 299 0.00089 1.28923 r -1
786 147.60097 54.95000 56017.37139 21.65000 299 0.00079 1.42185 r -1
817 153.33333 62.15000 56017.37497 21.65000 299 0.00076 1.39406 r -1
709 131.93230 40.55000 56017.37856 21.65000 299 0.00071 1.97531 r -1
750 138.40169 47.75000 56017.38215 21.65000 299 0.00070 1.70217 r -1
478 219.61711 4.55000 56017.38574 21.65000 299 0.00064 1.15425 r -1
841 145.71429 69.42000 56017.38932 21.65000 299 0.00057 1.58192 r -1
376 224.06350 -9.85000 56017.39291 21.65000 299 0.00044 1.39956 r -1
787 158.52573 54.95000 56017.39650 21.65000 299 0.00041 1.39605 r -1
710 140.54911 40.55000 56017.40009 21.65000 299 0.00040 1.94082 r -1
531 229.07556 11.75000 56017.40368 21.65000 299 0.00038 1.09563 r -1
375 216.99383 -9.85000 56017.40726 21.65000 299 0.00035 1.37396 r -1
530 222.10044 11.75000 56017.41085 21.65000 299 0.00034 1.07658 r -1
818 166.66667 62.15000 56017.41444 21.65000 299 0.00028 1.40422 r -1
532 236.05067 11.75000 56017.41803 21.65000 299 0.00027 1.10227 r -1
374 209.92417 -9.85000 56017.42162 21.65000 299 0.00025 1.42109 r -1
426 213.52000 -2.65000 56017.42520 21.65000 299 0.00024 1.26427 r -1
