401 36.85096 -2.65000 55907.06945 21.65000 299 0.00991 1.89216 g -1
452 40.29352 4.55000 55907.07304 21.65000 299 0.00956 1.74673 g -1
349 33.39756 -9.85000 55907.07663 21.65000 299 0.00863 1.94463 g -1
506 50.66337 11.75000 55907.08022 21.65000 299 0.00670 1.84887 g -1
505 43.67912 11.75000 55907.08380 21.65000 299 0.00567 1.57048 g -1
298 29.95482 -17.05000 55907.08739 21.65000 299 0.00698 2.02811 g -1
348 26.34837 -9.85000 55907.09098 21.65000 299 0.00558 1.61794 g -1
400 29.82212 -2.65000 55907.09457 21.65000 299 0.00552 1.47062 g -1
453 47.30440 4.55000 55907.09816 21.65000 299 0.00551 1.68018 g -1
558 59.37382 18.95000 55907.10174 21.65000 299 0.00399 1.71940 g -1
297 22.87289 -17.05000 55907.10533 21.65000 299 0.00396 1.71675 g -1
402 43.87981 -2.65000 55907.10892 21.65000 299 0.00388 1.65969 g -1
451 33.28264 4.55000 55907.11251 21.65000 299 0.00335 1.29890 g -1
350 40.44674 -9.85000 55907.11610 21.65000 299 0.00326 1.72728 g -1
248 23.33961 -24.25000 55907.11968 21.65000 299 0.00312 1.98368 g -1
507 57.64762 11.75000 55907.12327 21.65000 299 0.00311 1.56332 g -1
557 52.12400 18.95000 55907.12686 21.65000 299 0.00306 1.32219 g -1
299 37.03675 -17.05000 55907.13045 21.65000 299 0.00303 1.80689 g -1
249 30.73268 -24.25000 55907.13404 21.65000 299 0.00341 2.02010 g -1
559 66.62364 18.95000 55907.13762 21.65000 299 0.00268 1.54548 g -1
454 54.31528 4.55000 55907.14121 21.65000 299 0.00164 1.46715 g -1
560 73.87345 18.95000 55907.14480 21.65000 299 0.00134 1.68419 g -1
609 68.69200 26.15000 55907.14839 21.65000 299 0.00134 1.41696 g -1
300 44.11868 -17.05000 55907.15198 21.65000 299 0.00131 1.79331 g -1
250 38.12575 -24.25000 55907.15556 21.65000 299 0.00156 2.01374 g -1
403 50.90865 -2.65000 55907.15915 21.65000 299 0.00120 1.43547 g -1
351 47.49593 -9.85000 55907.16274 21.65000 299 0.00120 1.53902 g -1
508 64.63187 11.75000 55907.16633 21.65000 299 0.00114 1.37605 g -1
504 36.69487 11.75000 55907.16992 21.65000 299 0.00111 1.09637 g -1
610 76.21760 26.15000 55907.17350 21.65000 299 0.00109 1.38626 g -1
251 45.51882 -24.25000 55907.17709 21.65000 299 0.00086 2.00760 g -1
608 61.16640 26.15000 55907.18068 21.65000 299 0.00084 1.14453 g -1
556 44.87418 18.95000 55907.18427 21.65000 299 0.00080 1.06193 g -1
1394 36.42696 -6.25000 55907.18786 21.65000 299 0.00068 1.30291 g -1
301 51.20061 -17.05000 55907.19144 21.65000 299 0.00067 1.67928 g -1
1446 39.79092 0.95000 55907.19503 21.65000 299 0.00066 1.19036 g -1
455 61.32616 4.55000 55907.19862 21.65000 299 0.00055 1.26538 g -1
1393 29.51926 -6.25000 55907.20221 21.65000 299 0.00055 1.30676 g -1
1499 43.11748 8.15000 55907.20580 21.65000 299 0.00052 1.10947 g -1
352 54.54511 -9.85000 55907.20938 21.65000 299 0.00051 1.43077 g -1
509 71.61613 11.75000 55907.21297 21.65000 299 0.00049 1.23471 g -1
404 57.93750 -2.65000 55907.21656 21.65000 299 0.00044 1.28997 g -1
252 52.91189 -24.25000 55907.22015 21.65000 299 0.00043 1.90649 g -1
347 19.29919 -9.85000 55907.22374 21.65000 299 0.00042 1.52958 g -1
399 22.79327 -2.65000 55907.22732 21.65000 299 0.00042 1.34127 g -1
1341 33.06164 -13.45000 55907.23091 21.65000 299 0.00040 1.50987 g -1
1445 32.90569 0.95000 55907.23450 21.65000 299 0.00039 1.22536 g -1
302 58.28254 -17.05000 55907.23809 21.65000 299 0.00033 1.59240 g -1
1340 26.12443 -13.45000 55907.24168 21.65000 299 0.00030 1.63299 g -1
1552 51.38130 15.35000 55907.24526 21.65000 299 0.00030 1.05127 g -1
1500 49.97692 8.15000 55907.24885 21.65000 299 0.00029 1.10639 g -1
607 53.64080 26.15000 55907.25244 21.65000 299 0.00029 1.00794 g -1
411 107.17000 -2.65000 55907.25603 21.65000 299 0.00057 2.02157 g -1
1447 46.67615 0.95000 55907.25961 21.65000 299 0.00028 1.20325 g -1
450 26.27176 4.55000 55907.26320 21.65000 299 0.00025 1.33373 g -1
463 116.99044 4.55000 55907.26679 21.65000 299 0.00045 2.03100 g -1
1395 43.33467 -6.25000 55907.27038 21.65000 299 0.00025 1.36587 g -1
412 114.26000 -2.65000 55907.27397 21.65000 299 0.00087 2.05099 g -1
1553 58.49609 15.35000 55907.27755 21.65000 299 0.00025 1.05469 g -1
464 123.83222 4.55000 55907.28473 21.65000 299 0.00086 2.04990 g -1
360 110.94883 -9.85000 55907.28832 21.65000 299 0.00070 1.99102 g -1
413 121.35000 -2.65000 55907.29549 21.65000 299 0.00073 2.01905 g -1
465 130.67400 4.55000 55907.30626 21.65000 299 0.00163 2.00343 g -1
361 118.01850 -9.85000 55907.30985 21.65000 299 0.00160 1.96440 g -1
414 128.44000 -2.65000 55907.31343 21.65000 299 0.00758 2.04832 g -1
1407 126.32304 -6.25000 55907.31702 21.65000 299 0.00035 2.04368 g -1
1459 129.60169 0.95000 55907.32061 21.65000 299 0.00028 1.85378 g -1
362 125.08817 -9.85000 55907.32420 21.65000 299 0.00251 2.03993 g -1
310 114.91235 -17.05000 55907.32779 21.65000 299 0.00139 1.97518 g -1
415 135.53000 -2.65000 55907.33496 21.65000 299 0.00347 2.01644 g -1
1408 133.26272 -6.25000 55907.33855 21.65000 299 0.00113 2.00715 g -1
311 121.94304 -17.05000 55907.34214 21.65000 299 0.00382 2.03372 g -1
363 132.15783 -9.85000 55907.34573 21.65000 299 0.02056 2.01134 g -1
1355 130.09075 -13.45000 55907.35290 21.65000 299 0.00062 2.00133 g -1
260 112.05646 -24.25000 55907.36008 21.65000 299 0.00028 2.01990 g -1
312 128.97374 -17.05000 55907.36367 21.65000 299 0.00872 2.01007 g -1
364 139.22750 -9.85000 55907.36725 21.65000 299 0.00372 1.98385 g -1
1356 136.99733 -13.45000 55907.37084 21.65000 299 0.00106 2.01734 g -1
1304 127.83045 -20.65000 55907.37802 21.65000 299 0.00040 2.01826 g -1
313 136.00443 -17.05000 55907.38161 21.65000 299 0.02418 2.02833 g -1
261 119.39571 -24.25000 55907.38519 21.65000 299 0.00287 1.99204 g -1
1305 134.98818 -20.65000 55907.39955 21.65000 299 0.00106 2.00290 g -1
262 126.68114 -24.25000 55907.40313 21.65000 299 0.00947 2.00532 g -1
314 143.03513 -17.05000 55907.40672 21.65000 299 0.00240 1.96557 g -1
1306 142.14591 -20.65000 55907.41749 21.65000 299 0.00029 2.02077 g -1
263 133.96657 -24.25000 55907.42107 21.65000 299 0.01823 2.01934 g -1
264 141.25200 -24.25000 55907.44260 21.65000 299 0.00714 2.01144 g -1
313 136.00443 -17.05000 55907.44330 21.65000 299 0.02418 1.61986 r -1
363 132.15783 -9.85000 55907.44688 21.65000 299 0.02056 1.38639 r -1
263 133.96657 -24.25000 55907.45047 21.65000 299 0.01823 1.89525 r -1
262 126.68114 -24.25000 55907.45406 21.65000 299 0.00947 1.86877 r -1
312 128.97374 -17.05000 55907.45765 21.65000 299 0.00872 1.57047 r -1
414 128.44000 -2.65000 55907.46124 21.65000 299 0.00758 1.23721 r -1
264 141.25200 -24.25000 55907.46482 21.65000 299 0.00714 1.91152 r -1
311 121.94304 -17.05000 55907.46841 21.65000 299 0.00382 1.60379 r -1
364 139.22750 -9.85000 55907.47200 21.65000 299 0.00372 1.38030 r -1
415 135.53000 -2.65000 55907.47559 21.65000 299 0.00347 1.23699 r -1
261 119.39571 -24.25000 55907.47918 21.65000 299 0.00287 1.99100 r -1
362 125.08817 -9.85000 55907.48276 21.65000 299 0.00251 1.41069 r -1
314 143.03513 -17.05000 55907.48635 21.65000 299 0.00240 1.57593 r -1
465 130.67400 4.55000 55907.48994 21.65000 299 0.00163 1.15682 r -1
361 118.01850 -9.85000 55907.49353 21.65000 299 0.00160 1.51417 r -1
310 114.91235 -17.05000 55907.49711 21.65000 299 0.00139 1.83729 r -1
1408 133.26272 -6.25000 55907.50070 21.65000 299 0.00113 1.32418 r -1
610 76.21760 26.15000 55907.50429 21.65000 299 0.00109 1.96176 r -1
1356 136.99733 -13.45000 55907.50788 21.65000 299 0.00106 1.48745 r -1
1305 134.98818 -20.65000 55907.51147 21.65000 299 0.00106 1.76351 r -1
412 114.26000 -2.65000 55907.51505 21.65000 299 0.00087 1.52016 r -1
464 123.83222 4.55000 55907.51864 21.65000 299 0.00086 1.27052 r -1
413 121.35000 -2.65000 55907.52223 21.65000 299 0.00073 1.44262 r -1
360 110.94883 -9.85000 55907.52582 21.65000 299 0.00070 1.94049 r -1
1355 130.09075 -13.45000 55907.52941 21.65000 299 0.00062 1.63494 r -1
411 107.17000 -2.65000 55907.53299 21.65000 299 0.00057 1.89897 r -1
463 116.99044 4.55000 55907.53658 21.65000 299 0.00045 1.46857 r -1
1407 126.32304 -6.25000 55907.54017 21.65000 299 0.00035 1.55319 r -1
1306 142.14591 -20.65000 55907.54376 21.65000 299 0.00029 1.81534 r -1
1459 129.60169 0.95000 55907.54735 21.65000 299 0.00028 1.38453 r -1
