0.2215589081 9.7314966804e-02 47.2627233960
0.2251468711 1.7002764443e-01 94.6828143504
0.2287348340 2.2111165636e-01 137.7490695203
0.2323227970 2.4589250625e-01 179.3465608111
0.2359107600 2.7708484039e-01 226.5043725014
0.2394987229 3.0901294019e-01 274.6588453954
0.2430866859 3.2881531594e-01 317.9349239766
0.2466746488 3.4708005546e-01 365.1976473725
0.2502626118 3.6482457082e-01 392.2648674306
0.2538505748 3.8303365297e-01 440.3668844717
0.2574385377 3.9851345035e-01 488.1017105431
0.2610265007 4.1336360933e-01 529.5418342754
0.2646144637 4.2998964522e-01 576.9094693770
0.2682024266 4.4034809110e-01 621.2871208676
0.2717903896 4.4649562927e-01 650.8197660084
0.2753783526 4.5126274258e-01 693.8860211783
0.2789663155 4.5870119097e-01 740.8340094573
0.2825542785 4.6703475448e-01 743.1420669817
0.2861422415 4.7349495185e-01 788.8311147928
0.2897302044 4.7872853077e-01 831.9498258156
0.2933181674 4.8386730002e-01 877.6913294796
0.2969061304 4.8739461674e-01 879.5797401813
0.3004940933 4.9132349302e-01 924.6393177586
0.3040820563 4.9504539419e-01 963.4566488496
0.3076700193 4.9867313377e-01 1008.6735939853
0.3112579822 5.0066281805e-01 1051.8447608609
0.3148459452 5.0330765794e-01 1099.5795869323
0.3184339081 5.0528184969e-01 1145.3210905963
0.3220218711 5.0693632263e-01 1172.2833989487
0.3256098341 5.0854155175e-01 1215.9791243525
0.3291977970 5.0989762331e-01 1259.2027470809
0.3327857600 5.1173044419e-01 1266.4941106237
0.3363737230 5.1308506907e-01 1268.8021681480
0.3399616859 5.1416778135e-01 1270.7430347025
0.3435496489 5.1519162126e-01 1272.6314454043
0.3471376119 5.1607009688e-01 1274.7296795173
0.5982950194 5.2309240987e-01 1301.6919878697
0.5989894639 5.2309240987e-01 1301.6919878697
