0.0657608627 6.1951597192e-03 47.3676351016
0.0693488256 1.1038483275e-02 94.3156233806
0.0729367886 1.5369750119e-02 141.3685233653
0.0765247516 2.7062165565e-02 189.1033494366
0.0801127145 3.5510279433e-02 236.8906313609
0.0837006775 4.9623407907e-02 284.2582664625
0.0872886405 6.9357255513e-02 330.3145052434
0.0908766034 8.6990153284e-02 372.1742757983
0.0944645664 1.0202903685e-01 419.2796316358
0.0980525294 1.2747012029e-01 466.4374433261
0.1016404923 1.6595468179e-01 511.7593001675
0.1052284553 1.9675097141e-01 556.4516867750
0.1088164183 2.3174989955e-01 602.4554697031
0.1124043812 2.6536321473e-01 649.7706489519
0.1159923442 2.9310866477e-01 697.6628425818
0.1195803071 3.1948581861e-01 744.8731101249
0.1231682701 3.4550826282e-01 792.1882893737
0.1267562331 3.6781553566e-01 834.0480599286
0.1303441960 3.8969286449e-01 881.1009599132
0.1339321590 4.0730997980e-01 927.6817572225
0.1375201220 4.2428911069e-01 975.7313184108
0.1411080849 4.4038465189e-01 1020.9482635466
0.1446960479 4.5415097361e-01 1068.1060752369
0.1482840109 4.6707551055e-01 1114.2672257235
0.1518719738 4.8024861434e-01 1161.3201257081
0.1554599368 4.9133355814e-01 1207.1665410778
0.1590478998 5.0240515150e-01 1253.2752357116
0.1626358627 5.1269768150e-01 1298.1249898775
0.1662238257 5.2182621199e-01 1345.7549042433
0.1698117887 5.3140053711e-01 1393.2274510505
0.1733997516 5.3949048571e-01 1436.2412503676
0.1769877146 5.4787127962e-01 1483.2941503523
0.1805756776 5.5556281853e-01 1530.6093296010
0.1841636405 5.6289549227e-01 1573.3083938012
0.1877516035 5.6963167645e-01 1620.3612937858
0.1913395664 5.7591910031e-01 1667.8862964459
0.1949275294 5.8133374640e-01 1715.2014756947
0.1985154924 5.8722886571e-01 1762.5166549435
0.2021034553 5.9152322287e-01 1804.0616903814
0.2056914183 5.9580096998e-01 1851.0621345132
0.2092793813 5.9956729847e-01 1894.1808455360
0.2128673442 6.0322247596e-01 1941.2337455206
0.2164553072 6.0663681758e-01 1987.3424401544
0.2200432702 6.1006819755e-01 2030.3562394715
0.2236312331 6.1313544861e-01 2071.9012749094
0.2272191961 6.1625916820e-01 2118.4296163658
0.2308071591 6.1901665319e-01 2162.9121795620
0.2343951220 6.2188475776e-01 2210.2798146636
0.2379830850 6.2504753821e-01 2258.4867434104
0.2415710480 6.2734231467e-01 2300.3465139653
0.2451590109 6.2982920159e-01 2345.6683708067
0.2487469739 6.3240322917e-01 2393.4556527309
0.2523349368 6.3468007077e-01 2432.1680721163
0.2559228998 6.3677912000e-01 2473.7131075543
0.2595108628 6.3886444723e-01 2520.8709192446
0.2630988257 6.4091560872e-01 2523.2314326217
0.2666867887 6.4292105548e-01 2570.2843326064
0.2702747517 6.4462041522e-01 2616.6028506515
0.2738627146 6.4615388806e-01 2659.6166499685
0.2774506776 6.4783354640e-01 2703.1550078139
0.2810386406 6.4927241849e-01 2744.6475873990
0.2846266035 6.5091544487e-01 2783.4649184900
0.2882145665 6.5254803866e-01 2830.0457157992
0.2918025295 6.5415174064e-01 2876.2593221387
0.2953904924 6.5574931718e-01 2879.2493057497
0.2989784554 6.5722208304e-01 2925.2530886779
0.3025664184 6.5868352860e-01 2927.4562344965
0.3061543813 6.5986476330e-01 2966.4309331460
0.3097423443 6.6130773281e-01 2968.5291672591
0.3133303073 6.6266935303e-01 3014.7427735985
0.3169182702 6.6406064514e-01 3017.1557428285
0.3205062332 6.6525132148e-01 3063.2119816095
0.3240941961 6.6639329367e-01 3065.4675832810
0.3276821591 6.6755016853e-01 3067.9330083638
0.3312701221 6.6887871158e-01 3070.4508892994
0.3348580850 6.7001478764e-01 3115.7202902880
0.3384460480 6.7113953259e-01 3117.7660685482
0.3420340110 6.7225526672e-01 3160.7798678653
0.3456219739 6.7336737407e-01 3202.2199915976
0.3492099369 6.7447082340e-01 3204.4231374162
0.3527978999 6.7568207474e-01 3206.5213715293
0.3563858628 6.7665960717e-01 3250.6891996085
0.3599738258 6.7787823962e-01 3254.2561976006
0.3635617888 6.7884635098e-01 3301.3090975853
0.3671497517 6.7978102674e-01 3346.0539400456
0.3707377147 6.8071486690e-01 3348.6767326869
0.3743256777 6.8156272486e-01 3350.6700550943
0.3779136406 6.8240931425e-01 3352.7158333545
0.3815016036 6.8323569728e-01 3400.3457477202
0.3850895666 6.8404928729e-01 3402.2341584219
0.3886775295 6.8485818912e-01 3441.3662246299
0.3922654925 6.8561942362e-01 3443.6742821542
0.3958534554 6.8640227859e-01 3447.3986477049
0.3994414184 6.8708445841e-01 3492.7205045463
0.4030293814 6.8780601055e-01 3495.3432971876
0.4066173443 6.8830376400e-01 3497.4415313006
0.4102053073 6.8902083871e-01 3501.1658968512
0.4137932703 6.8968134918e-01 3503.2116751114
0.4173812332 6.9034176579e-01 3550.0547516848
0.4209691962 6.9104212290e-01 3552.2054416506
0.4245571592 6.9163057952e-01 3579.3775734143
0.4281451221 6.9220426229e-01 3606.1300583554
0.4317330851 6.9277457277e-01 3647.6750937934
0.4353210481 6.9329735285e-01 3649.5635044951
0.4389090110 6.9362476619e-01 3691.4232750500
0.4424969740 6.9408852720e-01 3734.4895302199
0.4460849370 6.9456858972e-01 3738.2663516234
0.4496728999 6.9500955115e-01 3781.3850626461
0.4532608629 6.9537611419e-01 3825.8151699895
0.4568488259 6.9570467659e-01 3827.6511248384
0.4575432703 6.9570467659e-01 3827.6511248384
0.4611312333 6.9570467659e-01 3827.6511248384
0.4647191962 6.9570467659e-01 3827.6511248384
0.4683071592 6.9570467659e-01 3827.6511248384
0.4718951222 6.9570467659e-01 3827.6511248384
0.4754830851 6.9570467659e-01 3827.6511248384
0.4790710481 6.9570467659e-01 3827.6511248384
0.4826590111 6.9570467659e-01 3827.6511248384
0.4862469740 6.9570467659e-01 3827.6511248384
0.4898349370 6.9570467659e-01 3827.6511248384
0.4934228999 6.9570467659e-01 3827.6511248384
0.4970108629 6.9570467659e-01 3827.6511248384
0.5005988259 6.9570467659e-01 3827.6511248384
0.5041867888 6.9570467659e-01 3827.6511248384
0.5077747518 6.9570467659e-01 3827.6511248384
0.5113627148 6.9570467659e-01 3827.6511248384
0.5149506777 6.9570467659e-01 3827.6511248384
0.5185386407 6.9570467659e-01 3827.6511248384
0.5221266037 6.9570467659e-01 3827.6511248384
0.5257145666 6.9570467659e-01 3827.6511248384
