0.6341228619 2.6082721886e-04 47.0528999847
0.6520626767 8.5024390276e-04 94.2107116750
0.6628265656 2.1274591893e-03 141.4734350709
0.6843543434 7.6079727338e-03 189.0508935838
0.6951182323 2.0637353323e-02 213.1805858836
0.7022941582 3.1627872375e-02 246.5949641336
0.7202339730 3.9911289249e-02 284.8877366964
0.7309978619 5.3701934418e-02 309.1223407018
0.7417617508 5.3925363539e-02 355.7555938639
0.7525256397 5.7611724901e-02 388.9076928497
0.7704654545 7.0120212685e-02 427.3053771181
0.7711598990 7.0120212685e-02 427.3053771181
0.7747478619 7.0120212685e-02 427.3053771181
0.7783358249 7.0120212685e-02 427.3053771181
0.7819237879 7.0120212685e-02 427.3053771181
0.7855117508 7.0120212685e-02 427.3053771181
0.7890997138 7.0120212685e-02 427.3053771181
0.7926876768 7.0120212685e-02 427.3053771181
0.7962756397 7.0120212685e-02 427.3053771181
0.7998636027 7.0120212685e-02 427.3053771181
0.8034515657 7.0120212685e-02 427.3053771181
0.8070395286 7.0120212685e-02 427.3053771181
