0.2730557145 1.8788481072e-02 47.7872819242
0.2766436775 3.4256660660e-02 94.9450936145
0.2802316404 4.5878392412e-02 141.6832584822
0.2838196034 5.6271059863e-02 187.6870414103
0.2874075663 8.9426421840e-02 234.9497648063
0.2909955293 9.5828428844e-02 281.7403855268
0.2945834923 1.0101286298e-01 327.5868008965
0.2981714552 1.4465738257e-01 374.7970684396
0.3017594182 1.4932830811e-01 419.9615577225
0.3053473812 1.5289269002e-01 467.0669135600
0.3089353441 1.5624519171e-01 514.3820928088
0.3125233071 1.5898759292e-01 561.9595513217
0.3161112701 1.6153967871e-01 609.4845539818
0.3196992330 1.6390324426e-01 657.3242917588
0.3232871960 1.6551250600e-01 704.4821034491
0.3268751590 1.6707507821e-01 749.6990485849
0.3304631219 1.6857493683e-01 796.9093161280
0.3340510849 1.6992510435e-01 842.5459080864
0.3376390479 1.7130007988e-01 887.8153090749
0.3412270108 1.7212230688e-01 890.0184548936
0.3448149738 1.9552470889e-01 897.0475391723
0.3484029368 1.9622603325e-01 943.0513221004
0.3519908997 1.9682108802e-01 945.3069237719
0.3555788627 1.9737765373e-01 992.3598237566
0.3591668256 1.9779652553e-01 994.7203371337
0.3627547886 1.9819670837e-01 996.9759388052
0.3663427516 1.9857436195e-01 999.3889080352
0.3699307145 1.9893936709e-01 1046.5991755783
0.3735186775 1.9928289733e-01 1091.9210324197
0.3771066405 1.9961380144e-01 1094.1241782384
0.3806946034 1.9992870611e-01 1096.4322357627
0.3842825664 2.0023280444e-01 1143.0654889248
0.3878705294 2.0052260243e-01 1145.3735464491
0.3914584923 2.0080343857e-01 1191.9018879055
0.3950464553 2.0105466307e-01 1237.3811123054
0.3986344183 2.0132256947e-01 1239.6367139769
0.4022223812 2.0175872619e-01 1285.5355851994
0.4058103442 2.0199056422e-01 1332.7458527425
0.4093983072 2.0220400539e-01 1379.7987527272
0.4129862701 2.0241206844e-01 1427.1139319759
0.4165742331 2.0259920002e-01 1429.3695336474
0.4201621961 2.0278606352e-01 1431.6251353189
0.4208566405 2.0278606352e-01 1431.6251353189
0.4244446035 2.0278606352e-01 1431.6251353189
0.4280325664 2.0278606352e-01 1431.6251353189
0.4316205294 2.0278606352e-01 1431.6251353189
0.4352084924 2.0278606352e-01 1431.6251353189
0.4387964553 2.0278606352e-01 1431.6251353189
0.4423844183 2.0278606352e-01 1431.6251353189
0.4459723813 2.0278606352e-01 1431.6251353189
0.4495603442 2.0278606352e-01 1431.6251353189
0.4531483072 2.0278606352e-01 1431.6251353189
0.4567362701 2.0278606352e-01 1431.6251353189
0.4603242331 2.0278606352e-01 1431.6251353189
0.4639121961 2.0278606352e-01 1431.6251353189
0.4675001590 2.0278606352e-01 1431.6251353189
0.4710881220 2.0278606352e-01 1431.6251353189
0.4746760850 2.0278606352e-01 1431.6251353189
0.4782640479 2.0278606352e-01 1431.6251353189
0.4818520109 2.0278606352e-01 1431.6251353189
0.4854399739 2.0278606352e-01 1431.6251353189
0.4890279368 2.0278606352e-01 1431.6251353189
0.4926158998 2.0278606352e-01 1431.6251353189
0.4962038628 2.0278606352e-01 1431.6251353189
0.4997918257 2.0278606352e-01 1431.6251353189
0.5033797887 2.0278606352e-01 1431.6251353189
0.5069677517 2.0278606352e-01 1431.6251353189
0.5105557146 2.0278606352e-01 1431.6251353189
0.5141436776 2.0278606352e-01 1431.6251353189
0.5177316406 2.0278606352e-01 1431.6251353189
0.5213196035 2.0278606352e-01 1431.6251353189
0.5249075665 2.0278606352e-01 1431.6251353189
0.5284955294 2.0278606352e-01 1431.6251353189
0.5320834924 2.0278606352e-01 1431.6251353189
0.5356714554 2.0278606352e-01 1431.6251353189
0.5392594183 2.0278606352e-01 1431.6251353189
0.5428473813 2.0278606352e-01 1431.6251353189
0.5464353443 2.0278606352e-01 1431.6251353189
0.5500233072 2.0278606352e-01 1431.6251353189
0.5536112702 2.0278606352e-01 1431.6251353189
