682 266.85621 33.35000 56117.16998 21.65000 299 0.00653 1.14574 g -1
330 255.52626 -17.05000 56117.17357 21.65000 299 0.00557 1.73652 g -1
380 252.34217 -9.85000 56117.17716 21.65000 299 0.00498 1.45362 g -1
431 248.97000 -2.65000 56117.18074 21.65000 299 0.00482 1.27240 g -1
483 253.82600 4.55000 56117.18433 21.65000 299 0.00479 1.19072 g -1
432 256.06000 -2.65000 56117.18792 21.65000 299 0.00438 1.30156 g -1
482 246.98422 4.55000 56117.19151 21.65000 299 0.00430 1.15097 g -1
724 261.18452 40.55000 56117.19510 21.65000 299 0.00395 1.05003 g -1
534 250.00089 11.75000 56117.19868 21.65000 299 0.00365 1.08493 g -1
586 259.84737 18.95000 56117.20227 21.65000 299 0.00365 1.06841 g -1
535 256.97600 11.75000 56117.20586 21.65000 299 0.00342 1.09801 g -1
381 259.41183 -9.85000 56117.20945 21.65000 299 0.00342 1.41648 g -1
585 252.57882 18.95000 56117.21304 21.65000 299 0.00334 1.03623 g -1
725 269.80133 40.55000 56117.21662 21.65000 299 0.00323 1.05373 g -1
536 263.95111 11.75000 56117.22021 21.65000 299 0.00316 1.10506 g -1
486 274.35133 4.55000 56117.22380 21.65000 299 0.00305 1.23658 g -1
484 260.66778 4.55000 56117.22739 21.65000 299 0.00298 1.15273 g -1
533 243.02578 11.75000 56117.23097 21.65000 299 0.00297 1.09242 g -1
435 277.33000 -2.65000 56117.23456 21.65000 299 0.00296 1.33984 g -1
720 226.71726 40.55000 56117.23815 21.65000 299 0.00290 1.09971 g -1
430 241.88000 -2.65000 56117.24174 21.65000 299 0.00277 1.28610 g -1
582 230.77318 18.95000 56117.24533 21.65000 299 0.00272 1.14266 g -1
538 277.90133 11.75000 56117.24891 21.65000 299 0.00272 1.12236 g -1
487 281.19311 4.55000 56117.25250 21.65000 299 0.00262 1.20847 g -1
584 245.31027 18.95000 56117.25609 21.65000 299 0.00259 1.07293 g -1
485 267.50956 4.55000 56117.25968 21.65000 299 0.00259 1.14321 g -1
539 284.87644 11.75000 56117.26327 21.65000 299 0.00256 1.13269 g -1
634 255.84457 26.15000 56117.26685 21.65000 299 0.00253 1.02174 g -1
632 240.88114 26.15000 56117.27044 21.65000 299 0.00252 1.09913 g -1
631 233.39943 26.15000 56117.27403 21.65000 299 0.00252 1.17664 g -1
537 270.92622 11.75000 56117.27762 21.65000 299 0.00251 1.07557 g -1
583 238.04173 18.95000 56117.28121 21.65000 299 0.00251 1.19777 g -1
683 274.70950 33.35000 56117.28479 21.65000 299 0.00251 1.00026 g -1
590 288.92157 18.95000 56117.28838 21.65000 299 0.00249 1.05985 g -1
633 248.36286 26.15000 56117.29197 21.65000 299 0.00248 1.10121 g -1
540 291.93112 11.75000 56117.29556 21.65000 299 0.00242 1.10822 g -1
434 270.24000 -2.65000 56117.29915 21.65000 299 0.00241 1.24882 g -1
383 273.55117 -9.85000 56117.30273 21.65000 299 0.00236 1.38041 g -1
589 281.65302 18.95000 56117.30632 21.65000 299 0.00234 1.03246 g -1
481 240.14244 4.55000 56117.30991 21.65000 299 0.00226 1.51127 g -1
636 270.80800 26.15000 56117.31350 21.65000 299 0.00222 1.02694 g -1
331 262.55696 -17.05000 56117.31709 21.65000 299 0.00220 1.72982 g -1
490 302.14120 4.55000 56117.32067 21.65000 299 0.00216 1.18478 g -1
379 245.27250 -9.85000 56117.32426 21.65000 299 0.00214 1.93624 g -1
591 296.12691 18.95000 56117.32785 21.65000 299 0.00214 1.03947 g -1
587 267.11592 18.95000 56117.33144 21.65000 299 0.00213 1.10312 g -1
719 218.10044 40.55000 56117.33503 21.65000 299 0.00212 1.84901 g -1
532 236.05067 11.75000 56117.33861 21.65000 299 0.00208 1.77618 g -1
588 274.38447 18.95000 56117.34220 21.65000 299 0.00207 1.08296 g -1
639 293.25314 26.15000 56117.34579 21.65000 299 0.00205 1.00832 g -1
541 298.91537 11.75000 56117.34938 21.65000 299 0.00202 1.07619 g -1
439 305.47596 -2.65000 56117.35297 21.65000 299 0.00199 1.24726 g -1
488 288.11944 4.55000 56117.35655 21.65000 299 0.00198 1.16086 g -1
433 263.15000 -2.65000 56117.36014 21.65000 299 0.00193 1.56374 g -1
542 305.89962 11.75000 56117.36373 21.65000 299 0.00187 1.07790 g -1
681 259.00293 33.35000 56117.36732 21.65000 299 0.00186 1.24280 g -1
382 266.48150 -9.85000 56117.37091 21.65000 299 0.00184 1.79523 g -1
638 285.77143 26.15000 56117.37449 21.65000 299 0.00182 1.05481 g -1
384 280.61059 -9.85000 56117.37808 21.65000 299 0.00182 1.55099 g -1
387 301.75815 -9.85000 56117.38167 21.65000 299 0.00178 1.38050 g -1
436 284.38942 -2.65000 56117.38526 21.65000 299 0.00177 1.36784 g -1
489 295.13032 4.55000 56117.38885 21.65000 299 0.00177 1.18195 g -1
637 278.28971 26.15000 56117.39243 21.65000 299 0.00176 1.15465 g -1
729 304.26859 40.55000 56117.39602 21.65000 299 0.00175 1.01610 g -1
635 263.32629 26.15000 56117.39961 21.65000 299 0.00175 1.40559 g -1
491 309.15208 4.55000 56117.40320 21.65000 299 0.00170 1.14817 g -1
763 263.37269 47.75000 56117.40679 21.65000 299 0.00164 1.35449 g -1
593 310.62655 18.95000 56117.41037 21.65000 299 0.00162 1.04016 g -1
337 304.97168 -17.05000 56117.41396 21.65000 299 0.00157 1.63505 g -1
438 298.44712 -2.65000 56117.41755 21.65000 299 0.00155 1.34167 g -1
388 308.80733 -9.85000 56117.42114 21.65000 299 0.00151 1.41509 g -1
543 312.88387 11.75000 56117.42472 21.65000 299 0.00150 1.09206 g -1
592 303.37673 18.95000 56117.42831 21.65000 299 0.00150 1.09474 g -1
440 312.50481 -2.65000 56117.43190 21.65000 299 0.00146 1.27275 g -1
723 252.56770 40.55000 56117.43549 21.65000 299 0.00145 1.91702 g -1
762 253.59800 47.75000 56117.43908 21.65000 299 0.00144 1.81938 g -1
492 316.16296 4.55000 56117.44266 21.65000 299 0.00142 1.17347 g -1
336 297.88975 -17.05000 56117.44625 21.65000 299 0.00139 1.97922 g -1
437 291.41827 -2.65000 56117.44984 21.65000 299 0.00139 1.66114 g -1
338 312.05361 -17.05000 56117.45343 21.65000 299 0.00139 1.72328 g -1
640 300.75680 26.15000 56117.45702 21.65000 299 0.00136 1.16284 g -1
797 268.89602 54.95000 56117.46060 21.65000 299 0.00135 1.58341 g -1
389 315.85652 -9.85000 56117.46419 21.65000 299 0.00133 1.49352 g -1
339 319.13554 -17.05000 56117.46778 21.65000 299 0.00125 1.69537 g -1
767 302.47146 47.75000 56117.47137 21.65000 299 0.00121 1.17764 g -1
544 319.86812 11.75000 56117.47496 21.65000 299 0.00120 1.14798 g -1
684 282.56279 33.35000 56117.47854 21.65000 299 0.00119 1.54902 g -1
726 278.41815 40.55000 56117.48213 21.65000 299 0.00119 1.62397 g -1
594 317.87636 18.95000 56117.48572 21.65000 299 0.00118 1.13928 g -1
