723 252.56770 40.55000 56164.13851 21.65000 299 0.04652 1.02778 g -1
384 280.61059 -9.85000 56164.14210 21.65000 299 0.01543 1.41053 g -1
333 276.64396 -17.05000 56164.14568 21.65000 299 0.01382 1.58543 g -1
680 251.14964 33.35000 56164.14927 21.65000 299 0.00987 1.04132 g -1
383 273.55117 -9.85000 56164.15286 21.65000 299 0.00831 1.37251 g -1
722 243.95089 40.55000 56164.15645 21.65000 299 0.00752 1.09718 g -1
332 269.58765 -17.05000 56164.16004 21.65000 299 0.00747 1.57588 g -1
760 234.04862 47.75000 56164.16362 21.65000 299 0.00737 1.21026 g -1
334 283.72589 -17.05000 56164.16721 21.65000 299 0.00698 1.58215 g -1
761 243.82331 47.75000 56164.17080 21.65000 299 0.00683 1.14984 g -1
435 277.33000 -2.65000 56164.17439 21.65000 299 0.00652 1.23696 g -1
436 284.38942 -2.65000 56164.17798 21.65000 299 0.00650 1.23824 g -1
283 279.83661 -24.25000 56164.18156 21.65000 299 0.00633 1.86804 g -1
793 224.50609 54.95000 56164.18515 21.65000 299 0.00549 1.43487 g -1
794 235.60357 54.95000 56164.18874 21.65000 299 0.00528 1.31004 g -1
867 324.00000 76.55000 56164.19233 21.65000 299 0.00474 1.45399 g -1
282 272.44354 -24.25000 56164.19592 21.65000 299 0.00448 1.95976 g -1
385 287.65978 -9.85000 56164.19950 21.65000 299 0.00413 1.37162 g -1
482 246.98422 4.55000 56164.20309 21.65000 299 0.00383 1.53215 g -1
631 233.39943 26.15000 56164.20668 21.65000 299 0.00366 1.56038 g -1
382 266.48150 -9.85000 56164.21027 21.65000 299 0.00355 1.54961 g -1
630 225.91771 26.15000 56164.21386 21.65000 299 0.00346 1.90978 g -1
433 263.15000 -2.65000 56164.21744 21.65000 299 0.00328 1.46558 g -1
639 293.25314 26.15000 56164.22103 21.65000 299 0.00273 1.00908 g -1
868 348.00000 76.55000 56164.22462 21.65000 299 0.00271 1.51854 g -1
681 259.00293 33.35000 56164.22821 21.65000 299 0.00271 1.19572 g -1
877 340.00000 83.75000 56164.23180 21.65000 299 0.00265 1.62329 g -1
487 281.19311 4.55000 56164.23538 21.65000 299 0.00256 1.21342 g -1
678 235.44307 33.35000 56164.23897 21.65000 299 0.00254 1.75699 g -1
808 33.33333 62.15000 56164.24256 21.65000 299 0.00257 2.03376 g -1
876 300.00000 83.75000 56164.24615 21.65000 299 0.00244 1.57115 g -1
434 270.24000 -2.65000 56164.24974 21.65000 299 0.00241 1.55040 g -1
721 235.33407 40.55000 56164.25332 21.65000 299 0.00222 1.83485 g -1
853 351.42857 69.35000 56164.25691 21.65000 299 0.00217 1.36463 g -1
832 353.33333 62.15000 56164.26050 21.65000 299 0.00212 1.29408 g -1
679 243.29636 33.35000 56164.26409 21.65000 299 0.00212 1.80031 g -1
762 253.59800 47.75000 56164.26768 21.65000 299 0.00210 1.44923 g -1
591 296.12691 18.95000 56164.27126 21.65000 299 0.00199 1.07743 g -1
1722 255.10475 36.95000 56164.27485 21.65000 299 0.00190 1.52402 g -1
852 334.28571 69.35000 56164.27844 21.65000 299 0.00186 1.25713 g -1
738 22.28709 47.75000 56164.28203 21.65000 299 0.00183 1.52825 g -1
854 12.00000 76.55000 56164.28562 21.65000 299 0.00179 1.53138 g -1
590 288.92157 18.95000 56164.28920 21.65000 299 0.00176 1.17965 g -1
650 16.14189 33.35000 56164.29279 21.65000 299 0.00169 1.40007 g -1
339 319.13554 -17.05000 56164.29638 21.65000 299 0.00169 1.57312 g -1
486 274.35133 4.55000 56164.29997 21.65000 299 0.00158 1.74658 g -1
724 261.18452 40.55000 56164.30356 21.65000 299 0.00156 1.60052 g -1
488 288.11944 4.55000 56164.30714 21.65000 299 0.00148 1.45488 g -1
696 20.38973 40.55000 56164.31073 21.65000 299 0.00147 1.33040 g -1
831 340.00000 62.15000 56164.31432 21.65000 299 0.00145 1.14939 g -1
695 11.90000 40.40000 56164.31791 21.65000 299 0.00139 1.19066 g -1
806 6.66667 62.15000 56164.32150 21.65000 299 0.00136 1.23580 g -1
804 345.77437 54.95000 56164.32508 21.65000 299 0.00136 1.08780 g -1
775 28.13537 54.95000 56164.32867 21.65000 299 0.00135 1.35263 g -1
833 8.57143 69.35000 56164.33226 21.65000 299 0.00133 1.30951 g -1
835 42.85714 69.35000 56164.33585 21.65000 299 0.00129 1.56664 g -1
602 16.01280 26.15000 56164.33943 21.65000 299 0.00129 1.18703 g -1
540 291.93112 11.75000 56164.34302 21.65000 299 0.00126 1.52985 g -1
638 285.77143 26.15000 56164.34661 21.65000 299 0.00124 1.51155 g -1
601 8.48720 26.15000 56164.35020 21.65000 299 0.00122 1.08748 g -1
551 8.62509 18.95000 56164.35379 21.65000 299 0.00122 1.11238 g -1
390 322.90570 -9.85000 56164.35737 21.65000 299 0.00122 1.50211 g -1
807 20.00000 62.15000 56164.36096 21.65000 299 0.00120 1.23069 g -1
866 300.00000 76.55000 56164.36455 21.65000 299 0.00115 1.50765 g -1
649 8.35811 33.35000 56164.36814 21.65000 299 0.00111 1.03882 g -1
737 12.25000 47.75000 56164.37173 21.65000 299 0.00110 1.07590 g -1
834 25.71429 69.35000 56164.37531 21.65000 299 0.00106 1.31732 g -1
685 290.41607 33.35000 56164.37890 21.65000 299 0.00101 1.61606 g -1
774 17.54512 54.95000 56164.38249 21.65000 299 0.00099 1.12143 g -1
869 20.00000 83.75000 56164.38608 21.65000 299 0.00097 1.59058 g -1
454 54.31528 4.55000 56164.38967 21.65000 299 0.00099 2.01126 g -1
500 8.75787 11.75000 56164.39325 21.65000 299 0.00092 1.09010 g -1
559 66.62364 18.95000 56164.39684 21.65000 299 0.00128 2.03874 g -1
403 50.90865 -2.65000 56164.40043 21.65000 299 0.00106 1.94385 g -1
508 64.63187 11.75000 56164.40402 21.65000 299 0.00243 2.02418 g -1
455 61.32616 4.55000 56164.40761 21.65000 299 0.00283 2.03833 g -1
610 76.21760 26.15000 56164.41119 21.65000 299 0.00147 2.06493 g -1
404 57.93750 -2.65000 56164.41478 21.65000 299 0.00271 2.02605 g -1
560 73.87345 18.95000 56164.41837 21.65000 299 0.00317 2.01197 g -1
509 71.61613 11.75000 56164.42196 21.65000 299 0.00414 2.05115 g -1
352 54.54511 -9.85000 56164.42555 21.65000 299 0.00222 2.01795 g -1
456 68.33704 4.55000 56164.42913 21.65000 299 0.00394 2.00074 g -1
611 83.74320 26.15000 56164.43272 21.65000 299 0.00703 2.05230 g -1
561 81.12327 18.95000 56164.43631 21.65000 299 0.00571 2.05268 g -1
405 64.96635 -2.65000 56164.43990 21.65000 299 0.00332 1.93643 g -1
510 78.60038 11.75000 56164.44349 21.65000 299 0.00361 2.01042 g -1
353 61.59430 -9.85000 56164.44707 21.65000 299 0.00261 1.98936 g -1
457 75.34792 4.55000 56164.45066 21.65000 299 0.00213 1.96483 g -1
612 91.24686 26.15000 56164.45425 21.65000 299 0.00400 2.03869 g -1
562 88.37309 18.95000 56164.45784 21.65000 299 0.00998 2.02546 g -1
511 85.58463 11.75000 56164.46143 21.65000 299 0.00271 2.03695 g -1
302 58.28254 -17.05000 56164.46501 21.65000 299 0.00179 1.98753 g -1
301 51.20061 -17.05000 56164.46860 21.65000 299 0.00152 1.78312 g -1
659 86.23064 33.35000 56164.47219 21.65000 299 0.00132 1.51590 g -1
613 98.72857 26.15000 56164.47578 21.65000 299 0.00131 2.02414 g -1
406 71.99519 -2.65000 56164.47937 21.65000 299 0.00127 1.68974 g -1
563 95.57843 18.95000 56164.48295 21.65000 299 0.00104 1.93416 g -1
351 47.49593 -9.85000 56164.48654 21.65000 299 0.00093 1.42729 g -1
354 68.64348 -9.85000 56164.49013 21.65000 299 0.00092 1.72466 g -1
660 94.08393 33.35000 56164.49372 21.65000 299 0.00091 1.51795 g -1
552 15.87491 18.95000 56164.49731 21.65000 299 0.00087 1.08700 g -1
661 101.93721 33.35000 56164.50089 21.65000 299 0.00085 1.66047 g -1
694 3.46860 40.55000 56164.50448 21.65000 299 0.00084 1.14203 g -1
855 36.00000 76.55000 56164.50807 21.65000 299 0.00083 1.37368 g -1
600 0.96160 26.15000 56164.51166 21.65000 299 0.00082 1.22871 g -1
