0.0373008463 3.8709013215e-02 47.2627233960
0.0408888093 6.3294127961e-02 94.7352702032
0.0444767722 8.0453000391e-02 140.1620387503
0.0480647352 8.9889619596e-02 184.6970577993
0.0516526982 1.0074289653e-01 232.4843397235
0.0552406611 1.1081903318e-01 280.2191657949
0.0588286241 1.2082646948e-01 327.5343450437
0.0624165870 1.2880886346e-01 373.0660252964
0.0660045500 1.3600328166e-01 420.0140135754
0.0695925130 1.4257089237e-01 464.2342975074
0.0731804759 1.4905800721e-01 511.5494767562
0.0767684389 1.5277797916e-01 557.6057155372
0.0803564019 1.5647259794e-01 602.9275723786
0.0839443648 1.5994858962e-01 645.5741807259
0.0875323278 1.6324176257e-01 691.4205960955
0.0911202908 1.6594964633e-01 735.2736890578
0.0947082537 1.6839590764e-01 780.9102810162
0.0982962167 1.7048962232e-01 824.8158298313
0.1018841797 1.7291164717e-01 870.1376866727
0.1054721426 1.7500342140e-01 914.2530588991
0.1090601056 1.7664267950e-01 957.0045789520
0.1126480686 1.7871133170e-01 1004.3722140536
0.1162360315 1.8073262521e-01 1052.1594959778
0.1198239945 1.8271391811e-01 1099.2123959625
0.1234119575 1.8465979449e-01 1146.3702076528
0.1269999204 1.8644649803e-01 1192.4264464338
0.1305878834 1.8820003321e-01 1239.7416256825
0.1341758463 1.8990413841e-01 1285.3782176409
0.1377638093 1.9165479344e-01 1332.7983085953
0.1413517723 1.9310088811e-01 1377.9103420254
0.1449397352 1.9471600401e-01 1379.9036644328
0.1485276982 1.9596759680e-01 1422.9699196027
0.1521156612 1.9732108761e-01 1470.2326429987
0.1557036241 1.9862331674e-01 1517.4953663946
0.1592915871 1.9978742632e-01 1564.2859871151
0.1628795501 2.0096909350e-01 1566.3842212282
0.1664675130 2.0203306067e-01 1613.9092238882
0.1700554760 2.0300803017e-01 1659.6507275523
0.1736434390 2.0399109744e-01 1706.3364365671
0.1772314019 2.0485939347e-01 1749.4026917370
0.1808193649 2.0580174295e-01 1795.4064746652
0.1844073279 2.0671633604e-01 1842.5118305026
0.1879952908 2.0753055201e-01 1888.6205251364
0.1915832538 2.0817478082e-01 1890.5613916910
0.1951712168 2.0891869736e-01 1936.4602629135
0.1987591797 2.1030336129e-01 1982.9886043699
0.2023471427 2.1095309972e-01 1985.1392943357
0.2059351056 2.1293524461e-01 2031.9823709091
0.2095230686 2.1345929866e-01 2077.1468601920
0.2131110316 2.1397411138e-01 2123.2555548258
0.2166989945 2.1448014084e-01 2125.6160682029
0.2202869575 2.1497387877e-01 2172.8263357461
0.2238749205 2.1542047405e-01 2220.4037942590
0.2274628834 2.1585845774e-01 2267.4566942436
0.2310508464 2.1627375360e-01 2311.6245223229
0.2346388094 2.1665555936e-01 2357.2611142812
0.2382267723 2.1702556614e-01 2402.3731477113
0.2418147353 2.1741526426e-01 2447.5900928471
0.2454026983 2.1778835433e-01 2493.2266848054
0.2489906612 2.1817345896e-01 2538.4960857940
0.2525786242 2.1853751592e-01 2540.4894082014
0.2532730686 2.1853751592e-01 2540.4894082014
0.2568610316 2.1853751592e-01 2540.4894082014
0.2604489946 2.1853751592e-01 2540.4894082014
0.2640369575 2.1853751592e-01 2540.4894082014
0.2676249205 2.1853751592e-01 2540.4894082014
0.2712128835 2.1853751592e-01 2540.4894082014
0.2748008464 2.1853751592e-01 2540.4894082014
0.2783888094 2.1853751592e-01 2540.4894082014
0.2819767724 2.1853751592e-01 2540.4894082014
0.2855647353 2.1853751592e-01 2540.4894082014
0.2891526983 2.1853751592e-01 2540.4894082014
0.2927406613 2.1853751592e-01 2540.4894082014
0.2963286242 2.1853751592e-01 2540.4894082014
0.2999165872 2.1853751592e-01 2540.4894082014
0.3035045501 2.1853751592e-01 2540.4894082014
0.3070925131 2.1853751592e-01 2540.4894082014
0.3106804761 2.1853751592e-01 2540.4894082014
0.3142684390 2.1853751592e-01 2540.4894082014
0.3178564020 2.1853751592e-01 2540.4894082014
0.3214443650 2.1853751592e-01 2540.4894082014
0.3250323279 2.1853751592e-01 2540.4894082014
0.3286202909 2.1853751592e-01 2540.4894082014
0.3322082539 2.1853751592e-01 2540.4894082014
0.3357962168 2.1853751592e-01 2540.4894082014
0.3393841798 2.1853751592e-01 2540.4894082014
0.3429721428 2.1853751592e-01 2540.4894082014
0.3465601057 2.1853751592e-01 2540.4894082014
0.3501480687 2.1853751592e-01 2540.4894082014
0.3537360317 2.1853751592e-01 2540.4894082014
0.3573239946 2.1853751592e-01 2540.4894082014
0.3609119576 2.1853751592e-01 2540.4894082014
0.3644999205 2.1853751592e-01 2540.4894082014
0.3680878835 2.1853751592e-01 2540.4894082014
0.3716758465 2.1853751592e-01 2540.4894082014
0.3752638094 2.1853751592e-01 2540.4894082014
0.3788517724 2.1853751592e-01 2540.4894082014
0.3824397354 2.1853751592e-01 2540.4894082014
0.3860276983 2.1853751592e-01 2540.4894082014
