0.1407274629 7.7827599721e-03 47.7348260714
0.1443154259 1.4527527205e-02 93.4763297354
0.1479033889 2.0573329059e-02 139.1653775466
0.1514913518 2.4891642555e-02 184.8544253578
0.1550793148 2.8904091952e-02 232.1171487537
0.1586672778 3.2026435563e-02 278.8553136214
0.1622552407 3.4851547085e-02 323.9673470515
0.1658432037 3.7078011095e-02 369.8137624212
0.1694311667 3.9016387271e-02 415.5028102324
0.1730191296 4.1107037469e-02 460.5623878096
0.1766070926 4.2571950557e-02 506.1465239152
0.1801950555 4.3752899383e-02 551.9929392848
0.1837830185 4.4789967147e-02 597.6295312432
0.1873709815 4.5803057351e-02 645.2069897561
0.1909589444 4.6792305518e-02 692.6270807105
0.1945469074 4.7584679882e-02 739.9422599593
0.1981348704 4.8281264807e-02 785.8411311818
0.2017228333 4.8995690003e-02 833.2087662834
0.2053107963 4.9615278280e-02 876.2750214533
0.2088987593 5.0252177165e-02 921.3870548834
0.2124867222 5.0886767264e-02 965.2926036985
0.2160746852 5.1464514631e-02 1012.7126946529
0.2196626482 5.2023427143e-02 1060.2376973130
0.2232506111 5.3002648052e-02 1104.0907902753
0.2268385741 5.4181198476e-02 1149.5700146752
0.2304265371 5.4740809869e-02 1196.8851939239
0.2340145000 5.6317338303e-02 1244.1479173199
0.2376024630 5.6805624381e-02 1289.3648624557
0.2411904259 5.7317575979e-02 1335.1063661197
0.2447783889 5.8179574433e-02 1382.8936480439
0.2483663519 5.8694204136e-02 1430.6284741153
0.2519543148 5.9269850047e-02 1473.2750824626
0.2555422778 6.0502133349e-02 1519.3313212435
0.2591302408 6.1678585242e-02 1563.5516051756
0.2627182037 6.2143876905e-02 1603.9426118514
0.2663061667 6.2663765486e-02 1605.9883901116
0.2698941297 6.3634468849e-02 1651.3102469530
0.2734820926 6.4076356749e-02 1653.4084810660
0.2770700556 6.4501405734e-02 1699.2024405828
0.2806580186 6.4917362698e-02 1744.9964000997
0.2842459815 6.5330984761e-02 1788.1151111224
0.2878339445 6.5740128979e-02 1832.2829392016
0.2914219075 6.6171897533e-02 1879.5981184504
0.2950098704 6.6608650592e-02 1927.0182094048
0.2985978334 6.7000674658e-02 1971.5532284539
0.3021857964 6.7591576917e-02 2018.2389374687
0.3057737593 6.7960725222e-02 2063.5607943101
0.3093617223 6.8333950699e-02 2109.2498421213
0.3129496852 6.8717729789e-02 2156.3027421060
0.3165376482 6.9082287292e-02 2201.4672313889
0.3201256112 6.9470982127e-02 2248.7824106377
0.3237135741 6.9790070401e-02 2287.3899183174
0.3273015371 7.0145877680e-02 2332.5019517475
0.3308895001 7.0502887741e-02 2378.4008229700
0.3344774630 7.0831617895e-02 2421.4670781399
0.3380654260 7.1145616121e-02 2464.4808774569
0.3416533890 7.1464501363e-02 2511.0092189133
0.3452413519 7.1787164598e-02 2552.5542543513
0.3488293149 7.2108289640e-02 2598.1908463096
0.3524172779 7.2425502392e-02 2645.5060255584
0.3560052408 7.2726633916e-02 2688.5722807283
0.3595932038 7.3023535956e-02 2732.1106385737
0.3631811668 7.3324282303e-02 2777.2751278566
0.3667691297 7.3627184078e-02 2824.3280278412
0.3703570927 7.3929740157e-02 2869.5449729770
0.3739450557 7.4223880502e-02 2916.8601522258
0.3775330186 7.4497653675e-02 2962.6016558898
0.3811209816 7.4770334327e-02 3005.2482642371
0.3847089445 7.5052122603e-02 3052.5109876330
0.3882969075 7.5357525908e-02 3100.2982695572
0.3918848705 7.5638806733e-02 3147.3511695419
0.3954728334 7.5928998736e-02 3194.6663487907
0.3990607964 7.6204646509e-02 3241.7192487753
0.4026487594 7.6466688018e-02 3284.7855039452
0.4062367223 7.6741594709e-02 3330.3696400507
0.4098246853 7.7013935933e-02 3377.4225400354
0.4134126483 7.7280820479e-02 3424.4754400200
0.4170006112 7.7523704844e-02 3467.8039744541
0.4205885742 7.7794298904e-02 3514.8568744387
0.4241765372 7.8043698058e-02 3561.3852158951
0.4277645001 7.8320165594e-02 3604.3990152122
0.4313524631 7.8566184608e-02 3651.7141944610
0.4349404261 7.8809023870e-02 3654.0747078381
0.4385283890 7.9053217333e-02 3701.7046222039
0.4421163520 7.9293362297e-02 3748.5476987772
0.4457043150 7.9522202403e-02 3790.0402783623
0.4492922779 7.9749876214e-02 3837.0931783470
