866 300.00000 76.55000 55901.06873 21.65000 299 0.00569 1.47556 g -1
690 329.43922 33.35000 55901.07232 21.65000 299 0.00402 1.02147 g -1
691 337.22300 33.35000 55901.07591 21.65000 299 0.00259 1.00618 g -1
731 321.31160 40.55000 55901.07950 21.65000 299 0.00242 1.07142 g -1
295 8.70904 -17.05000 55901.08308 21.65000 299 0.00241 1.71335 g -1
729 304.26859 40.55000 55901.08667 21.65000 299 0.00227 1.23415 g -1
246 8.55346 -24.25000 55901.09026 21.65000 299 0.00329 2.01168 g -1
732 329.74300 40.55000 55901.09385 21.65000 299 0.00226 1.05536 g -1
865 276.00000 76.55000 55901.09744 21.65000 299 0.00226 1.72768 g -1
867 324.00000 76.55000 55901.10102 21.65000 299 0.00221 1.42388 g -1
645 338.38480 26.15000 55901.10461 21.65000 299 0.00206 1.04140 g -1
767 302.47146 47.75000 55901.10820 21.65000 299 0.00198 1.35767 g -1
247 15.94654 -24.25000 55901.11179 21.65000 299 0.00205 2.00535 g -1
730 312.82187 40.55000 55901.11538 21.65000 299 0.00196 1.25616 g -1
689 321.65544 33.35000 55901.11896 21.65000 299 0.00152 1.18112 g -1
644 330.85920 26.15000 55901.12255 21.65000 299 0.00122 1.12807 g -1
768 312.24615 47.75000 55901.12614 21.65000 299 0.00118 1.31195 g -1
346 12.25000 -9.85000 55901.12973 21.65000 299 0.00105 1.38569 g -1
296 15.79096 -17.05000 55901.13332 21.65000 299 0.00098 1.59882 g -1
646 345.91040 26.15000 55901.13690 21.65000 299 0.00090 1.06067 g -1
852 334.28571 69.35000 55901.14049 21.65000 299 0.00088 1.31855 g -1
597 339.62582 18.95000 55901.14408 21.65000 299 0.00087 1.15691 g -1
853 351.42857 69.35000 55901.14767 21.65000 299 0.00085 1.26293 g -1
397 8.73558 -2.65000 55901.15126 21.65000 299 0.00077 1.23720 g -1
849 282.85714 69.35000 55901.15484 21.65000 299 0.00074 1.95589 g -1
733 338.17440 40.55000 55901.15843 21.65000 299 0.00066 1.15217 g -1
773 6.95487 54.95000 55901.16202 21.65000 299 0.00065 1.08278 g -1
769 322.06455 47.75000 55901.16561 21.65000 299 0.00059 1.37420 g -1
806 6.66667 62.15000 55901.16920 21.65000 299 0.00059 1.15271 g -1
692 345.00678 33.35000 55901.17278 21.65000 299 0.00057 1.14237 g -1
598 346.87564 18.95000 55901.17637 21.65000 299 0.00057 1.20160 g -1
868 348.00000 76.55000 55901.17996 21.65000 299 0.00056 1.44026 g -1
832 353.33333 62.15000 55901.18355 21.65000 299 0.00055 1.21596 g -1
850 300.00000 69.35000 55901.18714 21.65000 299 0.00051 1.85326 g -1
345 5.20081 -9.85000 55901.19072 21.65000 299 0.00050 1.48211 g -1
851 317.14286 69.35000 55901.19431 21.65000 299 0.00041 1.63247 g -1
833 8.57143 69.35000 55901.19790 21.65000 299 0.00040 1.26550 g -1
876 300.00000 83.75000 55901.20149 21.65000 299 0.00036 1.83326 g -1
548 347.80512 11.75000 55901.20508 21.65000 299 0.00032 1.41991 g -1
854 12.00000 76.55000 55901.20866 21.65000 299 0.00029 1.39713 g -1
547 340.82087 11.75000 55901.21225 21.65000 299 0.00026 1.66076 g -1
737 12.25000 47.75000 55901.21584 21.65000 299 0.00026 1.08284 g -1
1288 12.25000 -20.65000 55901.21943 21.65000 299 0.00024 1.92713 g -1
497 351.21736 4.55000 55901.22302 21.65000 299 0.00021 1.62540 g -1
877 340.00000 83.75000 55901.22660 21.65000 299 0.00021 1.68809 g -1
736 2.21291 47.75000 55901.23019 21.65000 299 0.00020 1.17973 g -1
446 354.67788 -2.65000 55901.23378 21.65000 299 0.00020 1.84174 g -1
770 332.10164 47.75000 55901.23737 21.65000 299 0.00019 1.69573 g -1
1731 330.34250 36.95000 55901.24095 21.65000 299 0.00015 1.94569 g -1
1878 312.43831 72.95000 55901.24454 21.65000 299 0.00015 1.95606 g -1
549 354.78937 11.75000 55901.24813 21.65000 299 0.00015 1.62932 g -1
695 11.90000 40.40000 55901.25172 21.65000 299 0.00014 1.15133 g -1
301 51.20061 -17.05000 55901.25531 21.65000 299 0.00014 1.56842 g -1
1879 332.43831 72.95000 55901.25889 21.65000 299 0.00013 1.74110 g -1
807 20.00000 62.15000 55901.26248 21.65000 299 0.00012 1.22516 g -1
306 86.61025 -17.05000 55901.26607 21.65000 299 0.00012 1.97027 g -1
599 354.12545 18.95000 55901.26966 21.65000 299 0.00012 1.76537 g -1
358 96.84022 -9.85000 55901.27325 21.65000 299 0.00011 1.89039 g -1
774 17.54512 54.95000 55901.27683 21.65000 299 0.00011 1.22161 g -1
307 93.69218 -17.05000 55901.28042 21.65000 299 0.00017 2.03007 g -1
359 103.88941 -9.85000 55901.28401 21.65000 299 0.00016 2.00688 g -1
834 25.71429 69.35000 55901.28760 21.65000 299 0.00010 1.32619 g -1
805 356.36462 54.95000 55901.29119 21.65000 299 0.00010 1.55276 g -1
355 75.69267 -9.85000 55901.29477 21.65000 299 0.00010 1.40546 g -1
302 58.28254 -17.05000 55901.29836 21.65000 299 0.00009 1.58199 g -1
308 100.77411 -17.05000 55901.30195 21.65000 299 0.00031 2.00821 g -1
360 110.94883 -9.85000 55901.30554 21.65000 299 0.00011 1.97924 g -1
305 79.52832 -17.05000 55901.30913 21.65000 299 0.00008 1.60229 g -1
855 36.00000 76.55000 55901.31271 21.65000 299 0.00008 1.43871 g -1
257 89.87725 -24.25000 55901.31630 21.65000 299 0.00008 2.01046 g -1
309 107.85604 -17.05000 55901.31989 21.65000 299 0.00027 2.02818 g -1
361 118.01850 -9.85000 55901.32348 21.65000 299 0.00009 2.00286 g -1
352 54.54511 -9.85000 55901.32707 21.65000 299 0.00008 1.48147 g -1
869 20.00000 83.75000 55901.33065 21.65000 299 0.00008 1.67712 g -1
357 89.79104 -9.85000 55901.33424 21.65000 299 0.00007 1.40498 g -1
258 97.27032 -24.25000 55901.33783 21.65000 299 0.00031 2.00467 g -1
310 114.91235 -17.05000 55901.34142 21.65000 299 0.00030 2.00558 g -1
354 68.64348 -9.85000 55901.34501 21.65000 299 0.00007 1.41432 g -1
410 100.11058 -2.65000 55901.34859 21.65000 299 0.00007 1.29373 g -1
353 61.59430 -9.85000 55901.35218 21.65000 299 0.00007 1.50582 g -1
259 104.66339 -24.25000 55901.35577 21.65000 299 0.00040 2.02070 g -1
311 121.94304 -17.05000 55901.35936 21.65000 299 0.00020 2.02375 g -1
861 180.00000 76.55000 55901.36295 21.65000 299 0.00007 1.88933 g -1
698 37.42753 40.55000 55901.36653 21.65000 299 0.00007 1.34043 g -1
873 180.00000 83.75000 55901.37012 21.65000 299 0.00007 1.82424 g -1
411 107.17000 -2.65000 55901.37371 21.65000 299 0.00006 1.28064 g -1
260 112.05646 -24.25000 55901.37730 21.65000 299 0.00064 2.01466 g -1
312 128.97374 -17.05000 55901.38089 21.65000 299 0.00016 2.00051 g -1
835 42.85714 69.35000 55901.38447 21.65000 299 0.00006 1.44783 g -1
789 180.37888 54.95000 55901.38806 21.65000 299 0.00006 1.96336 g -1
874 220.00000 83.75000 55901.39165 21.65000 299 0.00007 2.00159 g -1
261 119.39571 -24.25000 55901.39883 21.65000 299 0.00054 2.00787 g -1
313 136.00443 -17.05000 55901.40241 21.65000 299 0.00011 1.97820 g -1
862 204.00000 76.55000 55901.40600 21.65000 299 0.00010 1.99568 g -1
844 197.14286 69.35000 55901.40959 21.65000 299 0.00009 1.98038 g -1
820 193.33333 62.15000 55901.41318 21.65000 299 0.00008 1.96795 g -1
262 126.68114 -24.25000 55901.41677 21.65000 299 0.00034 2.02209 g -1
715 183.63319 40.55000 55901.42035 21.65000 299 0.00008 1.89739 g -1
755 185.52515 47.75000 55901.42394 21.65000 299 0.00007 1.81325 g -1
314 143.03513 -17.05000 55901.42753 21.65000 299 0.00007 1.92090 g -1
790 191.39000 54.95000 55901.43112 21.65000 299 0.00006 1.82819 g -1
263 133.96657 -24.25000 55901.43829 21.65000 299 0.00017 2.01413 g -1
875 260.00000 83.75000 55901.49929 21.65000 299 0.00017 2.00513 g -1
262 126.68114 -24.25000 55901.49998 21.65000 299 0.00034 1.92102 r -1
310 114.91235 -17.05000 55901.50357 21.65000 299 0.00030 1.76604 r -1
309 107.85604 -17.05000 55901.50716 21.65000 299 0.00027 1.95735 r -1
311 121.94304 -17.05000 55901.51075 21.65000 299 0.00020 1.69664 r -1
875 260.00000 83.75000 55901.51433 21.65000 299 0.00017 1.97522 r -1
263 133.96657 -24.25000 55901.51792 21.65000 299 0.00017 1.91392 r -1
312 128.97374 -17.05000 55901.52151 21.65000 299 0.00016 1.65820 r -1
359 103.88941 -9.85000 55901.52510 21.65000 299 0.00016 1.97315 r -1
313 136.00443 -17.05000 55901.52869 21.65000 299 0.00011 1.61691 r -1
360 110.94883 -9.85000 55901.53227 21.65000 299 0.00011 1.82253 r -1
862 204.00000 76.55000 55901.53586 21.65000 299 0.00010 1.53359 r -1
844 197.14286 69.35000 55901.53945 21.65000 299 0.00009 1.38219 r -1
361 118.01850 -9.85000 55901.54304 21.65000 299 0.00009 1.73571 r -1
820 193.33333 62.15000 55901.54663 21.65000 299 0.00008 1.26314 r -1
715 183.63319 40.55000 55901.55021 21.65000 299 0.00008 1.08693 r -1
755 185.52515 47.75000 55901.55380 21.65000 299 0.00007 1.10836 r -1
314 143.03513 -17.05000 55901.55739 21.65000 299 0.00007 1.64684 r -1
874 220.00000 83.75000 55901.56098 21.65000 299 0.00007 1.68666 r -1
861 180.00000 76.55000 55901.56457 21.65000 299 0.00007 1.38980 r -1
