587 267.11592 18.95000 56112.17098 21.65000 299 0.03092 1.27586 g -1
636 270.80800 26.15000 56112.17457 21.65000 299 0.02967 1.25598 g -1
537 270.92622 11.75000 56112.17816 21.65000 299 0.02066 1.37536 g -1
588 274.38447 18.95000 56112.18175 21.65000 299 0.01539 1.32834 g -1
635 263.32629 26.15000 56112.18533 21.65000 299 0.01247 1.13006 g -1
586 259.84737 18.95000 56112.18892 21.65000 299 0.01186 1.12734 g -1
536 263.95111 11.75000 56112.19251 21.65000 299 0.01023 1.20962 g -1
485 267.50956 4.55000 56112.19610 21.65000 299 0.00986 1.32491 g -1
535 256.97600 11.75000 56112.19969 21.65000 299 0.00896 1.13284 g -1
534 250.00089 11.75000 56112.20327 21.65000 299 0.00729 1.09417 g -1
380 252.34217 -9.85000 56112.20686 21.65000 299 0.00728 1.40894 g -1
329 248.49557 -17.05000 56112.21045 21.65000 299 0.00696 1.58540 g -1
484 260.66778 4.55000 56112.21404 21.65000 299 0.00689 1.19714 g -1
483 253.82600 4.55000 56112.21763 21.65000 299 0.00674 1.15775 g -1
482 246.98422 4.55000 56112.22121 21.65000 299 0.00647 1.14201 g -1
486 274.35133 4.55000 56112.22480 21.65000 299 0.00642 1.28191 g -1
432 256.06000 -2.65000 56112.22839 21.65000 299 0.00633 1.24972 g -1
433 263.15000 -2.65000 56112.23198 21.65000 299 0.00578 1.27556 g -1
431 248.97000 -2.65000 56112.23557 21.65000 299 0.00542 1.23695 g -1
381 259.41183 -9.85000 56112.23915 21.65000 299 0.00462 1.38638 g -1
330 255.52626 -17.05000 56112.24274 21.65000 299 0.00447 1.57152 g -1
637 278.28971 26.15000 56112.24633 21.65000 299 0.00418 1.07813 g -1
538 277.90133 11.75000 56112.24992 21.65000 299 0.00365 1.15116 g -1
379 245.27250 -9.85000 56112.25351 21.65000 299 0.00333 1.40503 g -1
585 252.57882 18.95000 56112.25709 21.65000 299 0.00326 1.03663 g -1
378 238.20283 -9.85000 56112.26068 21.65000 299 0.00274 1.48716 g -1
434 270.24000 -2.65000 56112.26427 21.65000 299 0.00272 1.25376 g -1
430 241.88000 -2.65000 56112.26786 21.65000 299 0.00248 1.32036 g -1
638 285.77143 26.15000 56112.27145 21.65000 299 0.00220 1.06871 g -1
589 281.65302 18.95000 56112.27503 21.65000 299 0.00193 1.07040 g -1
682 266.85621 33.35000 56112.27862 21.65000 299 0.00186 1.00008 g -1
683 274.70950 33.35000 56112.28221 21.65000 299 0.00181 1.00587 g -1
429 234.79000 -2.65000 56112.28580 21.65000 299 0.00176 1.49723 g -1
684 282.56279 33.35000 56112.28939 21.65000 299 0.00171 1.01730 g -1
1633 272.69901 22.55000 56112.29297 21.65000 299 0.00167 1.01832 g -1
1632 265.50087 22.55000 56112.29656 21.65000 299 0.00162 1.02399 g -1
634 255.84457 26.15000 56112.30015 21.65000 299 0.00159 1.04634 g -1
685 290.41607 33.35000 56112.30374 21.65000 299 0.00156 1.02553 g -1
382 266.48150 -9.85000 56112.30733 21.65000 299 0.00148 1.39510 g -1
639 293.25314 26.15000 56112.31091 21.65000 299 0.00134 1.03679 g -1
331 262.55696 -17.05000 56112.31450 21.65000 299 0.00126 1.65282 g -1
1583 269.39143 15.35000 56112.31809 21.65000 299 0.00119 1.06760 g -1
590 288.92157 18.95000 56112.32168 21.65000 299 0.00116 1.03941 g -1
686 298.26936 33.35000 56112.32527 21.65000 299 0.00115 1.02581 g -1
681 259.00293 33.35000 56112.32885 21.65000 299 0.00109 1.07072 g -1
481 240.14244 4.55000 56112.33244 21.65000 299 0.00109 1.58844 g -1
539 284.87644 11.75000 56112.33603 21.65000 299 0.00103 1.07590 g -1
640 300.75680 26.15000 56112.33962 21.65000 299 0.00089 1.02702 g -1
533 243.02578 11.75000 56112.34321 21.65000 299 0.00086 1.47672 g -1
680 251.14964 33.35000 56112.34679 21.65000 299 0.00078 1.18914 g -1
687 306.08789 33.35000 56112.35038 21.65000 299 0.00074 1.02175 g -1
591 296.12691 18.95000 56112.35397 21.65000 299 0.00072 1.03343 g -1
633 248.36286 26.15000 56112.35756 21.65000 299 0.00071 1.31243 g -1
1532 272.61597 8.15000 56112.36115 21.65000 299 0.00069 1.19288 g -1
725 269.80133 40.55000 56112.36473 21.65000 299 0.00066 1.08525 g -1
641 308.28240 26.15000 56112.36832 21.65000 299 0.00066 1.01938 g -1
1582 262.37857 15.35000 56112.37191 21.65000 299 0.00063 1.27148 g -1
547 340.82087 11.75000 56112.37550 21.65000 299 0.00062 1.35151 g -1
584 245.31027 18.95000 56112.37908 21.65000 299 0.00062 1.64091 g -1
435 277.33000 -2.65000 56112.38267 21.65000 299 0.00058 1.38226 g -1
726 278.41815 40.55000 56112.38626 21.65000 299 0.00057 1.08029 g -1
540 291.93112 11.75000 56112.38985 21.65000 299 0.00054 1.10500 g -1
642 315.80800 26.15000 56112.39344 21.65000 299 0.00053 1.01605 g -1
487 281.19311 4.55000 56112.39702 21.65000 299 0.00051 1.27836 g -1
724 261.18452 40.55000 56112.40061 21.65000 299 0.00050 1.29041 g -1
592 303.37673 18.95000 56112.40420 21.65000 299 0.00048 1.04039 g -1
1531 265.51208 8.15000 56112.40779 21.65000 299 0.00048 1.56013 g -1
597 339.62582 18.95000 56112.41138 21.65000 299 0.00047 1.12297 g -1
688 313.87167 33.35000 56112.41496 21.65000 299 0.00045 1.00019 g -1
383 273.55117 -9.85000 56112.41855 21.65000 299 0.00067 1.96534 g -1
1581 255.36571 15.35000 56112.42214 21.65000 299 0.00044 1.92900 g -1
596 332.37600 18.95000 56112.42573 21.65000 299 0.00044 1.05526 g -1
727 287.03496 40.55000 56112.42932 21.65000 299 0.00043 1.12682 g -1
643 323.33360 26.15000 56112.43290 21.65000 299 0.00043 1.00816 g -1
546 333.83662 11.75000 56112.43649 21.65000 299 0.00043 1.09237 g -1
723 252.56770 40.55000 56112.44008 21.65000 299 0.00042 1.79739 g -1
728 295.65178 40.55000 56112.44367 21.65000 299 0.00041 1.10201 g -1
593 310.62655 18.95000 56112.44726 21.65000 299 0.00038 1.06687 g -1
495 337.19560 4.55000 56112.45084 21.65000 299 0.00038 1.15419 g -1
595 325.12618 18.95000 56112.45443 21.65000 299 0.00038 1.03458 g -1
541 298.91537 11.75000 56112.45802 21.65000 299 0.00035 1.23895 g -1
594 317.87636 18.95000 56112.46161 21.65000 299 0.00035 1.05840 g -1
494 330.18472 4.55000 56112.46520 21.65000 299 0.00034 1.14215 g -1
764 273.14738 47.75000 56112.46878 21.65000 299 0.00034 1.48205 g -1
1680 268.85396 29.75000 56112.47237 21.65000 299 0.00033 1.80101 g -1
644 330.85920 26.15000 56112.47596 21.65000 299 0.00032 1.01252 g -1
729 304.26859 40.55000 56112.47955 21.65000 299 0.00031 1.13385 g -1
545 326.85237 11.75000 56112.48314 21.65000 299 0.00031 1.09967 g -1
