0.4022256965 8.2305248285e-03 47.3676351016
0.4058136594 1.5308271784e-02 90.9059929469
0.4094016224 2.1115911135e-02 138.4309956070
0.4129895853 2.6795688237e-02 185.7461748558
0.4165775483 3.1539832491e-02 229.6517236709
0.4201655113 3.5661885659e-02 273.3474490747
0.4237534742 3.9864343295e-02 320.2954373537
0.4273414372 4.4050364030e-02 367.5581607497
0.4309294002 5.0007560065e-02 415.2929868211
0.4345173631 5.6579667286e-02 458.7788888136
0.4381053261 6.0436811049e-02 506.0940680623
0.4416932891 6.6713053710e-02 549.1078673794
0.4452812520 7.3314745874e-02 594.7444593378
0.4488692150 7.8407905585e-02 641.7449034696
0.4524571780 8.4419967413e-02 688.6928917486
0.4560451409 8.8864811783e-02 733.9622927372
0.4596331039 9.3058014881e-02 781.1201044275
0.4632210669 9.9432084623e-02 825.2354766539
0.4668090298 1.0721371161e-01 871.0818920235
0.4703969928 1.1411810067e-01 918.3970712723
0.4739849558 1.1857056655e-01 963.8238398194
0.4775729187 1.2415551430e-01 1006.8900949893
0.4811608817 1.3110730680e-01 1053.9429949739
0.4847488446 1.3949976727e-01 1099.6844986379
0.4883368076 1.4505723573e-01 1147.8389715319
0.4919247706 1.5779026791e-01 1195.4688858977
0.4955127335 1.6373336316e-01 1239.0072437430
0.4991006965 1.7408935643e-01 1285.2208500824
0.5026886595 1.7820287593e-01 1330.2279718069
0.5062766224 1.8539335017e-01 1377.1235042330
0.5098645854 2.0649482806e-01 1424.5960510403
0.5134525484 2.1275372890e-01 1470.3375547043
0.5170405113 2.1679972941e-01 1517.3904546890
0.5206284743 2.3337599134e-01 1564.4958105264
0.5242164373 2.4041753876e-01 1608.3489034887
0.5278044002 2.4872646100e-01 1654.8772449451
0.5313923632 2.6549660303e-01 1702.1924241939
0.5349803262 2.7015088639e-01 1749.2453241785
0.5385682891 3.0620685909e-01 1796.1933124575
0.5421562521 3.1031731845e-01 1844.0330502346
0.5457442151 3.2649885823e-01 1890.6138475438
0.5493321780 3.3195946635e-01 1937.6667475285
0.5529201410 3.3626090396e-01 1985.4015735998
0.5565081039 3.5741367784e-01 2031.6151799393
0.5600960669 3.6377451570e-01 2075.4682729016
0.5636840299 4.0945177098e-01 2122.4687170334
0.5672719928 4.2634093687e-01 2169.5216170180
0.5708599558 4.3025874566e-01 2217.3088989423
0.5744479188 4.3984990934e-01 2265.0437250136
0.5780358817 4.4368173635e-01 2310.2606701494
0.5816238447 4.5472177756e-01 2357.3135701340
0.5852118077 4.9068638590e-01 2404.3664701187
0.5887997706 4.9907866068e-01 2451.6291935146
0.5923877336 5.1914945868e-01 2498.7345493521
0.5959756966 5.2292530040e-01 2543.7941269294
0.5995636595 5.2660224831e-01 2590.8470269140
0.6031516225 5.3024621433e-01 2636.1164279026
0.6067395855 5.3387617087e-01 2681.2284613327
0.6103275484 5.4140732048e-01 2728.7010081400
0.6139155114 5.4500782461e-01 2774.3376000983
0.6175034744 5.4850836953e-01 2821.6527793471
0.6210914373 5.5192100485e-01 2867.3418271583
0.6246794003 5.5505463150e-01 2910.4605381810
0.6282673632 5.5826086858e-01 2952.0580294718
0.6318553262 5.6454415718e-01 2999.7928555432
0.6354432892 5.6788902852e-01 3046.8457555278
0.6390312521 5.7118582288e-01 3094.0035672181
0.6426192151 5.7442759338e-01 3141.1089230556
0.6462071781 5.7766872439e-01 3186.3258681914
0.6497951410 5.8087654119e-01 3233.5361357345
0.6533831040 5.8551207444e-01 3280.4841240135
0.6569710670 5.8871651636e-01 3326.3305393832
0.6605590299 5.9186501731e-01 3371.9671313415
0.6641469929 5.9492666935e-01 3419.3347664431
0.6677349559 5.9799052450e-01 3466.5974898391
0.6713229188 6.0097319255e-01 3509.5588333033
0.6749108818 6.0390721763e-01 3555.7199837899
0.6784988448 6.0683495720e-01 3601.4614874539
0.6820868077 6.0972505157e-01 3604.6612944763
0.6856747707 6.1253564356e-01 3608.8577627024
0.6892627336 6.1522763413e-01 3653.9697961325
0.6928506966 6.1798276991e-01 3699.0293737097
0.6964386596 6.2065840717e-01 3746.8166556340
0.7000266225 6.2332261955e-01 3792.4532475923
0.7036145855 6.2572683706e-01 3835.4670469094
0.7072025485 6.2827920364e-01 3882.4674910412
0.7107905114 6.3080368332e-01 3927.5795244713
0.7143784744 6.3329693176e-01 3974.6324244560
0.7179664374 6.3564413484e-01 4020.5837515313
0.7215544003 6.3802334158e-01 4065.5384174029
0.7251423633 6.4030966507e-01 4111.2274652141
0.7287303263 6.4220664215e-01 4155.0281023235
0.7323182892 6.4449680104e-01 4202.2383698667
0.7359062522 6.4670450590e-01 4247.8225059722
0.7394942152 6.4889976391e-01 4293.4590979305
0.7430821781 6.5109573174e-01 4340.7218213265
0.7466701411 6.5325691306e-01 4385.8863106094
0.7502581041 6.5535848058e-01 4432.9392105941
0.7538460670 6.5742014342e-01 4435.2472681184
0.7574340300 6.5939615409e-01 4480.4117574013
0.7610219929 6.6124510467e-01 4527.4122015332
0.7646099559 6.6288660962e-01 4570.1112657333
0.7681979189 6.6471274824e-01 4617.6362683934
0.7717858818 6.6660653111e-01 4664.7940800837
0.7753738448 6.6826600328e-01 4707.8078794007
0.7789618078 6.7001386025e-01 4755.5427054721
0.7825497707 6.7168560350e-01 4801.2317532833
0.7861377337 6.7337852153e-01 4803.7496342189
0.7897256967 6.7499008500e-01 4847.1830803586
0.7933136596 6.7655573856e-01 4894.4982596074
0.7969016226 6.7809036058e-01 4940.3971308299
0.8004895856 6.7961759858e-01 4987.4500308145
