0.4047129882 5.1901109483e-03 47.7872819242
0.4083009512 1.0440501833e-02 94.9450936145
0.4118889141 1.6100951177e-02 141.1062441011
0.4154768771 1.8568287176e-02 188.3165116443
0.4190648401 2.0283828720e-02 236.1562494213
0.4226528030 2.1872985042e-02 283.3665169644
0.4262407660 2.3442806645e-02 330.9439754773
0.4298287290 2.5018497070e-02 378.6788015487
0.4334166919 2.6631038773e-02 425.7317015334
0.4370046549 2.7994554310e-02 471.8403961672
0.4405926179 2.9220653477e-02 518.4211934764
0.4441805808 3.0418624619e-02 565.3167259025
0.4477685438 3.1336563195e-02 612.3696258872
0.4513565067 3.2213747328e-02 659.2127024605
0.4549444697 3.3077027213e-02 706.9999843848
0.4585324327 3.6014954004e-02 754.2627077807
0.4621203956 3.6788886614e-02 800.4238582673
0.4657083586 3.7534398014e-02 846.7948321652
0.4692963216 3.8261927612e-02 873.9669639290
0.4728842845 3.8947776839e-02 919.7609234458
0.4764722475 3.9634200687e-02 966.8662792833
0.4800602105 4.0552549998e-02 1014.1290026792
0.4836481734 4.1403647461e-02 1059.7131387847
0.4872361364 4.2248488338e-02 1105.3497307431
0.4908240994 4.3032323092e-02 1153.3992919314
0.4944120623 4.3734977799e-02 1200.7144711802
0.4980000253 4.4374005087e-02 1246.3510631386
0.5015879883 4.5039247782e-02 1294.1383450628
0.5051759512 4.6001907506e-02 1342.1354503983
0.5087639142 4.6689812069e-02 1389.5555413527
0.5123518772 4.7332139129e-02 1436.8707206015
0.5159398401 4.7958888014e-02 1483.7662530277
0.5195278031 4.8633914852e-02 1529.5077566917
0.5231157660 4.9403948815e-02 1575.3541720614
0.5267037290 5.0234702799e-02 1622.9840864271
0.5302916920 5.0844248049e-02 1670.4566332344
0.5338796549 5.1497433217e-02 1717.5095332190
0.5374676179 5.2139058039e-02 1764.8247124678
0.5410555809 5.2752440544e-02 1811.9825241581
0.5446435438 5.3370269093e-02 1857.5666602636
0.5482315068 5.4140237264e-02 1905.3014863350
0.5518194698 5.5053724633e-02 1952.6166655838
0.5554074327 5.6120335452e-02 1991.4864525276
0.5589953957 5.6946912996e-02 2035.3395454899
0.5625833587 5.7696840694e-02 2081.5531518293
0.5661713216 5.9505872476e-02 2108.5679160346
0.5697592846 6.0311893436e-02 2155.8306394305
0.5733472476 6.1038512331e-02 2203.0933628265
0.5769352105 6.1839101331e-02 2248.3103079622
0.5805231735 6.2839282704e-02 2293.3698855395
0.5841111364 6.3955891208e-02 2341.2096233165
0.5876990994 6.4927786673e-02 2388.6297142710
0.5912870624 6.5668835828e-02 2435.3154232859
0.5948750253 6.7423054423e-02 2476.9129145766
0.5984629883 6.8042894167e-02 2515.6777898148
0.6020509513 6.8699326587e-02 2562.7306897995
0.6056389142 6.9815778442e-02 2608.5771051691
0.6092268772 7.0658851711e-02 2656.3643870933
0.6128148402 7.2343661942e-02 2703.6795663421
0.6164028031 7.3219739980e-02 2750.7324663268
0.6199907661 7.7208588500e-02 2793.7987214967
0.6235787291 8.0157414259e-02 2832.5111408820
0.6271666920 8.1067468107e-02 2879.7738642780
0.6307546550 8.2527935542e-02 2927.0890435268
0.6343426180 8.3472112339e-02 2974.2993110699
0.6379305809 8.4577713327e-02 3021.3522110545
0.6415185439 8.5419294363e-02 3068.4051110392
0.6451065069 9.3226072214e-02 3109.9501464772
0.6486944698 1.0098122926e-01 3153.7507835866
0.6522824328 1.0227484750e-01 3201.0659628354
0.6558703957 1.0325087532e-01 3248.8532447596
0.6594583587 1.1718923355e-01 3291.8670440767
0.6630463217 1.2586916791e-01 3337.0839892124
0.6666342846 1.2691168312e-01 3384.4516243140
0.6702222476 1.2899475583e-01 3432.2389062382
0.6738102106 1.4707345694e-01 3476.2493667590
0.6773981735 1.6534140378e-01 3521.3614001891
0.6809861365 1.7003395179e-01 3548.2712526887
0.6845740995 1.9198629465e-01 3593.4881978244
0.6881620624 2.0159220081e-01 3632.3055289155
0.6917500254 2.2042152269e-01 3677.8896650210
0.6953379884 2.2562813869e-01 3720.9034643381
0.6989259513 2.4882517352e-01 3766.1204094738
0.7025139143 2.5376555297e-01 3807.6654449118
0.7061018773 2.6048048866e-01 3851.4660820212
0.7096898402 2.7965387286e-01 3898.4140703002
0.7132778032 2.9893482398e-01 3943.9457505529
0.7168657662 3.0808203484e-01 3989.2151515415
0.7204537291 3.1250238162e-01 4037.0024334657
0.7240416921 3.1736521659e-01 4081.7997317789
0.7276296550 3.2848264816e-01 4129.1149110276
0.7312176180 3.3328318775e-01 4175.1711498086
0.7348055810 3.3791004957e-01 4222.3814173517
0.7383935439 3.4060563128e-01 4268.2278327214
0.7419815069 3.4335207254e-01 4313.7070571213
0.7455694699 3.4703920729e-01 4360.8124129587
0.7491574328 3.5034152299e-01 4407.8653129434
0.7527453958 3.5268804048e-01 4451.7184059057
0.7563333588 3.6162733591e-01 4490.5881928495
0.7599213217 3.6393493756e-01 4535.8575938381
0.7635092847 3.6619532844e-01 4580.2877011815
0.7670972477 3.6812043889e-01 4625.5571021700
0.7706852106 3.6966254828e-01 4671.4035175397
0.7742731736 3.7117090917e-01 4718.9809760526
0.7778611366 3.7245183801e-01 4721.0792101656
0.7814490995 3.7359284370e-01 4764.1979211884
0.7850370625 3.7475201008e-01 4766.3486111542
0.7886250255 3.7588890738e-01 4813.5064228445
0.7922129884 3.7696084274e-01 4860.3494994179
0.7958009514 3.7794692600e-01 4907.4023994025
0.7993889143 3.7893136661e-01 4954.4552993872
