627 203.47257 26.15000 56134.16261 21.65000 299 0.03770 1.25538 g -1
628 210.95429 26.15000 56134.16620 21.65000 299 0.02471 1.17960 g -1
579 208.96753 18.95000 56134.16979 21.65000 299 0.01116 1.26793 g -1
629 218.43600 26.15000 56134.17338 21.65000 299 0.00695 1.13219 g -1
578 201.71129 18.95000 56134.17696 21.65000 299 0.00663 1.44113 g -1
630 225.91771 26.15000 56134.18055 21.65000 299 0.00521 1.09400 g -1
1624 206.84333 22.55000 56134.18414 21.65000 299 0.00304 1.35222 g -1
385 287.65978 -9.85000 56134.18773 21.65000 299 0.00191 1.67332 g -1
335 290.80782 -17.05000 56134.19132 21.65000 299 0.00534 2.01772 g -1
676 219.73650 33.35000 56134.19490 21.65000 299 0.00158 1.17078 g -1
674 204.02993 33.35000 56134.19849 21.65000 299 0.00108 1.41810 g -1
675 211.88321 33.35000 56134.20208 21.65000 299 0.00108 1.30278 g -1
677 227.58979 33.35000 56134.20567 21.65000 299 0.00104 1.13335 g -1
336 297.88975 -17.05000 56134.20926 21.65000 299 0.00192 2.03717 g -1
386 294.70896 -9.85000 56134.21284 21.65000 299 0.00093 1.63133 g -1
631 233.39943 26.15000 56134.21643 21.65000 299 0.00092 1.13728 g -1
334 283.72589 -17.05000 56134.22002 21.65000 299 0.00091 1.66219 g -1
580 216.23608 18.95000 56134.22361 21.65000 299 0.00086 1.49402 g -1
284 287.22968 -24.25000 56134.22720 21.65000 299 0.00186 2.00794 g -1
632 240.88114 26.15000 56134.23078 21.65000 299 0.00073 1.11774 g -1
436 284.38942 -2.65000 56134.23437 21.65000 299 0.00062 1.26798 g -1
678 235.44307 33.35000 56134.23796 21.65000 299 0.00059 1.16915 g -1
384 280.61059 -9.85000 56134.24155 21.65000 299 0.00047 1.38122 g -1
1327 292.85135 -20.65000 56134.24514 21.65000 299 0.00041 1.80948 g -1
285 294.62275 -24.25000 56134.24872 21.65000 299 0.00505 2.00116 g -1
1625 214.11131 22.55000 56134.25231 21.65000 299 0.00041 1.82467 g -1
628 210.95429 26.15000 56134.25301 21.65000 299 0.02471 1.88903 r -1
629 218.43600 26.15000 56134.25659 21.65000 299 0.00695 1.66014 r -1
335 290.80782 -17.05000 56134.26018 21.65000 299 0.00534 1.59759 r -1
630 225.91771 26.15000 56134.26377 21.65000 299 0.00521 1.52175 r -1
285 294.62275 -24.25000 56134.26736 21.65000 299 0.00505 1.91569 r -1
336 297.88975 -17.05000 56134.27095 21.65000 299 0.00192 1.62018 r -1
385 287.65978 -9.85000 56134.27453 21.65000 299 0.00191 1.37194 r -1
284 287.22968 -24.25000 56134.27812 21.65000 299 0.00186 1.86543 r -1
676 219.73650 33.35000 56134.28171 21.65000 299 0.00158 1.81332 r -1
677 227.58979 33.35000 56134.28530 21.65000 299 0.00104 1.60181 r -1
386 294.70896 -9.85000 56134.28889 21.65000 299 0.00093 1.37391 r -1
631 233.39943 26.15000 56134.29247 21.65000 299 0.00092 1.59937 r -1
334 283.72589 -17.05000 56134.29606 21.65000 299 0.00091 1.59998 r -1
632 240.88114 26.15000 56134.29965 21.65000 299 0.00073 1.47310 r -1
436 284.38942 -2.65000 56134.30324 21.65000 299 0.00062 1.26498 r -1
678 235.44307 33.35000 56134.30683 21.65000 299 0.00059 1.59954 r -1
384 280.61059 -9.85000 56134.31041 21.65000 299 0.00047 1.45648 r -1
1327 292.85135 -20.65000 56134.31400 21.65000 299 0.00041 1.72007 r -1
