0.3123432566 1.5501518026e-01 27.2245876165
0.3159312196 2.8234108183e-01 75.4315163634
0.3195191826 3.9264130548e-01 114.3013033072
0.3231071455 4.4828032803e-01 141.2111558068
0.3266951085 4.7787662583e-01 179.9760310450
0.3302830715 4.9053581239e-01 218.6884504303
0.3338710344 5.0056463714e-01 266.2134530904
0.3374589974 5.0940891750e-01 267.8920403808
0.3410469604 5.2405634425e-01 274.0293751614
0.3446349233 5.2929820743e-01 296.1132892011
0.3482228863 5.3536154110e-01 343.8481152724
0.3518108493 5.4221365563e-01 391.1108386684
0.3553988122 5.4642597393e-01 432.5509624007
0.3589867752 5.5187102912e-01 479.8661416495
0.3625747382 5.5631305392e-01 506.7759941491
0.3661627011 5.5872373037e-01 549.6848817605
0.3697506641 5.6135243771e-01 593.8527098397
0.3733386270 5.6434601488e-01 641.2203449413
0.3769265900 5.6722697674e-01 688.1683332203
0.3805145530 5.6982237811e-01 731.2870442431
0.3841025159 5.7164220370e-01 776.6089010845
0.3876904789 5.7328823797e-01 815.4262321755
0.3883849234 5.7328823797e-01 815.4262321755
0.3919728863 5.7328823797e-01 815.4262321755
0.3955608493 5.7328823797e-01 815.4262321755
0.3991488122 5.7328823797e-01 815.4262321755
0.4027367752 5.7328823797e-01 815.4262321755
0.4063247382 5.7328823797e-01 815.4262321755
0.4099127011 5.7328823797e-01 815.4262321755
0.4135006641 5.7328823797e-01 815.4262321755
0.4170886271 5.7328823797e-01 815.4262321755
0.4206765900 5.7328823797e-01 815.4262321755
0.4242645530 5.7328823797e-01 815.4262321755
0.4278525160 5.7328823797e-01 815.4262321755
0.4314404789 5.7328823797e-01 815.4262321755
0.4350284419 5.7328823797e-01 815.4262321755
0.4386164049 5.7328823797e-01 815.4262321755
0.4422043678 5.7328823797e-01 815.4262321755
0.4457923308 5.7328823797e-01 815.4262321755
0.4493802938 5.7328823797e-01 815.4262321755
0.4529682567 5.7328823797e-01 815.4262321755
0.4565562197 5.7328823797e-01 815.4262321755
0.4601441827 5.7328823797e-01 815.4262321755
0.4637321456 5.7328823797e-01 815.4262321755
