0.3481023664 2.6547262652e-02 47.5250026601
0.3516903294 5.1973090551e-02 94.7877260560
0.3552782924 7.1495848101e-02 142.0504494520
0.3588662553 9.2993473009e-02 189.3131728479
0.3624542183 1.1099768577e-01 236.6283520967
0.3660421813 1.3009383428e-01 284.7828249907
0.3696301442 1.4556344151e-01 326.6950513984
0.3732181072 1.5751790916e-01 372.5939226209
0.3768060702 1.6558259300e-01 415.5028102324
0.3803940331 1.7471216837e-01 454.3201413234
0.3839819961 1.8012882043e-01 495.7602650557
0.3875699591 1.8581518671e-01 539.6133580180
0.3911579220 1.9148339178e-01 566.6805780760
0.3947458850 1.9922479223e-01 614.4678600002
0.3983338480 2.0260019185e-01 653.3376469441
0.4019218109 2.0745187278e-01 694.8826823820
0.4055097739 2.1212832400e-01 721.8974465873
0.4090977369 2.1500742402e-01 760.6623218254
0.4126856998 2.1816867685e-01 808.9741622779
0.4162736628 2.2021262756e-01 835.9364706303
0.4198616257 2.2143567976e-01 865.5740274768
0.4234495887 2.2341106393e-01 908.6927384996
0.4270375517 2.2512084536e-01 935.6550468520
0.4306255146 2.2710519756e-01 977.5672732597
0.4342134776 2.4572336033e-01 1022.7842183955
0.4378014406 2.4727010103e-01 1061.5490936336
0.4413894035 2.4864875428e-01 1064.4341655391
0.4449773665 2.4991030958e-01 1066.5848555049
0.4485653295 2.5106011025e-01 1068.6830896179
0.4521532924 2.5228035494e-01 1073.5614839307
0.4557412554 2.5325998637e-01 1116.6277391006
0.4593292184 2.5430824923e-01 1118.8308849193
0.4629171813 2.5483366861e-01 1120.8766631795
0.4665051443 2.5556007674e-01 1162.4216986175
0.4700931073 2.5660107522e-01 1164.4674768777
0.4736810702 2.5723141552e-01 1191.3773293773
0.4772690332 2.5753233451e-01 1193.0034608148
0.4808569962 2.5808725779e-01 1231.8732477587
0.4844449591 2.5848928789e-01 1233.9714818717
0.4880329221 2.5915509252e-01 1235.7549808678
0.4916208850 2.5956021279e-01 1262.5599216617
0.4952088480 2.5999229611e-01 1309.9275567633
0.4987968110 2.6034742175e-01 1356.0887072499
0.5023847739 2.6079872072e-01 1394.8535824881
0.5059727369 2.6114735254e-01 1396.2174346616
0.5095606999 2.6139197274e-01 1398.1583012162
0.5131486628 2.6158560883e-01 1437.4477349826
0.5167366258 2.6170803807e-01 1438.7066754504
0.5239125517 2.6195445789e-01 1479.9369757714
0.6387273666 2.6223619059e-01 1527.6718018428
0.6530792185 2.6320799136e-01 1574.3575108577
0.6566671814 2.7002975728e-01 1621.3054991367
0.6674310703 2.8074502956e-01 1668.5157666798
0.6710190333 2.8163139811e-01 1714.3621820495
0.6746069963 2.9237408492e-01 1748.2486629749
0.6781949592 2.9430061698e-01 1781.2433944022
0.6817829222 3.0758616972e-01 1811.6153331883
0.6853708852 3.0772247354e-01 1848.2819743135
0.6889588481 3.1364383491e-01 1873.4607836698
0.6961347741 3.2340702353e-01 1908.9733960328
0.6997227370 3.2397384425e-01 1956.6033103985
0.7033107000 3.2713212105e-01 1975.6972408271
0.7068986629 3.2793211167e-01 2017.2422762650
0.7104866259 3.3091325476e-01 2064.2951762497
0.7140745889 3.3549839047e-01 2099.0734066731
0.7176625518 3.3581573229e-01 2101.6961993144
0.7212505148 3.4013337303e-01 2127.6093906103
0.7320144037 3.4367078871e-01 2153.3127584949
0.7356023667 3.4434787516e-01 2198.5297036307
0.7391903296 3.4534724256e-01 2224.8625417492
0.7427782926 3.4562195583e-01 2250.7757330450
0.7463662556 3.4587976294e-01 2297.8286330297
0.7499542185 3.4893241264e-01 2344.8815330143
0.7535421815 3.4955450807e-01 2391.4623303236
0.7571301445 3.5217899665e-01 2415.8543018875
0.7607181074 3.5484255301e-01 2442.7641543871
0.7714819963 3.5713904909e-01 2489.8170543718
0.7721764408 3.5713904909e-01 2489.8170543718
0.7757644037 3.5713904909e-01 2489.8170543718
0.7793523667 3.5713904909e-01 2489.8170543718
0.7829403297 3.5713904909e-01 2489.8170543718
0.7865282926 3.5713904909e-01 2489.8170543718
0.7901162556 3.5713904909e-01 2489.8170543718
0.7937042186 3.5713904909e-01 2489.8170543718
0.7972921815 3.5713904909e-01 2489.8170543718
0.8008801445 3.5713904909e-01 2489.8170543718
0.8044681074 3.5713904909e-01 2489.8170543718
0.8080560704 3.5713904909e-01 2489.8170543718
0.8116440334 3.5713904909e-01 2489.8170543718
0.8152319963 3.5713904909e-01 2489.8170543718
0.8188199593 3.5713904909e-01 2489.8170543718
0.8224079223 3.5713904909e-01 2489.8170543718
0.8259958852 3.5713904909e-01 2489.8170543718
0.8295838482 3.5713904909e-01 2489.8170543718
0.8331718112 3.5713904909e-01 2489.8170543718
0.8367597741 3.5713904909e-01 2489.8170543718
0.8403477371 3.5713904909e-01 2489.8170543718
0.8439357001 3.5713904909e-01 2489.8170543718
