0.0000000000 2.2411171169e-01 47.7872819242
0.0035879630 3.6116730765e-01 94.9975494673
0.0071759259 4.6629279519e-01 139.1653775466
0.0107638889 4.8786274027e-01 184.4347785352
0.0143518519 5.1275934382e-01 231.7499577839
0.0179398148 5.2748255092e-01 279.1175928855
0.0215277778 5.3780498507e-01 327.3245216324
0.0251157408 5.4904335377e-01 374.2200540585
0.0287037037 5.5874759622e-01 376.2658323187
0.0322916667 5.6833955597e-01 423.5810115675
0.0358796296 5.7571217179e-01 469.6897062013
0.0394675926 5.8171309587e-01 517.1622530086
0.0430555556 5.8856056624e-01 564.3725205517
0.0466435185 5.9336699194e-01 573.4998389434
0.0502314815 5.9598030117e-01 616.5660941133
0.0538194445 5.9806989848e-01 658.1111295512
0.0574074074 6.0196480497e-01 664.9303904185
0.0609953704 6.0515738579e-01 712.5603047843
0.0645833334 6.0779769362e-01 758.5640877124
0.0681712963 6.0983894356e-01 805.6169876971
0.0717592593 6.1145530266e-01 846.0079943729
0.0724537037 6.1145530266e-01 846.0079943729
0.0760416667 6.1145530266e-01 846.0079943729
0.0796296297 6.1145530266e-01 846.0079943729
0.0832175926 6.1145530266e-01 846.0079943729
0.0868055556 6.1145530266e-01 846.0079943729
0.0903935186 6.1145530266e-01 846.0079943729
0.0939814815 6.1145530266e-01 846.0079943729
0.0975694445 6.1145530266e-01 846.0079943729
0.1011574075 6.1145530266e-01 846.0079943729
0.1047453704 6.1145530266e-01 846.0079943729
0.1083333334 6.1145530266e-01 846.0079943729
0.7399992950 6.1145530266e-01 846.0079943729
0.7435872580 6.1145530266e-01 846.0079943729
0.7471752210 6.1145530266e-01 846.0079943729
0.7507631839 6.1145530266e-01 846.0079943729
0.7543511469 6.1145530266e-01 846.0079943729
0.7579391099 6.1145530266e-01 846.0079943729
0.7615270728 6.1145530266e-01 846.0079943729
0.7651150358 6.1145530266e-01 846.0079943729
0.7687029988 6.1145530266e-01 846.0079943729
0.7722909617 6.1145530266e-01 846.0079943729
