0.3211547861 5.1825629691e-04 47.3676351016
0.3247427491 1.4059151874e-03 94.5779026447
0.3283307120 1.9065405968e-03 141.8930818935
0.3319186750 2.9186632315e-03 184.9593370634
0.3355066380 3.4950428696e-03 231.9597811952
0.3390946009 3.8397082677e-03 273.5048166332
0.3426825639 4.7444441906e-03 315.4170430409
0.3462705269 5.3597373642e-03 363.6239717877
0.3498584898 5.5796982552e-03 402.4937587316
0.3534464528 5.8483955027e-03 448.6549092182
0.3570344158 6.0717127197e-03 496.3897352896
0.3606223787 6.2907536967e-03 539.4559904595
0.3642103417 6.6714239796e-03 587.2957282365
0.3677983047 6.9194133522e-03 634.5059957796
0.3713862676 7.1371587606e-03 682.3457335567
0.3749742306 7.4316647811e-03 730.2379271865
0.3785621936 7.6447915884e-03 772.1501535943
0.3821501565 8.1485931265e-03 818.3113040809
0.3857381195 8.7725493890e-03 865.9412184466
0.3893260824 9.1477946517e-03 913.2039418426
0.3929140454 9.5070895908e-03 961.2535030309
0.3965020084 9.7035455036e-03 988.4780906475
0.4000899713 9.8691484181e-03 1032.3311836097
0.4036779343 1.0851483954e-02 1078.9119809190
0.4072658973 1.1770325401e-02 1126.2271601677
0.4108538602 1.1928198879e-02 1167.7197397529
0.4144418232 1.2339060421e-02 1215.9266684997
0.4180297862 1.2823774240e-02 1263.1893918956
0.4216177491 1.4483933603e-02 1309.7701892049
0.4252057121 1.5673422973e-02 1356.8230891895
0.4287936751 1.5870234769e-02 1404.4005477024
0.4323816380 1.6504210088e-02 1451.4534476871
0.4359696010 1.7582049637e-02 1497.7719657322
0.4395575640 1.7733708950e-02 1545.3494242451
0.4431455269 2.0167709016e-02 1591.8253098486
0.4467334899 2.1591662849e-02 1638.7732981276
0.4503214529 2.1853911303e-02 1685.8261981123
0.4539094158 2.3001457806e-02 1732.8790980969
0.4574973788 2.5126868304e-02 1779.1976161420
0.4610853417 2.8174492884e-02 1825.5161341871
0.4646733047 3.1911832665e-02 1872.8313134359
0.4682612677 3.2359390902e-02 1881.0144264767
0.4718492306 3.2886081762e-02 1928.0673264614
0.4754371936 3.6485214607e-02 1974.3858445064
0.4790251566 3.9653195871e-02 1999.2499187458
0.4826131195 4.3628036030e-02 2028.4153729169
0.4862010825 4.5885319623e-02 2071.6389956453
0.4897890455 4.9052063684e-02 2095.1392177112
0.4933770084 5.1469967789e-02 2119.3738217167
0.4969649714 5.4875010395e-02 2148.9064668575
0.5005529344 6.0600729797e-02 2173.0361591574
0.5041408973 6.1371737816e-02 2220.8234410816
0.5077288603 6.4791812348e-02 2244.4810307060
0.5113168233 6.4980799046e-02 2291.5339306906
0.5149047862 7.3533201730e-02 2315.3488878735
0.5184927492 7.7086993587e-02 2339.6359477318
0.5220807122 8.0227605690e-02 2381.6530858452
0.5256686751 8.0636472889e-02 2428.8633533883
0.5292566381 8.0854261188e-02 2476.1785326371
0.5328446010 8.1201102201e-02 2523.2314326217
0.5364325640 8.1383371704e-02 2570.2843326064
0.5400205270 9.1254032134e-02 2594.5713924647
0.5436084899 9.1752237621e-02 2641.4144690380
0.5471964529 9.2045947799e-02 2688.4673690227
0.5507844159 9.2668259179e-02 2735.5202690073
0.5543723788 9.2870831340e-02 2780.4749348789
0.5579603418 9.3244444534e-02 2827.5278348636
0.5615483048 9.4160194518e-02 2875.0003816709
0.5651362677 9.4952168267e-02 2922.1581933612
0.5687242307 9.5103913846e-02 2969.2110933458
0.5723121937 9.5783515581e-02 3016.2639933305
0.5759001566 9.6082474759e-02 3063.3168933151
0.5794881196 9.7147022790e-02 3111.1566310921
0.5830760826 9.8163469808e-02 3157.3177815788
0.5866640455 9.8325430179e-02 3205.0526076501
0.5902520085 9.8816113470e-02 3252.1055076348
0.5938399715 9.8960469179e-02 3254.3086534535
0.5974279344 1.0031118081e-01 3300.4698039401
0.6010158974 1.0112752609e-01 3348.0997183058
0.6046038603 1.0126828298e-01 3395.0477065848
0.6081918233 1.0151029218e-01 3442.1006065695
0.6117797863 1.0170029906e-01 3489.4157858183
0.6153677492 1.0183547981e-01 3536.4686858029
0.6189557122 1.0305692653e-01 3582.6298362895
0.6225436752 1.0352830685e-01 3629.6302804213
0.6261316381 1.0366155708e-01 3657.2220590077
0.6297196011 1.0397143026e-01 3705.5338994601
0.6333075641 1.0409496228e-01 3750.7508445959
0.6368955270 1.0492364341e-01 3796.9119950825
0.6404834900 1.0634612617e-01 3844.1222626256
0.6440714530 1.0655299463e-01 3891.3325301687
0.6476594159 1.0676708121e-01 3938.8050769760
0.6512473789 1.0686957788e-01 3977.5699522142
0.6548353419 1.0698115217e-01 4023.2065441726
0.6584233048 1.0743805380e-01 4069.3676946592
0.6620112678 1.0885555121e-01 4115.0042866175
0.6655992307 1.0923302602e-01 4156.4968662027
0.6691871937 1.0946660653e-01 4183.3018069966
0.6727751567 1.0968037011e-01 4230.9317213623
0.6763631196 1.0991928417e-01 4277.0928718489
0.6799510826 1.1102325249e-01 4322.7294638073
0.6835390456 1.1146003923e-01 4365.7957189772
0.6871270085 1.1159361990e-01 4413.3731774901
0.6907149715 1.1170452870e-01 4460.4260774747
0.6943029345 1.1181524872e-01 4506.1675811388
0.6978908974 1.1236474780e-01 4545.0373680826
0.7014788604 1.1311735193e-01 4590.7788717466
0.7050668234 1.1356978318e-01 4634.3172295919
0.7086547863 1.1438837796e-01 4675.8098091771
0.7122427493 1.1469599312e-01 4720.8169309015
0.7158307123 1.1567648647e-01 4763.7782743658
0.7194186752 1.1614213281e-01 4809.3624104713
0.7230066382 1.1639599621e-01 4856.7300455729
0.7265946012 1.1747239279e-01 4900.5831385352
0.7301825641 1.1826929787e-01 4945.8525395238
0.7337705271 1.1844012945e-01 4993.6398214480
0.7373584900 1.1854328906e-01 5040.8500889911
0.7409464530 1.1918840007e-01 5085.9096665684
0.7445344160 1.1944642038e-01 5131.6511702324
0.7481223789 1.1988832340e-01 5177.2877621907
0.7517103419 1.2190028641e-01 5220.4064732135
0.7552983049 1.2379179009e-01 5265.5709624964
0.7588862678 1.2613077124e-01 5309.4240554587
0.7624742308 1.2766831038e-01 5350.8641791910
0.7660621938 1.2924063076e-01 5396.0286684739
0.7696501567 1.3013708384e-01 5434.8984554177
0.7732381197 1.3037207973e-01 5481.6890761383
0.7768260827 1.3147375008e-01 5527.3781239494
0.7804140456 1.3158494864e-01 5575.1129500208
0.7840020086 1.3167809406e-01 5618.1792051907
0.7875899716 1.3177781319e-01 5663.2912386208
0.7911779345 1.3186997368e-01 5707.0918757303
0.7947658975 1.3195723940e-01 5752.1514533076
0.7983538605 1.3220818987e-01 5778.8514823958
0.8019418234 1.3229870674e-01 5825.0126328825
0.8055297864 1.3237222591e-01 5866.6101241732
0.8091177493 1.3244713241e-01 5912.2991719844
0.8098121938 1.3244713241e-01 5912.2991719844
0.8134001568 1.3244713241e-01 5912.2991719844
0.8169881197 1.3244713241e-01 5912.2991719844
0.8205760827 1.3244713241e-01 5912.2991719844
