0.0000000000 9.4372185978e-03 47.2627233960
0.0035879630 1.7935583401e-02 94.9975494673
0.0071759259 2.5703670974e-02 142.3127287161
0.0107638889 3.3431896061e-02 190.0475547875
0.0143518519 4.0007985417e-02 236.7857196552
0.0179398148 4.6628431409e-02 284.0484430512
0.0215277778 5.2717872538e-02 329.2653881869
0.0251157408 5.8426850990e-02 374.3249657642
0.0287037037 6.4468384624e-02 421.5352333073
0.0322916667 6.9706809577e-02 468.7455008504
0.0358796296 7.4759962416e-02 514.4870045144
0.0394675926 7.9802213583e-02 561.4349927934
0.0430555556 8.4755874462e-02 606.5470262235
0.0466435185 8.9272658722e-02 650.0853840689
0.0502314815 9.4111841053e-02 697.6628425818
0.0538194445 9.8196601285e-02 740.6766418989
0.0574074074 1.0239842473e-01 788.3065562646
0.0609953704 1.0620299646e-01 831.8449141099
0.0645833334 1.1124414700e-01 877.6388736268
0.0681712963 1.1687034464e-01 922.8033629097
0.0717592593 1.2083345432e-01 970.5906448339
0.0753472223 1.2468674487e-01 1017.9582799355
0.0789351852 1.2846011633e-01 1065.6931060069
0.0825231482 1.3222068073e-01 1110.9100511426
0.0861111112 1.3587081323e-01 1156.0220845727
0.0896990741 1.3935140398e-01 1198.9309721842
0.0932870371 1.4300823295e-01 1246.3510631386
0.0968750001 1.4633734995e-01 1292.0401109498
0.1004629630 1.5023583333e-01 1337.8865263194
0.1040509260 1.5366190159e-01 1383.5231182778
0.1076388889 1.5688785268e-01 1426.5893734477
0.1112268519 1.6028751478e-01 1470.8621132326
0.1148148149 1.6395540568e-01 1518.3346600398
0.1184027778 1.6725450519e-01 1563.5516051756
0.1219907408 1.7071033689e-01 1610.9716961300
0.1255787038 1.7388593698e-01 1654.8247890923
0.1291666667 1.7683976188e-01 1694.9010606511
0.1327546297 1.8008244094e-01 1742.2162398999
0.1363425927 1.8286205788e-01 1785.8595094509
0.1399305556 1.8564816874e-01 1830.6568077640
0.1435185186 1.8814633056e-01 1877.5523401902
0.1471064816 1.9080286991e-01 1924.9199752918
0.1506944445 1.9314605119e-01 1967.9862304617
0.1542824075 1.9549613061e-01 2015.7210565331
0.1578703705 1.9772672795e-01 2058.6823999973
0.1614583334 1.9987168142e-01 2104.4239036613
0.1650462964 2.0212429364e-01 2151.7390829101
0.1686342594 2.0404839305e-01 2190.5039581483
0.1722222223 2.0639277283e-01 2234.3045952578
0.1758101853 2.0850495252e-01 2282.0918771820
0.1793981482 2.1046535904e-01 2329.4070564308
0.1829861112 2.1232157328e-01 2374.0469871854
0.1865740742 2.1386484778e-01 2421.3621664342
0.1901620371 2.1493335328e-01 2464.4284216041
0.1937500001 2.1607074962e-01 2510.0650135625
0.1973379631 2.1734266193e-01 2551.5575931476
0.2009259260 2.1860043656e-01 2598.8727723964
0.2045138890 2.1987310377e-01 2646.0830399395
0.2081018520 2.2141654277e-01 2693.6080425996
0.2116898149 2.2261416448e-01 2735.0481663319
0.2152777779 2.2381942649e-01 2782.6780806976
0.2188657409 2.2527132364e-01 2829.8358923879
0.2224537038 2.2847383616e-01 2875.0528375237
0.2260416668 2.2946411266e-01 2922.5253843309
0.2296296298 2.3038608045e-01 2964.1228756217
0.2332175927 2.3128683919e-01 3011.2282314592
0.2368055557 2.3201289898e-01 3056.4451765949
0.2403935187 2.3282645059e-01 3104.7570170474
0.2439814816 2.3360532458e-01 3143.6268039913
0.2475694446 2.3432259322e-01 3190.8370715344
0.2511574075 2.3503145985e-01 3236.8933103153
0.2547453705 2.3630868392e-01 3279.9071096324
0.2583333335 2.3701581277e-01 3321.4521450704
0.2619212964 2.3750818252e-01 3360.4268437199
0.9382489326 2.3894392508e-01 3402.6538052445
0.9418368955 2.3996776047e-01 3449.3395142594
0.9454248585 2.4102643337e-01 3496.1301349799
0.9490128215 2.4169494338e-01 3541.3470801157
0.9526007844 2.4221164519e-01 3583.1543948178
0.9561887474 2.4279718227e-01 3630.8367650363
0.9597767104 2.4334191934e-01 3677.8896650210
0.9633646733 2.4386090171e-01 3723.8934479491
0.9669526363 2.4429617597e-01 3769.7398633188
0.9705405993 2.4468319528e-01 3814.3273382206
0.9741285622 2.4511175130e-01 3816.3731164808
0.9777165252 2.4550054816e-01 3818.4188947410
0.9813044882 2.4585150732e-01 3861.9572525864
0.9848924511 2.4619448035e-01 3909.0626084238
0.9884804141 2.4654883232e-01 3911.2132983897
0.9920683771 2.4688309878e-01 3913.6262676197
0.9956563400 2.4727245894e-01 3915.7245017327
0.9992443030 2.4746446485e-01 3957.2170813178
