0.0000000000 3.8571125107e-02 47.7872819242
0.0035879630 6.9402489924e-02 94.6303584976
0.0071759259 9.5626415044e-02 141.9455377463
0.0107638889 1.1905375065e-01 187.8444089688
0.0143518519 1.3872728509e-01 235.4218674817
0.0179398148 1.5616046624e-01 281.1633711457
0.0215277778 1.7321547758e-01 328.8981972171
0.0251157408 1.8955609683e-01 374.1151423529
0.0287037037 2.0071862342e-01 419.6992784584
0.0322916667 2.1106503342e-01 467.1193694128
0.0358796296 2.1957534989e-01 512.2838586958
0.0394675926 2.2639935671e-01 557.3958921259
0.0430555556 2.3105625936e-01 602.8751165257
0.0466435185 2.3548530315e-01 648.4592526313
0.0502314815 2.3896516588e-01 693.2565509444
0.0538194445 2.4099602633e-01 695.6170643216
0.0574074074 2.4296792920e-01 741.6733031025
0.0609953704 2.4491612911e-01 789.0933940570
0.0645833334 2.4653141290e-01 834.3627950456
0.0681712963 2.4807150079e-01 881.6255184415
0.0717592593 2.4958387738e-01 924.2721267888
0.0753472223 2.5106379710e-01 926.3179050490
0.0789351852 2.5239159629e-01 970.0660863056
0.0825231482 2.5339748345e-01 1015.5977665583
0.0861111112 2.5438813904e-01 1017.6435448185
0.0896990741 2.5534714682e-01 1019.8991464900
0.0932870371 2.5626276024e-01 1021.9973806031
0.0968750001 2.5681831025e-01 1068.1060752369
0.1004629630 2.5735663089e-01 1112.5361825802
0.1040509260 2.5787908731e-01 1154.3959531351
0.1076388889 2.5831870051e-01 1156.3892755425
0.1435185186 2.5931352609e-01 1204.1765574667
0.1578703705 2.5972737762e-01 1251.3343691570
0.1614583334 2.6276820824e-01 1299.1741069341
0.1793981482 2.6841750690e-01 1345.8073600961
0.1829861112 2.6987848175e-01 1393.6470978731
0.1973379631 2.8394849819e-01 1439.8082483598
0.2116898149 2.9592311588e-01 1464.3051316294
0.2152777779 2.9651372762e-01 1511.5153991725
0.2188657409 3.0036784074e-01 1558.0961964817
0.2296296298 3.0777401895e-01 1589.2025172073
0.2332175927 3.2026614828e-01 1613.0699302430
0.2511574075 3.4665762672e-01 1637.3569901013
0.2726851853 3.5524003234e-01 1676.9087031319
0.8771705975 3.6539203307e-01 1724.0665148222
0.8807585605 3.7205445600e-01 1770.4899445730
0.8843465234 3.7452077086e-01 1818.0149472330
0.8879344864 3.7668540256e-01 1865.0678472177
0.8915224494 3.7865980302e-01 1910.7044391760
0.8951104123 3.8022702158e-01 1912.9600408476
0.8986983753 3.8212258295e-01 1960.1703083907
0.9022863383 3.8536345351e-01 2007.2232083753
0.9058743012 3.8631667549e-01 2052.8598003337
0.9094622642 3.8709686838e-01 2055.0629461524
0.9130502272 3.8762822825e-01 2101.8535668729
0.9166381901 3.8807683736e-01 2104.0042568387
0.9202261531 3.8852457624e-01 2106.3647702159
0.9238141161 3.8893848517e-01 2108.6203718874
0.9245085605 3.8893848517e-01 2108.6203718874
0.9280965235 3.8893848517e-01 2108.6203718874
0.9316844864 3.8893848517e-01 2108.6203718874
0.9352724494 3.8893848517e-01 2108.6203718874
0.9388604124 3.8893848517e-01 2108.6203718874
0.9424483753 3.8893848517e-01 2108.6203718874
0.9460363383 3.8893848517e-01 2108.6203718874
0.9496243013 3.8893848517e-01 2108.6203718874
0.9532122642 3.8893848517e-01 2108.6203718874
0.9568002272 3.8893848517e-01 2108.6203718874
0.9603881901 3.8893848517e-01 2108.6203718874
0.9639761531 3.8893848517e-01 2108.6203718874
0.9675641161 3.8893848517e-01 2108.6203718874
0.9711520790 3.8893848517e-01 2108.6203718874
0.9747400420 3.8893848517e-01 2108.6203718874
0.9783280050 3.8893848517e-01 2108.6203718874
0.9819159679 3.8893848517e-01 2108.6203718874
0.9855039309 3.8893848517e-01 2108.6203718874
0.9890918939 3.8893848517e-01 2108.6203718874
0.9926798568 3.8893848517e-01 2108.6203718874
0.9962678198 3.8893848517e-01 2108.6203718874
0.9998557828 3.8893848517e-01 2108.6203718874
