556 44.87418 18.95000 55873.13563 21.65000 299 0.00053 2.00505 g -1
505 43.67912 11.75000 55873.14281 21.65000 299 0.00187 2.03179 g -1
607 53.64080 26.15000 55873.14640 21.65000 299 0.00346 2.05519 g -1
452 40.29352 4.55000 55873.14998 21.65000 299 0.00149 1.97806 g -1
557 52.12400 18.95000 55873.15357 21.65000 299 0.00715 2.04547 g -1
701 63.07173 40.55000 55873.15716 21.65000 299 0.00138 1.98059 g -1
506 50.66337 11.75000 55873.16075 21.65000 299 0.00743 2.05899 g -1
656 62.84456 33.35000 55873.16434 21.65000 299 0.00793 2.00929 g -1
608 61.16640 26.15000 55873.16792 21.65000 299 0.01166 2.04277 g -1
453 47.30440 4.55000 55873.17151 21.65000 299 0.00459 1.94309 g -1
558 59.37382 18.95000 55873.17510 21.65000 299 0.00906 2.01853 g -1
702 71.61980 40.55000 55873.17869 21.65000 299 0.00869 2.01435 g -1
507 57.64762 11.75000 55873.18228 21.65000 299 0.00404 2.01790 g -1
657 70.62833 33.35000 55873.18586 21.65000 299 0.01087 2.01018 g -1
609 68.69200 26.15000 55873.18945 21.65000 299 0.00545 2.03050 g -1
402 43.87981 -2.65000 55873.19304 21.65000 299 0.00208 1.75007 g -1
744 81.85354 47.75000 55873.19663 21.65000 299 0.00739 2.02608 g -1
703 80.23141 40.55000 55873.20022 21.65000 299 0.00908 2.05225 g -1
454 54.31528 4.55000 55873.20380 21.65000 299 0.00207 1.75849 g -1
658 78.41211 33.35000 55873.20739 21.65000 299 0.00300 2.01105 g -1
559 66.62364 18.95000 55873.21098 21.65000 299 0.00176 1.76780 g -1
743 72.25385 47.75000 55873.21457 21.65000 299 0.00174 1.55314 g -1
781 92.97719 54.95000 55873.21816 21.65000 299 0.00404 2.01623 g -1
745 91.27823 47.75000 55873.22174 21.65000 299 0.00738 2.04065 g -1
704 88.84822 40.55000 55873.22533 21.65000 299 0.00276 2.03217 g -1
780 82.05244 54.95000 55873.22892 21.65000 299 0.00094 1.62195 g -1
403 50.90865 -2.65000 55873.23251 21.65000 299 0.00091 1.56262 g -1
401 36.85096 -2.65000 55873.23610 21.65000 299 0.00087 1.33371 g -1
655 55.06078 33.35000 55873.23968 21.65000 299 0.00069 1.18151 g -1
350 40.44674 -9.85000 55873.24327 21.65000 299 0.00064 1.50342 g -1
782 103.90195 54.95000 55873.24686 21.65000 299 0.00517 2.03560 g -1
746 100.70292 47.75000 55873.25045 21.65000 299 0.00352 2.00368 g -1
610 76.21760 26.15000 55873.25404 21.65000 299 0.00062 1.48085 g -1
705 97.46504 40.55000 55873.25762 21.65000 299 0.00056 1.90566 g -1
1653 62.03795 29.75000 55873.26121 21.65000 299 0.00055 1.18396 g -1
814 113.33333 62.15000 55873.26480 21.65000 299 0.00110 2.00276 g -1
1604 60.27014 22.55000 55873.26839 21.65000 299 0.00054 1.17161 g -1
1700 70.92050 36.95000 55873.27197 21.65000 299 0.00053 1.22115 g -1
747 110.12762 47.75000 55873.27556 21.65000 299 0.00140 2.01773 g -1
783 114.82671 54.95000 55873.27915 21.65000 299 0.00395 2.01056 g -1
508 64.63187 11.75000 55873.28274 21.65000 299 0.00048 1.25031 g -1
1743 81.28508 44.15000 55873.28633 21.65000 299 0.00045 1.27777 g -1
813 100.00000 62.15000 55873.28991 21.65000 299 0.00043 1.54563 g -1
1654 69.69763 29.75000 55873.29350 21.65000 299 0.00042 1.14379 g -1
659 86.23064 33.35000 55873.29709 21.65000 299 0.00041 1.31921 g -1
815 126.66667 62.15000 55873.30068 21.65000 299 0.00111 2.01298 g -1
748 119.55231 47.75000 55873.30427 21.65000 299 0.00068 1.98145 g -1
784 125.75146 54.95000 55873.30785 21.65000 299 0.00250 2.02956 g -1
1552 51.38130 15.35000 55873.31144 21.65000 299 0.00040 1.06271 g -1
458 82.35880 4.55000 55873.31503 21.65000 299 0.00038 1.44440 g -1
407 79.02404 -2.65000 55873.31862 21.65000 299 0.00037 1.50403 g -1
1553 58.49609 15.35000 55873.32221 21.65000 299 0.00036 1.07243 g -1
1500 49.97692 8.15000 55873.32579 21.65000 299 0.00034 1.10585 g -1
355 75.69267 -9.85000 55873.32938 21.65000 299 0.00033 1.56342 g -1
511 85.58463 11.75000 55873.33297 21.65000 299 0.00033 1.28696 g -1
1783 93.19106 51.35000 55873.33656 21.65000 299 0.00032 1.22357 g -1
351 47.49593 -9.85000 55873.34015 21.65000 299 0.00031 1.37707 g -1
349 33.39756 -9.85000 55873.34373 21.65000 299 0.00031 1.47616 g -1
1603 52.88243 22.55000 55873.34732 21.65000 299 0.00026 1.01855 g -1
1701 79.30200 36.95000 55873.35091 21.65000 299 0.00026 1.05757 g -1
406 71.99519 -2.65000 55873.35450 21.65000 299 0.00026 1.27609 g -1
304 72.44639 -17.05000 55873.35809 21.65000 299 0.00024 1.62325 g -1
563 95.57843 18.95000 55873.36167 21.65000 299 0.00024 1.21384 g -1
1784 103.77528 51.35000 55873.36526 21.65000 299 0.00024 1.22552 g -1
457 75.34792 4.55000 55873.36885 21.65000 299 0.00024 1.16685 g -1
455 61.32616 4.55000 55873.37244 21.65000 299 0.00023 1.14227 g -1
1744 90.53215 44.15000 55873.37603 21.65000 299 0.00022 1.07996 g -1
354 68.64348 -9.85000 55873.37961 21.65000 299 0.00022 1.37211 g -1
1447 46.67615 0.95000 55873.38320 21.65000 299 0.00022 1.27099 g -1
749 128.97700 47.75000 55873.38679 21.65000 299 0.00021 1.44674 g -1
1742 72.03800 44.15000 55873.39038 21.65000 299 0.00020 1.01826 g -1
562 88.37309 18.95000 55873.39397 21.65000 299 0.00019 1.06775 g -1
512 92.56888 11.75000 55873.39755 21.65000 299 0.00018 1.13128 g -1
1818 115.06828 58.55000 55873.40114 21.65000 299 0.00017 1.24943 g -1
1782 82.71148 51.35000 55873.40473 21.65000 299 0.00017 1.05564 g -1
1499 43.11748 8.15000 55873.40832 21.65000 299 0.00016 1.31038 g -1
1699 62.53900 36.95000 55873.41191 21.65000 299 0.00015 1.02837 g -1
510 78.60038 11.75000 55873.41549 21.65000 299 0.00015 1.07568 g -1
614 106.21029 26.15000 55873.41908 21.65000 299 0.00014 1.08579 g -1
706 106.08185 40.55000 55873.42267 21.65000 299 0.00014 1.06562 g -1
1605 67.65786 22.55000 55873.42626 21.65000 299 0.00013 1.04990 g -1
303 65.36446 -17.05000 55873.42985 21.65000 299 0.00013 1.69119 g -1
564 102.73929 18.95000 55873.43343 21.65000 299 0.00013 1.06836 g -1
613 98.72857 26.15000 55873.43702 21.65000 299 0.00012 1.02268 g -1
1819 126.98986 58.55000 55873.44061 21.65000 299 0.00012 1.23195 g -1
560 73.87345 18.95000 55873.44420 21.65000 299 0.00012 1.06721 g -1
1501 56.83636 8.15000 55873.44779 21.65000 299 0.00012 1.31796 g -1
1785 114.00820 51.35000 55873.45137 21.65000 299 0.00012 1.09231 g -1
608 61.16640 26.15000 55873.45207 21.65000 299 0.01166 1.13685 r -1
657 70.62833 33.35000 55873.45566 21.65000 299 0.01087 1.06209 r -1
703 80.23141 40.55000 55873.45924 21.65000 299 0.00908 1.03134 r -1
558 59.37382 18.95000 55873.46283 21.65000 299 0.00906 1.24138 r -1
702 71.61980 40.55000 55873.46642 21.65000 299 0.00869 1.08062 r -1
656 62.84456 33.35000 55873.47001 21.65000 299 0.00793 1.15938 r -1
506 50.66337 11.75000 55873.47360 21.65000 299 0.00743 1.57017 r -1
744 81.85354 47.75000 55873.47718 21.65000 299 0.00739 1.07038 r -1
745 91.27823 47.75000 55873.48077 21.65000 299 0.00738 1.04566 r -1
557 52.12400 18.95000 55873.48436 21.65000 299 0.00715 1.51613 r -1
609 68.69200 26.15000 55873.48795 21.65000 299 0.00545 1.19134 r -1
782 103.90195 54.95000 55873.49154 21.65000 299 0.00517 1.07623 r -1
781 92.97719 54.95000 55873.49512 21.65000 299 0.00404 1.09591 r -1
507 57.64762 11.75000 55873.49871 21.65000 299 0.00404 1.62947 r -1
783 114.82671 54.95000 55873.50230 21.65000 299 0.00395 1.07645 r -1
746 100.70292 47.75000 55873.50589 21.65000 299 0.00352 1.04483 r -1
607 53.64080 26.15000 55873.50947 21.65000 299 0.00346 1.62128 r -1
658 78.41211 33.35000 55873.51306 21.65000 299 0.00300 1.15914 r -1
704 88.84822 40.55000 55873.51665 21.65000 299 0.00276 1.08591 r -1
784 125.75146 54.95000 55873.52024 21.65000 299 0.00250 1.08088 r -1
559 66.62364 18.95000 55873.52383 21.65000 299 0.00176 1.50997 r -1
743 72.25385 47.75000 55873.52741 21.65000 299 0.00174 1.27600 r -1
747 110.12762 47.75000 55873.53100 21.65000 299 0.00140 1.04402 r -1
701 63.07173 40.55000 55873.53459 21.65000 299 0.00138 1.47477 r -1
815 126.66667 62.15000 55873.53818 21.65000 299 0.00111 1.14115 r -1
814 113.33333 62.15000 55873.54177 21.65000 299 0.00110 1.15183 r -1
780 82.05244 54.95000 55873.54535 21.65000 299 0.00094 1.26248 r -1
655 55.06078 33.35000 55873.54894 21.65000 299 0.00069 1.96862 r -1
