490 302.14120 4.55000 56128.17909 21.65000 299 0.04149 1.97849 g -1
438 298.44712 -2.65000 56128.18267 21.65000 299 0.07834 2.01643 g -1
541 298.91537 11.75000 56128.18626 21.65000 299 0.02761 1.58178 g -1
386 294.70896 -9.85000 56128.18985 21.65000 299 0.03964 2.05005 g -1
592 303.37673 18.95000 56128.19344 21.65000 299 0.01038 1.51283 g -1
489 295.13032 4.55000 56128.19703 21.65000 299 0.01015 1.52840 g -1
439 305.47596 -2.65000 56128.20061 21.65000 299 0.02927 2.04210 g -1
1432 299.71911 -6.25000 56128.20420 21.65000 299 0.00953 1.89028 g -1
591 296.12691 18.95000 56128.20779 21.65000 299 0.00902 1.27494 g -1
387 301.75815 -9.85000 56128.21138 21.65000 299 0.14097 2.01946 g -1
542 305.89962 11.75000 56128.21496 21.65000 299 0.00632 1.49584 g -1
1484 303.39769 0.95000 56128.21855 21.65000 299 0.00325 1.62141 g -1
1379 295.83466 -13.45000 56128.22214 21.65000 299 0.00287 1.84542 g -1
336 297.88975 -17.05000 56128.22573 21.65000 299 0.02064 2.03608 g -1
388 308.80733 -9.85000 56128.22932 21.65000 299 0.00353 2.04294 g -1
1380 302.87786 -13.45000 56128.23290 21.65000 299 0.00332 1.93945 g -1
437 291.41827 -2.65000 56128.23649 21.65000 299 0.00219 1.36677 g -1
640 300.75680 26.15000 56128.24008 21.65000 299 0.00190 1.14697 g -1
1536 300.14360 8.15000 56128.24367 21.65000 299 0.00189 1.27102 g -1
337 304.97168 -17.05000 56128.24726 21.65000 299 0.01561 2.01308 g -1
1483 296.46237 0.95000 56128.25084 21.65000 299 0.00174 1.30244 g -1
540 291.93112 11.75000 56128.25443 21.65000 299 0.00171 1.12902 g -1
491 309.15208 4.55000 56128.25802 21.65000 299 0.00146 1.37505 g -1
387 301.75815 -9.85000 56128.25871 21.65000 299 0.14097 1.56702 r -1
438 298.44712 -2.65000 56128.26230 21.65000 299 0.07834 1.34200 r -1
490 302.14120 4.55000 56128.26589 21.65000 299 0.04149 1.25229 r -1
386 294.70896 -9.85000 56128.26948 21.65000 299 0.03964 1.43635 r -1
439 305.47596 -2.65000 56128.27307 21.65000 299 0.02927 1.37649 r -1
541 298.91537 11.75000 56128.27665 21.65000 299 0.02761 1.12304 r -1
336 297.88975 -17.05000 56128.28024 21.65000 299 0.02064 1.64366 r -1
337 304.97168 -17.05000 56128.28383 21.65000 299 0.01561 1.71547 r -1
592 303.37673 18.95000 56128.28742 21.65000 299 0.01038 1.07746 r -1
489 295.13032 4.55000 56128.29101 21.65000 299 0.01015 1.15415 r -1
1432 299.71911 -6.25000 56128.29459 21.65000 299 0.00953 1.32979 r -1
591 296.12691 18.95000 56128.29818 21.65000 299 0.00902 1.03921 r -1
542 305.89962 11.75000 56128.30177 21.65000 299 0.00632 1.11223 r -1
388 308.80733 -9.85000 56128.30536 21.65000 299 0.00353 1.44589 r -1
1380 302.87786 -13.45000 56128.30895 21.65000 299 0.00332 1.48788 r -1
1484 303.39769 0.95000 56128.31253 21.65000 299 0.00325 1.19995 r -1
1379 295.83466 -13.45000 56128.31612 21.65000 299 0.00287 1.46018 r -1
437 291.41827 -2.65000 56128.31971 21.65000 299 0.00219 1.24086 r -1
640 300.75680 26.15000 56128.32330 21.65000 299 0.00190 1.00884 r -1
1536 300.14360 8.15000 56128.32689 21.65000 299 0.00189 1.10505 r -1
1483 296.46237 0.95000 56128.33047 21.65000 299 0.00174 1.18684 r -1
540 291.93112 11.75000 56128.33406 21.65000 299 0.00171 1.08939 r -1
491 309.15208 4.55000 56128.33765 21.65000 299 0.00146 1.14690 r -1
