453 47.30440 4.55000 55929.07716 21.65000 299 0.03711 1.36867 g -1
403 50.90865 -2.65000 55929.08075 21.65000 299 0.00747 1.55390 g -1
402 43.87981 -2.65000 55929.08433 21.65000 299 0.00219 1.41075 g -1
1447 46.67615 0.95000 55929.08792 21.65000 299 0.00192 1.36367 g -1
506 50.66337 11.75000 55929.09151 21.65000 299 0.00137 1.24853 g -1
454 54.31528 4.55000 55929.09510 21.65000 299 0.00074 1.37713 g -1
453 47.30440 4.55000 55929.09579 21.65000 299 0.03711 1.28029 r -1
403 50.90865 -2.65000 55929.09938 21.65000 299 0.00747 1.43386 r -1
402 43.87981 -2.65000 55929.10297 21.65000 299 0.00219 1.33277 r -1
1447 46.67615 0.95000 55929.10656 21.65000 299 0.00192 1.28677 r -1
506 50.66337 11.75000 55929.11014 21.65000 299 0.00137 1.17946 r -1
454 54.31528 4.55000 55929.11373 21.65000 299 0.00074 1.28640 r -1
