0.2264665241 3.0422787511e-03 47.8397377770
0.2300544871 6.0674198988e-03 95.2598287315
0.2336424500 8.9296860263e-03 140.5292297200
0.2372304130 1.1764295132e-02 186.1658216784
0.2408183760 1.4596155845e-02 231.5925902255
0.2444063389 1.7364588457e-02 278.5405785045
0.2479943019 2.0078370655e-02 323.5477002289
0.2515822649 2.2757435661e-02 368.5023661005
0.2551702278 2.5434618272e-02 414.1914139117
0.2587581908 2.8092451383e-02 459.9853734285
0.2623461538 3.0743521823e-02 505.7268770926
0.2659341167 3.3359993380e-02 550.9962780811
0.2695220797 3.6143851230e-02 598.3114573299
0.2731100426 3.8646519534e-02 642.7940205261
0.2766980056 4.1172922993e-02 688.4830683373
0.2802859686 4.3686862935e-02 734.2770278541
0.2838739315 4.6176767480e-02 777.9202974051
0.2874618945 4.8688326809e-02 825.6551234765
0.2910498575 5.1165815080e-02 872.6031117555
0.2946378204 5.3603692158e-02 918.2921595667
0.2982257834 5.6034967995e-02 963.5091047024
0.3018137464 5.8446904759e-02 1010.8242839512
0.3054017093 6.0825317738e-02 1057.1428019963
0.3089896723 6.3165683715e-02 1101.9401003094
0.3125776353 6.5502145445e-02 1147.7865156791
0.3161655982 6.7778355054e-02 1191.5346969357
0.3197535612 7.0025904741e-02 1236.9090096300
0.3233415242 7.2289855315e-02 1284.1717330259
0.3269294871 7.4548320405e-02 1330.2279718069
0.3305174501 7.6749825456e-02 1375.6547403539
0.3341054131 7.8998190699e-02 1422.8650078971
0.3376933760 8.1230736435e-02 1470.0752754402
0.3412813390 8.3462502891e-02 1516.3937934853
0.3448693019 8.5636492808e-02 1563.4991493228
0.3484572649 8.7770269471e-02 1609.2406529868
0.3520452279 9.0078090120e-02 1656.6082880884
0.3556331908 9.2174550592e-02 1703.6611880730
0.3592211538 9.4265348218e-02 1748.8256773559
0.3628091168 9.6370764509e-02 1796.9276943971
0.3663970797 9.8409060633e-02 1844.1904177931
0.3699850427 1.0046130666e-01 1889.8270097514
0.3735730057 1.0250968781e-01 1937.0372772945
0.3771609686 1.0449974882e-01 1980.1035324644
0.3807489316 1.0650133257e-01 2026.6318739208
0.3843368946 1.0850690533e-01 2069.5932173851
0.3879248575 1.1049777086e-01 2115.8068237245
0.3915128205 1.1246316042e-01 2162.7548120035
0.3951007835 1.1442236763e-01 2206.4505374073
0.3986887464 1.1630074149e-01 2253.0313347166
0.4022767094 1.1819729252e-01 2300.0842347012
0.4058646723 1.2004108126e-01 2347.2945022443
0.4094526353 1.2188373816e-01 2394.3474022290
0.4130405983 1.2374088993e-01 2441.1380229495
0.4166285612 1.2551711356e-01 2484.4141015307
0.4202165242 1.2729291284e-01 2531.4670015154
0.4238044872 1.2906150482e-01 2577.1035934737
0.4273924501 1.3079521309e-01 2624.8908753979
0.4309804131 1.3251326000e-01 2670.7372907676
0.4345683761 1.3422915080e-01 2717.2656322240
0.4381563390 1.3594174786e-01 2764.3185322086
0.4417443020 1.3764196146e-01 2809.3256539331
0.4453322650 1.3932986096e-01 2857.1653917101
0.4489202279 1.4100308408e-01 2904.2182916948
0.4525081909 1.4273352266e-01 2952.0055736190
0.4560961539 1.4440354794e-01 2998.2716358112
0.4596841168 1.4599111945e-01 3041.8624495094
0.4632720798 1.4922142669e-01 3089.0727170525
0.4668600428 1.5093226747e-01 3136.6501755654
0.4704480057 1.5261891643e-01 3184.0702665199
0.4740359687 1.5651591186e-01 3231.3854457686
0.4776239316 1.5798753141e-01 3278.4383457533
0.4812118946 1.6531784022e-01 3325.3863340323
0.4847998576 1.6678645605e-01 3372.4392340169
0.4883878205 1.7643476447e-01 3419.0200313262
0.4919757835 1.7935266084e-01 3466.7548573976
0.4955637465 1.8098874824e-01 3513.8077573822
0.4991517094 1.8450724180e-01 3560.0213637216
0.5027396724 1.8597462558e-01 3606.8119844422
0.5063276354 1.9620948681e-01 3653.8648844268
0.5099155983 2.0396323390e-01 3700.8653285586
0.5135035613 2.0826464521e-01 3748.1805078074
0.5170915243 2.0970808958e-01 3791.4041305358
0.5206794872 2.1109270335e-01 3837.0931783470
0.5242674502 2.1247489789e-01 3880.1594335169
0.5278554132 2.1383570787e-01 3926.7402308261
0.5314433761 2.1516459457e-01 3972.3768227845
0.5350313391 2.1777554969e-01 4018.2756940069
0.5386193021 2.1908445959e-01 4063.4926391427
0.5422072650 2.2037715231e-01 4109.8111571878
0.5457952280 2.2158693985e-01 4153.5068825916
0.5493831909 2.2269760684e-01 4196.6255936143
0.5529711539 2.2377624602e-01 4242.3146414255
0.5565591169 2.2485510147e-01 4285.3808965954
0.5601470798 2.2588609597e-01 4332.4337965800
0.5637350428 2.2688612928e-01 4378.1228443912
0.5673230058 2.2783677287e-01 4424.0217156137
0.5709109687 2.2877626934e-01 4470.9697038927
0.5744989317 2.2969972913e-01 4516.0817373228
0.5780868947 2.3060523580e-01 4562.4002553679
0.5816748576 2.3145344655e-01 4606.0959807717
0.5852628206 2.3224446208e-01 4649.1097800888
0.5888507836 2.3298224308e-01 4692.2809469643
0.5924387465 2.3614127353e-01 4739.2813910962
0.5960267095 2.3825568901e-01 4787.0162171675
0.5996146725 2.3891825444e-01 4832.6528091259
0.6032026354 2.5053307895e-01 4879.7057091105
0.6067905984 2.5114354696e-01 4925.3947569217
0.6103785614 2.5173840509e-01 4970.4543344990
0.6139665243 2.5230314790e-01 5016.7728525441
0.6175544873 2.5284289683e-01 5060.4161220951
0.6211424502 2.5338002649e-01 5063.0389147364
0.6247304132 2.5395662732e-01 5110.3540939851
0.6283183762 2.5444905430e-01 5153.4203491550
0.6319063391 2.5545562413e-01 5158.9282137017
0.6354943021 2.5589907806e-01 5202.1518364301
0.6390822651 2.5630435806e-01 5247.9982517998
0.6426702280 2.5670737041e-01 5293.6872996110
0.6462581910 2.5709483957e-01 5295.9953571353
0.6498461540 2.5745919775e-01 5341.7893166521
0.6534341169 2.5782252755e-01 5386.9538059350
0.6570220799 2.5814634775e-01 5430.7019871917
0.6606100429 2.5844034901e-01 5476.3910350029
0.6641980058 2.5873212148e-01 5478.9089159385
0.6677859688 2.5901268346e-01 5520.8735981991
0.6713739318 2.5928934154e-01 5563.9398533690
0.6749618947 2.5956200308e-01 5607.1110202445
0.6785498577 2.5982922608e-01 5609.2092543575
