0.3135403193 1.3549352983e-01 47.4725468073
0.3171282823 2.1023330608e-01 94.5254467919
0.3207162452 2.8358091783e-01 141.9455377463
0.3243042082 3.3957438082e-01 189.1033494366
0.3278921711 3.9522688704e-01 236.3136169798
0.3314801341 4.4029159745e-01 283.3665169644
0.3350680971 4.8271363536e-01 326.9048748097
0.3386560600 5.1631445445e-01 374.2200540585
0.3422440230 5.4386686082e-01 421.3254098960
0.3458319860 5.7052794977e-01 468.3783098807
0.3494199489 5.9612453613e-01 511.3921091977
0.3530079119 6.1873427086e-01 558.4450091824
0.3565958749 6.3393057281e-01 601.4588084995
0.3601838378 6.4992729156e-01 648.5117084841
0.3637718008 6.6447825130e-01 695.8268877329
0.3673597638 6.7606431265e-01 743.4043462458
0.3709477267 6.8696922280e-01 790.6670696417
0.3745356897 6.9558407234e-01 792.8702154604
0.3781236527 7.0022705078e-01 835.4643679549
0.3817116156 7.0798996048e-01 878.4781672720
0.3852995786 7.1572421360e-01 926.1080816377
0.3888875416 7.2303656731e-01 973.6330842978
0.3924755045 7.3051155992e-01 1021.6301896333
0.3960634675 7.6170518113e-01 1069.4699274103
0.3996514304 7.6755016440e-01 1105.2972748903
0.4032393934 7.7350936714e-01 1152.5599982862
0.4068273564 7.8007641716e-01 1199.9800892407
0.4104153193 7.9424454128e-01 1247.2952684894
0.4140032823 8.0923835694e-01 1294.5055360326
0.4175912453 8.1307463943e-01 1337.7291587609
0.4211792082 8.1808081174e-01 1385.0443380097
0.4247671712 8.2303627346e-01 1428.1105931796
0.4283551342 8.2778525551e-01 1431.3628560548
0.4319430971 8.4367669994e-01 1477.5240065414
0.4355310601 8.4728247848e-01 1519.0690419794
0.4391190231 8.5179001984e-01 1565.7547509943
0.4427069860 8.5619577644e-01 1608.8734620170
0.4462949490 8.6054337802e-01 1656.4509205299
0.4498829120 8.6480405210e-01 1659.1261690240
0.4534708749 8.6893088964e-01 1705.0250402465
0.4570588379 8.7282041449e-01 1748.6158539446
0.4606468008 8.7637379305e-01 1795.1966512539
0.4642347638 8.7970899457e-01 1842.5642863555
0.4678227268 8.8292667045e-01 1845.7640933778
0.4714106897 8.8625579978e-01 1893.0268167738
0.4749986527 8.8893842543e-01 1894.9152274755
0.4785866157 8.9187486722e-01 1941.9681274602
0.4821745786 8.9476079706e-01 1944.1712732788
0.4857625416 8.9721753355e-01 1991.4339966748
0.4893505046 8.9936861564e-01 1994.8960829613
0.4929384675 9.0147915655e-01 1997.5188756026
0.4965264305 9.0379552817e-01 2002.6070933267
0.5001143935 9.0523447762e-01 2004.4955040284
0.5037023564 9.0731502973e-01 2015.5112331218
0.5043968009 9.0731502973e-01 2015.5112331218
0.5079847638 9.0731502973e-01 2015.5112331218
0.5115727268 9.0731502973e-01 2015.5112331218
0.5151606898 9.0731502973e-01 2015.5112331218
0.5187486527 9.0731502973e-01 2015.5112331218
0.5223366157 9.0731502973e-01 2015.5112331218
0.5259245787 9.0731502973e-01 2015.5112331218
0.5295125416 9.0731502973e-01 2015.5112331218
0.5331005046 9.0731502973e-01 2015.5112331218
0.5366884676 9.0731502973e-01 2015.5112331218
0.5402764305 9.0731502973e-01 2015.5112331218
0.5438643935 9.0731502973e-01 2015.5112331218
0.5474523565 9.0731502973e-01 2015.5112331218
0.5510403194 9.0731502973e-01 2015.5112331218
0.5546282824 9.0731502973e-01 2015.5112331218
0.5582162454 9.0731502973e-01 2015.5112331218
0.5618042083 9.0731502973e-01 2015.5112331218
0.5653921713 9.0731502973e-01 2015.5112331218
0.5689801342 9.0731502973e-01 2015.5112331218
0.5725680972 9.0731502973e-01 2015.5112331218
0.5761560602 9.0731502973e-01 2015.5112331218
0.5797440231 9.0731502973e-01 2015.5112331218
0.5833319861 9.0731502973e-01 2015.5112331218
0.5869199491 9.0731502973e-01 2015.5112331218
0.5905079120 9.0731502973e-01 2015.5112331218
0.5940958750 9.0731502973e-01 2015.5112331218
0.5976838380 9.0731502973e-01 2015.5112331218
0.6012718009 9.0731502973e-01 2015.5112331218
0.6048597639 9.0731502973e-01 2015.5112331218
0.6084477269 9.0731502973e-01 2015.5112331218
0.6120356898 9.0731502973e-01 2015.5112331218
0.6156236528 9.0731502973e-01 2015.5112331218
0.6192116158 9.0731502973e-01 2015.5112331218
0.6227995787 9.0731502973e-01 2015.5112331218
0.6263875417 9.0731502973e-01 2015.5112331218
0.6299755046 9.0731502973e-01 2015.5112331218
0.6335634676 9.0731502973e-01 2015.5112331218
0.6371514306 9.0731502973e-01 2015.5112331218
0.6407393935 9.0731502973e-01 2015.5112331218
0.6443273565 9.0731502973e-01 2015.5112331218
0.6479153195 9.0731502973e-01 2015.5112331218
0.6515032824 9.0731502973e-01 2015.5112331218
0.6550912454 9.0731502973e-01 2015.5112331218
