520 150.39933 11.75000 55957.21996 21.65000 299 0.00537 1.85196 g -1
467 144.35756 4.55000 55957.22355 21.65000 299 0.00507 1.76548 g -1
468 151.19933 4.55000 55957.22714 21.65000 299 0.00488 1.99467 g -1
416 142.62000 -2.65000 55957.23072 21.65000 299 0.00462 1.83168 g -1
521 157.67444 11.75000 55957.23431 21.65000 299 0.00401 1.94470 g -1
417 149.71000 -2.65000 55957.23790 21.65000 299 0.00508 2.01418 g -1
571 152.11144 18.95000 55957.24149 21.65000 299 0.00335 1.51339 g -1
469 158.04111 4.55000 55957.24508 21.65000 299 0.00515 2.01260 g -1
365 146.29717 -9.85000 55957.24866 21.65000 299 0.00640 2.00796 g -1
522 164.94956 11.75000 55957.25225 21.65000 299 0.00496 1.98313 g -1
418 156.80000 -2.65000 55957.25584 21.65000 299 0.00524 2.04315 g -1
572 159.16460 18.95000 55957.25943 21.65000 299 0.00296 1.52799 g -1
470 164.88289 4.55000 55957.26302 21.65000 299 0.00545 2.03090 g -1
366 153.36683 -9.85000 55957.26660 21.65000 299 0.00489 2.03246 g -1
523 172.22467 11.75000 55957.27019 21.65000 299 0.00667 2.02337 g -1
519 143.12422 11.75000 55957.27378 21.65000 299 0.00265 1.23863 g -1
419 163.89000 -2.65000 55957.27737 21.65000 299 0.00555 2.01136 g -1
471 171.72467 4.55000 55957.28096 21.65000 299 0.00877 2.04957 g -1
315 150.06583 -17.05000 55957.28454 21.65000 299 0.00441 2.02329 g -1
524 179.49978 11.75000 55957.28813 21.65000 299 0.01030 2.06555 g -1
367 160.43650 -9.85000 55957.29172 21.65000 299 0.00631 1.95422 g -1
420 170.98000 -2.65000 55957.29531 21.65000 299 0.01007 2.04013 g -1
364 139.22750 -9.85000 55957.29890 21.65000 299 0.00237 1.46046 g -1
472 178.56644 4.55000 55957.30248 21.65000 299 0.01938 2.00291 g -1
368 167.50617 -9.85000 55957.30607 21.65000 299 0.00846 2.02831 g -1
525 186.77489 11.57000 55957.30966 21.65000 299 0.00846 2.04495 g -1
316 157.09652 -17.05000 55957.31325 21.65000 299 0.00541 1.92491 g -1
421 178.07000 -2.65000 55957.31684 21.65000 299 0.02393 2.00837 g -1
473 185.30822 4.71000 55957.32042 21.65000 299 0.03205 2.01011 g -1
369 174.57583 -9.85000 55957.32401 21.65000 299 0.01767 2.05339 g -1
317 164.12722 -17.05000 55957.32760 21.65000 299 0.00786 1.97756 g -1
526 193.90000 11.75000 55957.33119 21.65000 299 0.00441 2.00542 g -1
422 185.16000 -2.65000 55957.33478 21.65000 299 0.04946 2.03693 g -1
474 192.25000 4.55000 55957.33836 21.65000 299 0.01692 2.03920 g -1
318 171.15791 -17.05000 55957.34195 21.65000 299 0.01266 2.03601 g -1
370 181.64550 -9.85000 55957.34554 21.65000 299 0.03859 2.02400 g -1
1467 185.03306 1.05000 55957.34913 21.65000 299 0.00277 1.70837 g -1
1415 181.84048 -6.25000 55957.35272 21.65000 299 0.00261 1.79441 g -1
423 192.25000 -2.65000 55957.35630 21.65000 299 0.02981 2.00522 g -1
475 199.09178 4.55000 55957.35989 21.65000 299 0.00885 1.99300 g -1
371 188.71517 -9.85000 55957.36348 21.65000 299 0.03801 2.04882 g -1
319 178.18861 -17.05000 55957.36707 21.65000 299 0.02046 1.97227 g -1
1416 188.84629 -6.25000 55957.37066 21.65000 299 0.00411 1.81114 g -1
424 199.34000 -2.65000 55957.37424 21.65000 299 0.01294 2.03357 g -1
267 163.10829 -24.25000 55957.37783 21.65000 299 0.00264 1.95387 g -1
320 185.21930 -17.05000 55957.38142 21.65000 299 0.02017 2.03001 g -1
372 195.78483 -9.85000 55957.38501 21.65000 299 0.01630 2.01952 g -1
268 170.39371 -24.25000 55957.38860 21.65000 299 0.00533 2.00214 g -1
573 166.21777 18.95000 55957.39218 21.65000 299 0.00228 1.05170 g -1
425 206.43000 -2.65000 55957.39577 21.65000 299 0.00277 2.00190 g -1
1468 192.09398 0.95000 55957.39936 21.65000 299 0.00222 1.44958 g -1
321 192.25000 -17.05000 55957.40295 21.65000 299 0.01220 2.00616 g -1
269 177.67914 -24.25000 55957.40653 21.65000 299 0.00729 2.01557 g -1
373 202.85450 -9.85000 55957.41012 21.65000 299 0.00572 1.94242 g -1
574 173.27093 18.95000 55957.41371 21.65000 299 0.00217 1.04948 g -1
527 201.02511 11.75000 55957.41730 21.65000 299 0.00208 1.31946 g -1
322 199.28070 -17.05000 55957.42089 21.65000 299 0.00527 2.02385 g -1
476 205.93356 4.55000 55957.42447 21.65000 299 0.00201 1.47056 g -1
270 184.96457 -24.25000 55957.42806 21.65000 299 0.00657 2.00750 g -1
466 137.51578 4.55000 55957.43165 21.65000 299 0.00170 1.31997 g -1
415 135.53000 -2.65000 55957.43524 21.65000 299 0.00170 1.50549 g -1
323 206.31139 -17.05000 55957.43883 21.65000 299 0.00177 2.04205 g -1
570 145.05827 18.95000 55957.44241 21.65000 299 0.00165 1.13549 g -1
271 192.25000 -24.25000 55957.44600 21.65000 299 0.00358 2.02112 g -1
575 180.32410 18.95000 55957.44959 21.65000 299 0.00161 1.03659 g -1
1363 185.35402 -13.45000 55957.45318 21.65000 299 0.00143 1.48538 g -1
1466 178.32815 0.95000 55957.45677 21.65000 299 0.00141 1.18551 g -1
1414 174.90080 -6.25000 55957.46035 21.65000 299 0.00141 1.30250 g -1
374 209.92417 -9.85000 55957.46394 21.65000 299 0.00136 1.61541 g -1
272 199.53543 -24.25000 55957.46753 21.65000 299 0.00144 2.01272 g -1
518 135.84911 11.75000 55957.47112 21.65000 299 0.00133 1.48969 g -1
569 138.00511 18.95000 55957.47471 21.65000 299 0.00123 1.37441 g -1
1417 195.65393 -6.25000 55957.47829 21.65000 299 0.00122 1.32262 g -1
750 138.40169 47.75000 55957.48188 21.65000 299 0.00120 1.27861 g -1
1362 178.43683 -13.45000 55957.48547 21.65000 299 0.00119 1.48668 g -1
621 158.58229 26.15000 55957.48906 21.65000 299 0.00117 1.12637 g -1
619 143.61886 26.15000 55957.49265 21.65000 299 0.00113 1.32394 g -1
709 131.93230 40.55000 55957.49623 21.65000 299 0.00112 1.47713 g -1
576 187.38957 18.95000 55957.49982 21.65000 299 0.00098 1.03691 g -1
620 151.10057 26.15000 55957.50341 21.65000 299 0.00098 1.26814 g -1
664 125.49707 33.35000 55957.50700 21.65000 299 0.00096 1.85288 g -1
622 166.06400 26.15000 55957.51059 21.65000 299 0.00094 1.12889 g -1
708 123.31548 40.55000 55957.51417 21.65000 299 0.00085 1.91137 g -1
1519 181.77700 8.15000 55957.51776 21.65000 299 0.00081 1.15613 g -1
1364 192.11646 -13.45000 55957.52135 21.65000 299 0.00075 1.48304 g -1
1361 171.53025 -13.45000 55957.52494 21.65000 299 0.00073 1.75223 g -1
1413 167.96112 -6.25000 55957.52853 21.65000 299 0.00072 1.62362 g -1
667 149.05693 33.35000 55957.53211 21.65000 299 0.00072 1.43642 g -1
1518 174.79500 8.15000 55957.53570 21.65000 299 0.00071 1.27434 g -1
1469 199.21694 0.95000 55957.53929 21.65000 299 0.00070 1.19705 g -1
426 213.52000 -2.65000 55957.54288 21.65000 299 0.00067 1.24185 g -1
528 208.15022 11.75000 55957.54647 21.65000 299 0.00064 1.07648 g -1
1418 202.65952 -6.25000 55957.55005 21.65000 299 0.00063 1.31476 g -1
273 206.82086 -24.25000 55957.55364 21.65000 299 0.00062 1.88263 g -1
477 212.77533 4.55000 55957.55723 21.65000 299 0.00061 1.14204 g -1
324 213.34209 -17.05000 55957.56082 21.65000 299 0.00059 1.57179 g -1
1465 171.36723 0.95000 55957.56441 21.65000 299 0.00059 1.66885 g -1
577 194.55043 18.95000 55957.56799 21.65000 299 0.00058 1.10511 g -1
786 147.60097 54.95000 55957.57158 21.65000 299 0.00053 1.65566 g -1
696 20.38973 40.55000 55958.09374 21.65000 299 0.00098 1.08371 g -1
738 22.28709 47.75000 55958.09733 21.65000 299 0.00095 1.09918 g -1
697 28.87947 40.55000 55958.10091 21.65000 299 0.00078 1.05327 g -1
651 23.92567 33.35000 55958.10450 21.65000 299 0.00077 1.08469 g -1
739 32.32418 47.75000 55958.10809 21.65000 299 0.00074 1.07103 g -1
774 17.54512 54.95000 55958.11168 21.65000 299 0.00072 1.19579 g -1
616 121.17371 26.15000 55958.11527 21.65000 299 0.00066 1.82816 g -1
737 12.25000 47.75000 55958.11885 21.65000 299 0.00062 1.23564 g -1
749 128.97700 47.75000 55958.12244 21.65000 299 0.00062 1.70245 g -1
775 28.13537 54.95000 55958.12603 21.65000 299 0.00061 1.16090 g -1
652 31.70944 33.35000 55958.12962 21.65000 299 0.00060 1.09334 g -1
698 37.42753 40.55000 55958.13321 21.65000 299 0.00058 1.06814 g -1
663 117.64379 33.35000 55958.13679 21.65000 299 0.00058 1.41806 g -1
740 42.36127 47.75000 55958.14038 21.65000 299 0.00051 1.07752 g -1
751 147.82638 47.75000 55958.14756 21.65000 299 0.00051 2.02252 g -1
465 130.67400 4.55000 55958.16550 21.65000 299 0.00067 2.03072 g -1
363 132.15783 -9.85000 55958.20497 21.65000 299 0.00150 2.03398 g -1
520 150.39933 11.75000 55958.20566 21.65000 299 0.00537 2.04881 r -1
467 144.35756 4.55000 55958.20925 21.65000 299 0.00507 1.93105 r -1
416 142.62000 -2.65000 55958.21284 21.65000 299 0.00462 2.06011 r -1
571 152.11144 18.95000 55958.21642 21.65000 299 0.00335 1.75981 r -1
