0.0000000000 4.8677071891e-02 47.3151792488
0.0035879630 8.8350807398e-02 95.1024611730
0.0071759259 1.2569004707e-01 141.8406260407
0.0107638889 1.6092355787e-01 189.1033494366
0.0143518519 1.9864325368e-01 236.4185286854
0.0179398148 2.3081056731e-01 283.9959871983
0.0215277778 2.5497670834e-01 331.3636222999
0.0251157408 2.7879916886e-01 375.5839062320
0.0287037037 3.0217523540e-01 422.6892620695
0.0322916667 3.1767046961e-01 464.5490326244
0.0358796296 3.3748380997e-01 507.6152877943
0.0394675926 3.5270807775e-01 552.9371446357
0.0430555556 3.6795552789e-01 599.9900446203
0.0466435185 3.7903986205e-01 643.0562997902
0.0502314815 3.8757806477e-01 689.0600827184
0.0538194445 3.9639343925e-01 736.1129827030
0.0574074074 4.0420293547e-01 782.2216773368
0.0609953704 4.1007094462e-01 829.4844007328
0.0645833334 4.1600547425e-01 871.3441712877
0.0681712963 4.2059391552e-01 918.9740856534
0.0717592593 4.2500861404e-01 966.8138234304
0.0753472223 4.3156748083e-01 1009.9325344532
0.0789351852 4.3537019260e-01 1056.1461407926
0.0825231482 4.3807597948e-01 1059.1361244037
0.0861111112 4.4196467017e-01 1100.6811598416
0.0896990741 4.4442506712e-01 1147.8914273847
0.0932870371 4.4674853384e-01 1189.3315511170
0.0968750001 4.4930269654e-01 1194.6820481053
0.1004629630 4.5159663240e-01 1241.1579337088
0.1040509260 4.5376286597e-01 1243.5184470860
0.1076388889 4.5567553206e-01 1290.5713470706
0.1112268519 4.6089258920e-01 1333.4802346821
0.1148148149 4.6243607417e-01 1376.5464898520
0.1184027778 4.6431564276e-01 1383.7853975419
0.1219907408 4.6608453805e-01 1430.9432092322
0.1255787038 4.6779240567e-01 1477.9961092169
0.1291666667 4.6974836126e-01 1480.3566225940
0.1327546297 4.7132961943e-01 1527.4095225787
0.1363425927 4.7281962289e-01 1529.6651242502
0.1399305556 4.7427949423e-01 1577.1901269103
0.1435185186 4.7556560903e-01 1624.9774088345
0.1471064816 4.7978091460e-01 1668.0436640044
0.1506944445 4.8103250143e-01 1715.0965639890
0.1542824075 4.8203290074e-01 1717.2472539549
0.1578703705 4.8294552297e-01 1719.7651348905
0.1614583334 4.8383003312e-01 1761.3101703285
0.1650462964 4.8446751186e-01 1763.3034927358
0.1686342594 4.8532742187e-01 1765.4541827017
0.1722222223 4.8617033525e-01 1813.1890087731
0.1758101853 4.8688396984e-01 1815.2872428861
0.1793981482 4.8735823656e-01 1857.1470134410
0.1829861112 4.8811505204e-01 1902.9934288107
0.1865740742 4.8995898210e-01 1946.0072281277
0.1901620371 4.9089890445e-01 1993.3224073765
0.1937500001 4.9160582272e-01 1996.0501117235
0.1973379631 4.9222800121e-01 1998.0958899837
0.2009259260 4.9284490076e-01 2000.3514916552
0.2045138890 4.9342427859e-01 2002.7644608851
0.2081018520 4.9397450854e-01 2005.4397093793
0.2116898149 4.9435327310e-01 2049.8698167226
0.2188657409 4.9505105521e-01 2092.9885277453
0.9848335922 4.9591560991e-01 2139.6217809074
0.9884215551 4.9646941333e-01 2142.8740437826
0.9920095181 4.9710478837e-01 2190.0843113257
0.9955974811 4.9763741503e-01 2236.3503735180
0.9962919255 4.9763741503e-01 2236.3503735180
0.9998798885 4.9763741503e-01 2236.3503735180
