0.0759093093 7.1077460117e-03 47.2627233960
0.0794972723 1.3517159378e-02 94.5254467919
0.0830852352 1.8447682240e-02 142.3127287161
0.0866731982 2.2744916903e-02 188.4214233499
0.0902611612 3.0969697998e-02 232.5367955763
0.0938491241 3.7970923863e-02 277.8061965649
0.0974370871 4.3277519428e-02 325.1738316665
0.1010250501 5.1423512118e-02 371.2825263003
0.1046130130 5.6506665957e-02 413.1422968552
0.1082009760 6.1487043954e-02 459.9329175757
0.1117889390 6.4752342493e-02 501.7402322778
0.1153769019 7.3733083305e-02 546.1703396212
0.1189648649 8.1941615709e-02 591.4921964626
0.1225528279 8.5023100744e-02 635.6075686890
0.1261407908 9.1038215764e-02 681.4539840586
0.1297287538 9.8739550831e-02 727.6151345453
0.1333167167 1.0325425284e-01 769.5273609530
0.1369046797 1.1158345615e-01 813.3804539153
0.1404926427 1.1984938334e-01 858.5973990510
0.1440806056 1.2298366339e-01 904.6536378320
0.1476685686 1.2939840446e-01 950.6049649073
0.1512565316 1.3244684175e-01 997.9726000089
0.1548444945 1.3492621788e-01 1041.0388551788
0.1584324575 1.4256202106e-01 1086.3082561674
0.1620204205 1.4979780395e-01 1130.7383635107
0.1656083834 1.5610866339e-01 1176.8995139974
0.1691963464 1.6238511379e-01 1223.0082086311
0.1727843094 1.6585347976e-01 1264.8679791861
0.1763722723 1.6799366078e-01 1310.1373801746
0.1799602353 1.7464464499e-01 1355.4592370160
0.1835481983 1.7925298858e-01 1403.2465189402
0.1871361612 1.8509838116e-01 1447.7815379893
0.1907241242 1.9094108641e-01 1493.8377767702
0.1943120872 1.9563562452e-01 1539.9464714040
0.1979000501 1.9802092490e-01 1581.8062419589
0.2014880131 2.0357673393e-01 1627.1280988003
0.2050759760 2.0820685877e-01 1674.2859104906
0.2086639390 2.1265690179e-01 1718.9782970981
0.2122519020 2.1793169069e-01 1764.9820800263
0.2158398649 2.2113892326e-01 1812.1923475694
0.2194278279 2.2571482035e-01 1859.5075268182
0.2230157909 2.3018761112e-01 1904.7244719539
0.2266037538 2.3337976686e-01 1950.8331665877
0.2301917168 2.3793822726e-01 1996.6795819574
0.2337796798 2.4145299323e-01 2043.2603792666
0.2373676427 2.4465181423e-01 2088.1101334326
0.2409556057 2.4907609361e-01 2135.6351360926
0.2445435687 2.5248202353e-01 2180.9045370812
0.2481315316 2.5623058952e-01 2227.4328785376
0.2517194946 2.6003157152e-01 2273.3317497601
0.2553074576 2.6291478197e-01 2320.6469290089
0.2588954205 2.6695552677e-01 2368.1719316690
0.2624833835 2.6928865238e-01 2416.2214928573
0.2660713465 2.7164289577e-01 2459.2877480272
0.2696593094 2.7360837853e-01 2505.3964426610
0.2732472724 2.7523126334e-01 2547.2562132159
0.2768352353 2.7700187350e-01 2590.3749242386
0.2804231983 2.7872013473e-01 2636.4836188724
0.2840111613 2.8081999728e-01 2681.2284613327
0.2875991242 2.8221846724e-01 2724.2947165026
0.2911870872 2.8368989947e-01 2766.1544870575
0.2947750502 2.8512193678e-01 2812.2631816913
0.2983630131 2.8684874963e-01 2859.3160816760
0.3019509761 2.8808390187e-01 2906.5263492191
0.3055389391 2.8921317130e-01 2953.5792492037
0.3091269020 2.9022834127e-01 2997.7470772830
0.3127148650 2.9414469247e-01 3044.9573448261
0.3163028280 2.9520379139e-01 3087.8662324375
0.3198907909 2.9613715041e-01 3129.3588120227
0.3234787539 2.9855546025e-01 3174.6282130112
0.3270667169 2.9945581538e-01 3216.1732484492
0.3306546798 3.0021198439e-01 3263.8031628149
0.3342426428 3.0103966241e-01 3306.5022270150
0.3378306057 3.0165577266e-01 3351.7716280036
0.3414185687 3.0220510364e-01 3394.5231480566
0.3450065317 3.0276804767e-01 3437.6418590793
0.3485944946 3.0334776276e-01 3479.1868945172
0.3521824576 3.0390253029e-01 3482.0719664227
0.3557704206 3.0444166253e-01 3525.1382215926
0.3593583835 3.0492403975e-01 3566.6308011777
0.3629463465 3.0539210011e-01 3569.3585055246
0.3665343095 3.0647645046e-01 3615.5721118641
0.3701222724 3.0689359672e-01 3661.5758947922
0.3737102354 3.1030756200e-01 3708.6287947768
0.3772981984 3.1076512881e-01 3711.0417640068
0.3808861613 3.1116251316e-01 3757.2553703463
0.3844741243 3.1157450728e-01 3759.3011486065
0.3880620873 3.1196885097e-01 3807.5080773533
0.3916500502 3.1235421503e-01 3809.8685907304
0.3952380132 3.1273946179e-01 3811.9668248435
0.3988259762 3.1311168460e-01 3814.3273382206
0.4024139391 3.1349514562e-01 3861.6425174694
0.4060019021 3.1381316442e-01 3863.7407515824
0.4095898650 3.1414575851e-01 3865.8914415483
0.4131778280 3.1447580990e-01 3868.2519549254
0.4167657910 3.1480302189e-01 3870.2452773328
0.4203537539 3.1511676130e-01 3872.3435114458
0.4239417169 3.1541697502e-01 3874.5466572645
0.4275296799 3.1571790462e-01 3921.5995572492
0.4311176428 3.1600976138e-01 3963.1445926871
0.4347056058 3.1630491078e-01 3965.4001943586
0.4382935688 3.1657607876e-01 3967.4459726188
0.4418815317 3.1685379866e-01 3969.7540301432
0.4454694947 3.1712854628e-01 3971.7998084034
0.4490574577 3.2007824432e-01 4017.9085030372
0.4526454206 3.2032783459e-01 4020.1116488558
0.4562333836 3.2063667485e-01 4022.7868973499
0.4598213466 3.2088192716e-01 4024.5179404932
