691 337.22300 33.35000 55848.09135 21.65000 299 0.03335 1.18457 g -1
644 330.85920 26.15000 55848.09494 21.65000 299 0.02795 1.13314 g -1
733 338.17440 40.55000 55848.09853 21.65000 299 0.02668 1.16072 g -1
772 352.17582 47.75000 55848.10212 21.65000 299 0.02463 1.30385 g -1
805 356.36462 54.95000 55848.10570 21.65000 299 0.02334 1.35415 g -1
806 6.66667 62.15000 55848.10929 21.65000 299 0.02287 1.49509 g -1
771 342.13873 47.75000 55848.11288 21.65000 299 0.02239 1.16271 g -1
734 346.60580 40.55000 55848.11647 21.65000 299 0.02208 1.17919 g -1
595 325.12618 18.95000 55848.12006 21.65000 299 0.01908 1.06850 g -1
596 332.37600 18.95000 55848.12364 21.65000 299 0.01819 1.10083 g -1
545 326.85237 11.75000 55848.12723 21.65000 299 0.01630 1.11179 g -1
645 338.38480 26.15000 55848.13082 21.65000 299 0.01490 1.09106 g -1
804 345.77437 54.95000 55848.13441 21.65000 299 0.01389 1.16778 g -1
834 25.71429 69.35000 55848.13800 21.65000 299 0.01244 1.63602 g -1
544 319.86812 11.75000 55848.14158 21.65000 299 0.01065 1.07701 g -1
833 8.57143 69.35000 55848.14517 21.65000 299 0.01044 1.42978 g -1
832 353.33333 62.15000 55848.14876 21.65000 299 0.00981 1.23841 g -1
773 6.95487 54.95000 55848.15235 21.65000 299 0.00980 1.28487 g -1
692 345.00678 33.35000 55848.15594 21.65000 299 0.00971 1.06156 g -1
690 329.43922 33.35000 55848.15952 21.65000 299 0.00923 1.00473 g -1
493 323.17384 4.55000 55848.16311 21.65000 299 0.00840 1.14073 g -1
807 20.00000 62.15000 55848.16670 21.65000 299 0.00754 1.40562 g -1
835 42.85714 69.35000 55848.17029 21.65000 299 0.00634 1.71215 g -1
736 2.21291 47.75000 55848.17387 21.65000 299 0.00444 1.14826 g -1
855 36.00000 76.55000 55848.17746 21.65000 299 0.00366 1.63760 g -1
546 333.83662 11.75000 55848.18105 21.65000 299 0.00358 1.07667 g -1
735 355.03720 40.55000 55848.18464 21.65000 299 0.00350 1.06308 g -1
643 323.33360 26.15000 55848.18823 21.65000 299 0.00347 1.01908 g -1
836 60.00000 69.35000 55848.19181 21.65000 299 0.00321 1.86418 g -1
597 339.62582 18.95000 55848.19540 21.65000 299 0.00313 1.03412 g -1
856 60.00000 76.55000 55848.19899 21.65000 299 0.00306 1.79339 g -1
494 330.18472 4.55000 55848.20258 21.65000 299 0.00235 1.15152 g -1
646 345.91040 26.15000 55848.20617 21.65000 299 0.00229 1.01244 g -1
808 33.33333 62.15000 55848.20975 21.65000 299 0.00225 1.38236 g -1
732 329.74300 40.55000 55848.21334 21.65000 299 0.00202 1.02351 g -1
837 77.14286 69.35000 55848.21693 21.65000 299 0.00193 2.02087 g -1
774 17.54512 54.95000 55848.22052 21.65000 299 0.00182 1.17230 g -1
693 352.79056 33.35000 55848.22411 21.65000 299 0.00166 1.00481 g -1
1732 338.72400 36.95000 55848.22769 21.65000 299 0.00160 1.00974 g -1
594 317.87636 18.95000 55848.23128 21.65000 299 0.00140 1.16634 g -1
1689 337.78142 29.75000 55848.23487 21.65000 299 0.00134 1.01859 g -1
1641 331.61757 22.55000 55848.23846 21.65000 299 0.00134 1.06658 g -1
1771 340.05646 44.15000 55848.24205 21.65000 299 0.00126 1.03320 g -1
854 12.00000 76.55000 55848.24563 21.65000 299 0.00126 1.39173 g -1
857 84.00000 76.55000 55848.24922 21.65000 299 0.00122 1.85993 g -1
1772 349.29702 44.15000 55848.25281 21.65000 299 0.00117 1.02309 g -1
1591 326.00391 15.35000 55848.25640 21.65000 299 0.00112 1.20345 g -1
1808 352.41120 51.35000 55848.25999 21.65000 299 0.00107 1.05570 g -1
838 94.28571 69.35000 55848.26357 21.65000 299 0.00107 2.02764 g -1
737 12.25000 47.75000 55848.26716 21.65000 299 0.00104 1.04314 g -1
1838 354.98986 58.55000 55848.27075 21.65000 299 0.00102 1.11087 g -1
809 46.66667 62.15000 55848.27434 21.65000 299 0.00101 1.29310 g -1
694 3.46860 40.55000 55848.27793 21.65000 299 0.00101 1.00849 g -1
1839 8.90751 65.75000 55848.28151 21.65000 299 0.00099 1.18553 g -1
1688 330.12174 29.75000 55848.28510 21.65000 299 0.00098 1.18406 g -1
770 332.10164 47.75000 55848.28869 21.65000 299 0.00097 1.17163 g -1
853 351.42857 69.35000 55848.29228 21.65000 299 0.00093 1.26276 g -1
1809 7.20256 58.55000 55848.29587 21.65000 299 0.00090 1.10759 g -1
601 8.48720 26.15000 55848.29945 21.65000 299 0.00088 1.01046 g -1
547 340.82087 11.75000 55848.30304 21.65000 299 0.00084 1.26202 g -1
651 23.92567 33.35000 55848.30663 21.65000 299 0.00083 1.00698 g -1
550 1.37527 18.95000 55848.31022 21.65000 299 0.00083 1.06485 g -1
499 1.77362 11.75000 55848.31381 21.65000 299 0.00080 1.11633 g -1
551 8.62509 18.95000 55848.31739 21.65000 299 0.00079 1.04818 g -1
602 16.01280 26.15000 55848.32098 21.65000 299 0.00079 1.01074 g -1
650 16.14189 33.35000 55848.32457 21.65000 299 0.00077 1.00407 g -1
598 346.87564 18.95000 55848.32816 21.65000 299 0.00072 1.23181 g -1
775 28.13537 54.95000 55848.33175 21.65000 299 0.00072 1.07682 g -1
1807 342.47474 51.35000 55848.33533 21.65000 299 0.00066 1.24074 g -1
698 37.42753 40.55000 55848.33892 21.65000 299 0.00064 1.01784 g -1
495 337.19560 4.55000 55848.34251 21.65000 299 0.00064 1.78206 g -1
498 358.22824 4.55000 55848.34610 21.65000 299 0.00062 1.33111 g -1
549 354.78937 11.75000 55848.34969 21.65000 299 0.00062 1.30065 g -1
810 60.00000 62.15000 55848.35327 21.65000 299 0.00061 1.20147 g -1
697 28.87947 40.55000 55848.35686 21.65000 299 0.00061 1.01061 g -1
803 335.18412 54.95000 55848.36045 21.65000 299 0.00060 1.45157 g -1
497 351.21736 4.55000 55848.36404 21.65000 299 0.00059 1.58934 g -1
831 340.00000 62.15000 55848.36762 21.65000 299 0.00056 1.44249 g -1
647 353.43600 26.15000 55848.37121 21.65000 299 0.00055 1.30569 g -1
1733 347.10550 36.95000 55848.37480 21.65000 299 0.00054 1.37190 g -1
648 0.57433 33.35000 55848.37839 21.65000 299 0.00051 1.20848 g -1
1840 23.87953 65.75000 55848.38198 21.65000 299 0.00051 1.21220 g -1
699 45.97560 40.55000 55848.38556 21.65000 299 0.00049 1.00831 g -1
446 354.67788 -2.65000 55848.38915 21.65000 299 0.00047 1.99733 g -1
811 73.33333 62.15000 55848.39274 21.65000 299 0.00043 1.19730 g -1
1864 32.43831 72.95000 55848.39633 21.65000 299 0.00043 1.31426 g -1
1774 2.41694 51.35000 55848.39992 21.65000 299 0.00038 1.27498 g -1
738 22.28709 47.75000 55848.40350 21.65000 299 0.00037 1.11074 g -1
776 38.72562 54.95000 55848.40709 21.65000 299 0.00037 1.09103 g -1
700 54.52367 40.55000 55848.41068 21.65000 299 0.00035 1.00815 g -1
696 20.38973 40.55000 55848.41427 21.65000 299 0.00034 1.13418 g -1
600 0.96160 26.15000 55848.41786 21.65000 299 0.00033 1.48765 g -1
772 352.17582 47.75000 55848.41855 21.65000 299 0.02463 1.53260 r -1
805 356.36462 54.95000 55848.42214 21.65000 299 0.02334 1.46791 r -1
806 6.66667 62.15000 55848.42573 21.65000 299 0.02287 1.37880 r -1
771 342.13873 47.75000 55848.42931 21.65000 299 0.02239 1.90926 r -1
734 346.60580 40.55000 55848.43290 21.65000 299 0.02208 1.90963 r -1
804 345.77437 54.95000 55848.43649 21.65000 299 0.01389 1.79097 r -1
834 25.71429 69.35000 55848.44008 21.65000 299 0.01244 1.34145 r -1
833 8.57143 69.35000 55848.44367 21.65000 299 0.01044 1.47957 r -1
832 353.33333 62.15000 55848.44725 21.65000 299 0.00981 1.67128 r -1
773 6.95487 54.95000 55848.45084 21.65000 299 0.00980 1.46403 r -1
807 20.00000 62.15000 55848.45443 21.65000 299 0.00754 1.34942 r -1
835 42.85714 69.35000 55848.45802 21.65000 299 0.00634 1.28977 r -1
736 2.21291 47.75000 55848.46161 21.65000 299 0.00444 1.65816 r -1
855 36.00000 76.55000 55848.46519 21.65000 299 0.00366 1.45009 r -1
836 60.00000 69.35000 55848.46878 21.65000 299 0.00321 1.25041 r -1
856 60.00000 76.55000 55848.47237 21.65000 299 0.00306 1.38563 r -1
808 33.33333 62.15000 55848.47596 21.65000 299 0.00225 1.30111 r -1
837 77.14286 69.35000 55848.47955 21.65000 299 0.00193 1.23621 r -1
774 17.54512 54.95000 55848.48313 21.65000 299 0.00182 1.48073 r -1
854 12.00000 76.55000 55848.48672 21.65000 299 0.00126 1.65331 r -1
857 84.00000 76.55000 55848.49031 21.65000 299 0.00122 1.37196 r -1
838 94.28571 69.35000 55848.49390 21.65000 299 0.00107 1.24415 r -1
737 12.25000 47.75000 55848.49749 21.65000 299 0.00104 1.73547 r -1
809 46.66667 62.15000 55848.50107 21.65000 299 0.00101 1.26916 r -1
1839 8.90751 65.75000 55848.50466 21.65000 299 0.00099 1.75331 r -1
1809 7.20256 58.55000 55848.50825 21.65000 299 0.00090 1.87161 r -1
651 23.92567 33.35000 55848.51184 21.65000 299 0.00083 1.70518 r -1
775 28.13537 54.95000 55848.51543 21.65000 299 0.00072 1.49800 r -1
698 37.42753 40.55000 55848.51901 21.65000 299 0.00064 1.38693 r -1
810 60.00000 62.15000 55848.52260 21.65000 299 0.00061 1.23371 r -1
697 28.87947 40.55000 55848.52619 21.65000 299 0.00061 1.62948 r -1
1840 23.87953 65.75000 55848.52978 21.65000 299 0.00051 1.65375 r -1
699 45.97560 40.55000 55848.53337 21.65000 299 0.00049 1.33162 r -1
811 73.33333 62.15000 55848.53695 21.65000 299 0.00043 1.19318 r -1
