489 295.13032 4.55000 56129.16537 21.65000 299 0.02502 1.84651 g -1
437 291.41827 -2.65000 56129.16896 21.65000 299 0.01811 1.88697 g -1
490 302.14120 4.55000 56129.17255 21.65000 299 0.01873 2.04626 g -1
540 291.93112 11.75000 56129.17614 21.65000 299 0.01584 1.47456 g -1
438 298.44712 -2.65000 56129.17973 21.65000 299 0.03268 2.02004 g -1
488 288.11944 4.55000 56129.18331 21.65000 299 0.01461 1.46316 g -1
386 294.70896 -9.85000 56129.18690 21.65000 299 0.01651 2.05338 g -1
541 298.91537 11.75000 56129.19049 21.65000 299 0.01216 1.51661 g -1
539 284.87644 11.75000 56129.19408 21.65000 299 0.00895 1.24922 g -1
439 305.47596 -2.65000 56129.19767 21.65000 299 0.02729 2.04584 g -1
590 288.92157 18.95000 56129.20125 21.65000 299 0.00813 1.20088 g -1
491 309.15208 4.55000 56129.20484 21.65000 299 0.00727 1.83720 g -1
387 301.75815 -9.85000 56129.20843 21.65000 299 0.03381 2.02266 g -1
591 296.12691 18.95000 56129.21202 21.65000 299 0.00686 1.24069 g -1
542 305.89962 11.75000 56129.21561 21.65000 299 0.00507 1.46816 g -1
440 312.50481 -2.65000 56129.21919 21.65000 299 0.01132 2.01068 g -1
336 297.88975 -17.05000 56129.22278 21.65000 299 0.00975 2.03869 g -1
388 308.80733 -9.85000 56129.22637 21.65000 299 0.03538 2.04624 g -1
436 284.38942 -2.65000 56129.22996 21.65000 299 0.00486 1.31146 g -1
487 281.19311 4.55000 56129.23355 21.65000 299 0.00431 1.17792 g -1
589 281.65302 18.95000 56129.23713 21.65000 299 0.00407 1.05763 g -1
385 287.65978 -9.85000 56129.24072 21.65000 299 0.00391 1.45774 g -1
337 304.97168 -17.05000 56129.24431 21.65000 299 0.02392 2.01558 g -1
389 315.85652 -9.85000 56129.24790 21.65000 299 0.01910 2.01584 g -1
441 319.53365 -2.65000 56129.25149 21.65000 299 0.00331 1.82411 g -1
639 293.25314 26.15000 56129.25507 21.65000 299 0.00324 1.05122 g -1
592 303.37673 18.95000 56129.25866 21.65000 299 0.00322 1.13994 g -1
338 312.05361 -17.05000 56129.26225 21.65000 299 0.03110 2.03502 g -1
390 322.90570 -9.85000 56129.26584 21.65000 299 0.00523 2.03926 g -1
638 285.77143 26.15000 56129.26943 21.65000 299 0.00302 1.01260 g -1
538 277.90133 11.75000 56129.27301 21.65000 299 0.00254 1.07661 g -1
854 12.00000 76.55000 56129.27660 21.65000 299 0.00246 1.87052 g -1
286 302.01582 -24.25000 56129.28019 21.65000 299 0.00407 2.01684 g -1
339 319.13554 -17.05000 56129.28378 21.65000 299 0.02232 2.01209 g -1
391 329.95489 -9.85000 56129.28737 21.65000 299 0.00252 2.00920 g -1
492 316.16296 4.55000 56129.29095 21.65000 299 0.00245 1.29478 g -1
1432 299.71911 -6.25000 56129.29454 21.65000 299 0.00236 1.32476 g -1
1433 306.62681 -6.25000 56129.29813 21.65000 299 0.00232 1.36024 g -1
340 326.21746 -17.05000 56129.30172 21.65000 299 0.01121 2.03148 g -1
287 309.40889 -24.25000 56129.30531 21.65000 299 0.01042 1.98888 g -1
834 25.71429 69.35000 56129.30889 21.65000 299 0.00344 1.98547 g -1
855 36.00000 76.55000 56129.31248 21.65000 299 0.00241 2.01143 g -1
392 337.00407 -9.85000 56129.31607 21.65000 299 0.00239 1.88723 g -1
833 8.57143 69.35000 56129.31966 21.65000 299 0.00223 1.63944 g -1
288 316.80196 -24.25000 56129.32325 21.65000 299 0.01144 2.00308 g -1
341 333.29939 -17.05000 56129.32683 21.65000 299 0.00569 1.96898 g -1
335 290.80782 -17.05000 56129.33042 21.65000 299 0.00201 1.60223 g -1
1483 296.46237 0.95000 56129.33401 21.65000 299 0.00198 1.19099 g -1
543 312.88387 11.75000 56129.33760 21.65000 299 0.00191 1.08663 g -1
289 324.19504 -24.25000 56129.34119 21.65000 299 0.00391 2.01828 g -1
640 300.75680 26.15000 56129.34477 21.65000 299 0.00186 1.01187 g -1
1381 309.81507 -13.45000 56129.34836 21.65000 299 0.00164 1.46068 g -1
1484 303.39769 0.95000 56129.35195 21.65000 299 0.00159 1.18990 g -1
866 300.00000 76.55000 56129.35554 21.65000 299 0.00151 1.37888 g -1
807 20.00000 62.15000 56129.35912 21.65000 299 0.00147 1.58585 g -1
593 310.62655 18.95000 56129.36271 21.65000 299 0.00139 1.03302 g -1
1380 302.87786 -13.45000 56129.36630 21.65000 299 0.00131 1.49529 g -1
685 290.41607 33.35000 56129.36989 21.65000 299 0.00126 1.07160 g -1
1431 292.70557 -6.25000 56129.37348 21.65000 299 0.00125 1.43354 g -1
1382 316.75229 -13.45000 56129.37706 21.65000 299 0.00121 1.46009 g -1
637 278.28971 26.15000 56129.38065 21.65000 299 0.00117 1.24104 g -1
1330 314.38429 -20.65000 56129.38424 21.65000 299 0.00116 1.71375 g -1
1535 293.39478 8.15000 56129.38783 21.65000 299 0.00115 1.24515 g -1
1482 289.69352 0.95000 56129.39142 21.65000 299 0.00115 1.42067 g -1
1434 313.53452 -6.25000 56129.39500 21.65000 299 0.00114 1.32406 g -1
851 317.14286 69.35000 56129.39859 21.65000 299 0.00109 1.24233 g -1
588 274.38447 18.95000 56129.40218 21.65000 299 0.00099 1.52774 g -1
686 298.26936 33.35000 56129.40577 21.65000 299 0.00097 1.10590 g -1
1536 300.14360 8.15000 56129.40936 21.65000 299 0.00093 1.25634 g -1
641 308.28240 26.15000 56129.41294 21.65000 299 0.00092 1.07191 g -1
1331 321.61750 -20.65000 56129.41653 21.65000 299 0.00086 1.74058 g -1
684 282.56279 33.35000 56129.42012 21.65000 299 0.00082 1.35345 g -1
876 300.00000 83.75000 56129.42371 21.65000 299 0.00082 1.61259 g -1
867 324.00000 76.55000 56129.42730 21.65000 299 0.00080 1.38168 g -1
442 326.56250 -2.65000 56129.43088 21.65000 299 0.00077 1.25953 g -1
829 313.33333 62.15000 56129.43447 21.65000 299 0.00075 1.19428 g -1
544 319.86812 11.75000 56129.43806 21.65000 299 0.00074 1.13793 g -1
875 260.00000 83.75000 56129.44165 21.65000 299 0.00073 1.78900 g -1
493 323.17384 4.55000 56129.44524 21.65000 299 0.00070 1.20760 g -1
806 6.66667 62.15000 56129.44882 21.65000 299 0.00070 1.18193 g -1
850 300.00000 69.35000 56129.45241 21.65000 299 0.00065 1.38814 g -1
1485 310.28292 0.95000 56129.45600 21.65000 299 0.00064 1.46785 g -1
443 333.59135 -2.65000 56129.45959 21.65000 299 0.00061 1.27673 g -1
594 317.87636 18.95000 56129.46318 21.65000 299 0.00060 1.17285 g -1
687 306.08789 33.35000 56129.46676 21.65000 299 0.00057 1.25096 g -1
1586 290.43000 15.35000 56129.47035 21.65000 299 0.00056 1.88690 g -1
877 340.00000 83.75000 56129.47394 21.65000 299 0.00050 1.57680 g -1
728 295.65178 40.55000 56129.47753 21.65000 299 0.00046 1.45934 g -1
869 20.00000 83.75000 56129.48112 21.65000 299 0.00045 1.59079 g -1
642 315.80800 26.15000 56129.48470 21.65000 299 0.00044 1.24124 g -1
1587 297.54478 15.35000 56129.48829 21.65000 299 0.00043 1.85905 g -1
865 276.00000 76.55000 56129.49188 21.65000 299 0.00041 1.80126 g -1
