0.5800603941 5.7806675579e-03 47.7872819242
0.5836483571 7.9708960875e-03 95.2073728786
0.5872363200 2.5786280382e-02 134.3918949394
0.5944122460 4.3046100925e-02 167.7013614838
0.5980002089 6.2091272480e-02 214.4395263515
0.6015881719 7.9798532608e-02 245.4933912243
0.6051761349 8.3953077563e-02 292.9134821787
0.6087640978 1.2643433512e-01 336.5567517297
0.6123520608 1.3822034274e-01 355.4408587469
0.6159400238 1.4363283094e-01 383.7670192728
0.6195279867 1.4556943264e-01 394.2581898379
0.6231159497 1.4644609332e-01 439.9472376491
0.6267039127 1.4729471385e-01 441.9930159093
0.6302918756 1.8346181560e-01 478.9743921514
0.6338798386 1.8582366801e-01 502.9467168928
0.6374678015 1.9532534227e-01 531.6925242413
0.6410557645 1.9537176118e-01 569.3558265701
0.6446437275 1.9567572118e-01 577.8536747279
0.6625835423 1.9875673411e-01 625.3786773880
0.6661715053 2.0710629779e-01 669.3366820559
0.6805233571 2.1099172410e-01 693.7286536199
0.6984631720 2.1313253389e-01 728.0347813679
0.7020511349 2.1332388346e-01 758.1968967426
0.7343428016 2.1530037589e-01 801.2106960597
0.7350372460 2.1530037589e-01 801.2106960597
0.7386252090 2.1530037589e-01 801.2106960597
0.7422131720 2.1530037589e-01 801.2106960597
0.7458011349 2.1530037589e-01 801.2106960597
0.7493890979 2.1530037589e-01 801.2106960597
0.7529770609 2.1530037589e-01 801.2106960597
0.7565650238 2.1530037589e-01 801.2106960597
0.7601529868 2.1530037589e-01 801.2106960597
0.7637409498 2.1530037589e-01 801.2106960597
0.7673289127 2.1530037589e-01 801.2106960597
0.7709168757 2.1530037589e-01 801.2106960597
0.7745048387 2.1530037589e-01 801.2106960597
0.7780928016 2.1530037589e-01 801.2106960597
0.7816807646 2.1530037589e-01 801.2106960597
0.7852687276 2.1530037589e-01 801.2106960597
0.7888566905 2.1530037589e-01 801.2106960597
0.7924446535 2.1530037589e-01 801.2106960597
0.7960326165 2.1530037589e-01 801.2106960597
0.7996205794 2.1530037589e-01 801.2106960597
0.8032085424 2.1530037589e-01 801.2106960597
0.8067965053 2.1530037589e-01 801.2106960597
0.8103844683 2.1530037589e-01 801.2106960597
0.8139724313 2.1530037589e-01 801.2106960597
