0.5327104994 1.3572579999e-02 47.7872819242
0.5362984624 2.6712181090e-02 95.0500053202
0.5398864253 3.8980397490e-02 142.2078170105
0.5434743883 5.0843822603e-02 189.1033494366
0.5470623513 6.0755655050e-02 236.4185286854
0.5506503142 6.9212104286e-02 281.4781062627
0.5542382772 7.8046799717e-02 308.5977821736
0.5578262402 8.4295390353e-02 356.0703289808
0.5614142031 8.9695593588e-02 399.7660543846
0.5650021661 9.5423022972e-02 447.5008804560
0.5685901291 1.0009384172e-01 493.8193985011
0.5721780920 1.0433457421e-01 536.8856536710
0.5757660550 1.0734246725e-01 582.6271573350
0.5793540180 1.1092927096e-01 630.4668951121
0.5829419809 1.1376410234e-01 677.6771626552
0.5865299439 1.1618568190e-01 723.3137546135
0.5901179068 1.1802872241e-01 766.4324656363
0.5937058698 1.2006505791e-01 809.6036325118
0.5972938328 1.2197369421e-01 857.9154729643
0.6008817957 1.2335238739e-01 905.1257405074
0.6044697587 1.2468208965e-01 932.0880488598
0.6080577217 1.2597332616e-01 977.7246408182
0.6116456846 1.2707218814e-01 1019.1647645505
0.6152336476 1.2832768127e-01 1057.8247280830
0.6188216106 1.2932163846e-01 1101.6778210453
0.6224095735 1.3013250334e-01 1140.5476079892
0.6259975365 1.3751890198e-01 1167.6672839000
0.6295854995 1.3847460743e-01 1213.4612434169
0.6331734624 1.3947658841e-01 1252.2261186551
0.6367614254 1.4020432808e-01 1295.1874621193
0.6403493884 1.4190034243e-01 1334.0572490631
0.6439373513 1.4271395601e-01 1381.6347075761
0.6475253143 1.4336203834e-01 1428.2155048853
0.6511132773 1.4402857468e-01 1430.5760182624
0.6547012402 1.4463700682e-01 1432.5168848170
0.6582892032 1.4523836927e-01 1434.8249423413
0.6618771661 1.4580931426e-01 1436.8182647487
0.6654651291 1.4627020492e-01 1482.0876657373
0.6690530921 1.4670926195e-01 1528.4586396352
0.6726410550 1.4718020207e-01 1530.6093296010
0.6762290180 1.4758626435e-01 1572.1019091862
0.6798169810 1.4802273229e-01 1574.3575108577
0.6834049439 1.4839554557e-01 1615.9025462956
0.6869929069 1.4875240612e-01 1617.9483245558
0.6905808699 1.4923039325e-01 1620.0990145217
0.6941688328 1.4959581598e-01 1630.0131707057
0.6977567958 1.4987987322e-01 1678.2200994526
0.7013447588 1.5014007409e-01 1721.4437221809
0.7049327217 1.5118336049e-01 1760.2085974191
0.7085206847 1.5139133128e-01 1785.2824950698
0.7121086477 1.5164610858e-01 1832.3878509073
0.7156966106 1.5186762891e-01 1875.5065619300
0.7192845736 1.5211010447e-01 1922.5594619147
0.7228725365 1.5232301194e-01 1968.1960538730
0.7264604995 1.5255375689e-01 1973.8088301254
0.7300484625 1.5274931680e-01 2019.0257752611
0.7336364254 1.5294037012e-01 2021.0190976685
0.7372243884 1.5339638198e-01 2047.8240384624
0.7408123514 1.5348677552e-01 2048.8206996661
0.7444003143 1.5372838737e-01 2057.0562685597
0.7479882773 1.5392487466e-01 2066.0262193929
0.7515762403 1.5408574258e-01 2109.6694889439
0.7551642032 1.5422750636e-01 2112.2922815852
0.7587521662 1.5427827079e-01 2151.1620685290
0.7623401292 1.5440803700e-01 2196.7986604874
0.7731040181 1.5489578892e-01 2235.6684474312
0.7737984625 1.5489578892e-01 2235.6684474312
0.7773864255 1.5489578892e-01 2235.6684474312
0.7809743884 1.5489578892e-01 2235.6684474312
0.7845623514 1.5489578892e-01 2235.6684474312
0.7881503144 1.5489578892e-01 2235.6684474312
0.7917382773 1.5489578892e-01 2235.6684474312
0.7953262403 1.5489578892e-01 2235.6684474312
0.7989142033 1.5489578892e-01 2235.6684474312
0.8025021662 1.5489578892e-01 2235.6684474312
0.8060901292 1.5489578892e-01 2235.6684474312
0.8096780922 1.5489578892e-01 2235.6684474312
0.8132660551 1.5489578892e-01 2235.6684474312
0.8168540181 1.5489578892e-01 2235.6684474312
0.8204419810 1.5489578892e-01 2235.6684474312
0.8240299440 1.5489578892e-01 2235.6684474312
0.8276179070 1.5489578892e-01 2235.6684474312
0.8312058699 1.5489578892e-01 2235.6684474312
0.8347938329 1.5489578892e-01 2235.6684474312
0.8383817959 1.5489578892e-01 2235.6684474312
0.8419697588 1.5489578892e-01 2235.6684474312
0.8455577218 1.5489578892e-01 2235.6684474312
0.8491456848 1.5489578892e-01 2235.6684474312
0.8527336477 1.5489578892e-01 2235.6684474312
0.8563216107 1.5489578892e-01 2235.6684474312
0.8599095737 1.5489578892e-01 2235.6684474312
0.8634975366 1.5489578892e-01 2235.6684474312
0.8670854996 1.5489578892e-01 2235.6684474312
0.8706734626 1.5489578892e-01 2235.6684474312
0.8742614255 1.5489578892e-01 2235.6684474312
0.8778493885 1.5489578892e-01 2235.6684474312
0.8814373515 1.5489578892e-01 2235.6684474312
0.8850253144 1.5489578892e-01 2235.6684474312
0.8886132774 1.5489578892e-01 2235.6684474312
0.8922012403 1.5489578892e-01 2235.6684474312
0.8957892033 1.5489578892e-01 2235.6684474312
0.8993771663 1.5489578892e-01 2235.6684474312
0.9029651292 1.5489578892e-01 2235.6684474312
0.9065530922 1.5489578892e-01 2235.6684474312
0.9101410552 1.5489578892e-01 2235.6684474312
0.9137290181 1.5489578892e-01 2235.6684474312
0.9173169811 1.5489578892e-01 2235.6684474312
0.9209049441 1.5489578892e-01 2235.6684474312
0.9244929070 1.5489578892e-01 2235.6684474312
0.9280808700 1.5489578892e-01 2235.6684474312
0.9316688330 1.5489578892e-01 2235.6684474312
