0.0000000000 9.7842476031e-03 46.8955324262
0.0035879630 1.7552785916e-02 94.4729909391
0.0071759259 2.2876589956e-02 142.2078170105
0.0107638889 2.7001006739e-02 189.8901872290
0.0143518519 2.9868324487e-02 235.7890584515
0.0179398148 3.2334784591e-02 281.0584594401
0.0215277778 3.4751849195e-02 327.1146982211
0.0251157408 3.7014543711e-02 374.1675982057
0.0287037037 3.8887613463e-02 421.5352333073
0.0322916667 4.0650165125e-02 468.3783098807
0.0358796296 4.1941319310e-02 513.3329757523
0.0394675926 4.3214677321e-02 558.8646560050
0.0430555556 4.4134876488e-02 605.9175559896
0.0466435185 4.4955196983e-02 651.2394128310
0.0502314815 4.5711473630e-02 698.8168713439
0.0538194445 4.6359898240e-02 744.0338164797
0.0574074074 4.6947182255e-02 791.0867164644
0.0609953704 4.7500177807e-02 793.3423181359
0.0645833334 4.7990760025e-02 839.7657478866
0.0681712963 4.8491154728e-02 886.8186478712
0.0717592593 4.8918560783e-02 934.1862829729
0.0753472223 4.9336887894e-02 981.3440946632
0.0789351852 4.9753076834e-02 1025.0398200670
0.0825231482 5.0141287866e-02 1070.2043093499
0.0861111112 5.0517674528e-02 1117.2572093345
0.0896990741 5.0859894302e-02 1162.8938012929
0.0932870371 5.1195500157e-02 1206.4846149911
0.0968750001 5.1510197365e-02 1251.4917367155
0.1004629630 5.1777722714e-02 1296.8660494097
0.1040509260 5.2188895090e-02 1302.5837373677
0.1076388889 5.2362237541e-02 1345.0205223037
0.1112268519 5.2630911032e-02 1347.3285798281
0.1148148149 5.2848484420e-02 1392.5455249638
0.1184027778 5.3055573577e-02 1436.9231764543
0.1219907408 5.3267358845e-02 1484.1858998503
0.1255787038 5.3451891854e-02 1527.0947874617
0.1291666667 5.3643221755e-02 1531.9207259217
0.1327546297 5.3833968124e-02 1575.6164513255
0.1363425927 5.4005882053e-02 1622.8791747214
0.1399305556 5.4229928599e-02 1628.3345834153
0.1435185186 5.4352752798e-02 1672.2401322304
0.1471064816 5.4522574073e-02 1720.0274141546
0.1506944445 5.4836179184e-02 1767.0803141393
0.1542824075 5.4987539756e-02 1812.7693619505
0.1578703705 5.5121919178e-02 1857.7764836749
0.1614583334 5.5262702969e-02 1904.8293836596
0.1650462964 5.5554028200e-02 1951.8822836442
0.1686342594 5.6035862842e-02 1997.7811548667
0.1829861112 5.7612582229e-02 2044.8340548514
0.1865740742 5.7839345916e-02 2091.9918665417
0.1937500001 5.8614500348e-02 2139.8316043187
0.2045138890 6.0377397239e-02 2186.8845043033
0.2081018520 6.2920260243e-02 2213.1124307162
0.2116898149 6.3123018829e-02 2260.2702424065
0.2152777779 6.6577435609e-02 2286.0260661439
0.2224537038 6.6837096960e-02 2333.0789661286
0.2260416668 6.8860058338e-02 2357.6807611038
0.2296296298 7.0872928859e-02 2403.8419115904
0.2332175927 7.5847184077e-02 2429.5977353279
0.2368055557 8.3679374260e-02 2453.5700600692
0.2511574075 9.3926756853e-02 2477.9095757803
0.2547453705 9.4651625065e-02 2524.7526523537
0.2583333335 1.0086236399e-01 2549.1446239176
0.2690972224 1.1408685739e-01 2573.4841396287
0.2762731483 1.1516624613e-01 2620.7468630247
0.9128476983 1.1534987866e-01 2667.7473071565
0.9164356613 1.1551651109e-01 2715.0100305525
0.9200236243 1.1567244730e-01 2717.4229997825
0.9207180687 1.1567244730e-01 2717.4229997825
0.9243060317 1.1567244730e-01 2717.4229997825
0.9278939946 1.1567244730e-01 2717.4229997825
0.9314819576 1.1567244730e-01 2717.4229997825
0.9350699206 1.1567244730e-01 2717.4229997825
0.9386578835 1.1567244730e-01 2717.4229997825
0.9422458465 1.1567244730e-01 2717.4229997825
0.9458338095 1.1567244730e-01 2717.4229997825
0.9494217724 1.1567244730e-01 2717.4229997825
0.9530097354 1.1567244730e-01 2717.4229997825
0.9565976984 1.1567244730e-01 2717.4229997825
0.9601856613 1.1567244730e-01 2717.4229997825
0.9637736243 1.1567244730e-01 2717.4229997825
0.9673615872 1.1567244730e-01 2717.4229997825
0.9709495502 1.1567244730e-01 2717.4229997825
0.9745375132 1.1567244730e-01 2717.4229997825
0.9781254761 1.1567244730e-01 2717.4229997825
0.9817134391 1.1567244730e-01 2717.4229997825
0.9853014021 1.1567244730e-01 2717.4229997825
0.9888893650 1.1567244730e-01 2717.4229997825
0.9924773280 1.1567244730e-01 2717.4229997825
0.9960652910 1.1567244730e-01 2717.4229997825
0.9996532539 1.1567244730e-01 2717.4229997825
