0.4596534540 3.0188644691e-02 47.7872819242
0.4632414170 5.6442679792e-02 94.9975494673
0.4668293800 7.8075037646e-02 140.5816855729
0.4704173429 9.7575696510e-02 187.5296738519
0.4740053059 1.1540470771e-01 232.6417072820
0.4775932689 1.3358819860e-01 277.7537407121
0.4811812318 1.4896120359e-01 323.3903326704
0.4847691948 1.6410347437e-01 370.7579677720
0.4883571578 1.7757941859e-01 416.4994714360
0.4919451207 1.9054788884e-01 459.4608149003
0.4955330837 2.0434682489e-01 506.7235382962
0.4991210467 2.1680848477e-01 552.3601302546
0.5027090096 2.2972034727e-01 600.1474121788
0.5062969726 2.4111034303e-01 643.7382258770
0.5098849355 2.5232584845e-01 689.0076268655
0.5134728985 2.6364608728e-01 736.7949087898
0.5170608615 2.7335083717e-01 781.9069422199
0.5206488244 2.8322379711e-01 829.2221214686
0.5242367874 2.9142528366e-01 876.7471241287
0.5278247504 2.9937098289e-01 921.9116134116
0.5314127133 3.0736737747e-01 965.7647063739
0.5350006763 3.1516721045e-01 1009.1981525136
0.5385886393 3.2234173629e-01 1056.0936849398
0.5421766022 3.2903318443e-01 1101.3106300755
0.5457645652 3.3505346959e-01 1147.0521337395
0.5493525282 3.4091195304e-01 1192.8985491092
0.5529404911 3.4672831601e-01 1238.1154942449
0.5565284541 3.5243500481e-01 1283.7520862033
0.5601164171 3.5812240783e-01 1330.8049861880
0.5637043800 3.6377496873e-01 1376.5989457048
0.5672923430 3.6878315747e-01 1420.4520386671
0.5708803060 3.7377697727e-01 1465.5116162443
0.5744682689 3.7902941115e-01 1509.7843560292
0.5780562319 3.8411539540e-01 1555.3684921348
0.5816441948 3.8942010898e-01 1602.7885830892
0.5852321578 3.9421123404e-01 1647.6383372552
0.5888201208 3.9858999142e-01 1690.7570482779
0.5924080837 4.0278744739e-01 1735.9215375608
0.5959960467 4.0692593757e-01 1782.7121582813
0.5995840097 4.1075081402e-01 1827.9291034171
0.6031719726 4.1440453926e-01 1875.1918268130
0.6067599356 4.1802295225e-01 1918.2580819829
0.6103478986 4.2153992282e-01 1964.0520414998
0.6139358615 4.2474171783e-01 2009.2689866355
0.6175238245 4.2768135238e-01 2053.0696237450
0.6211117875 4.3022170440e-01 2098.7062157033
0.6246997504 4.3259964320e-01 2143.8182491334
0.6282877134 4.3497211109e-01 2191.3432517935
0.6318756764 4.3726829391e-01 2234.4095069634
0.6354636393 4.3920736827e-01 2281.6722303594
0.6390516023 4.4090311801e-01 2326.8891754951
0.6426395653 4.4258890038e-01 2368.3292992274
0.6462275282 4.4421071265e-01 2415.5920226234
0.6498154912 4.4576055298e-01 2459.6024831442
0.6534034541 4.4728706579e-01 2505.1866192497
0.6569914171 4.4869116960e-01 2550.7707553552
0.6605793801 4.5011138955e-01 2552.8165336154
0.6641673430 4.5143632751e-01 2598.0334787512
0.6677553060 4.5270346925e-01 2641.0472780682
0.6713432690 4.5388536914e-01 2682.6447693590
0.6749312319 4.5507158279e-01 2685.0577385890
0.6785191949 4.5614985198e-01 2687.3133402605
0.6821071579 4.5717820223e-01 2689.3591185207
0.6856951208 4.5819339339e-01 2736.4120185054
0.6892830838 4.5908479167e-01 2781.6814194939
0.6928710468 4.5997524545e-01 2827.6852024221
0.6964590097 4.6083883779e-01 2873.2168826748
0.7000469727 4.6166442057e-01 2917.0175197842
0.7036349357 4.6244078453e-01 2964.1753314745
0.7072228986 4.6314468560e-01 3005.7203669125
0.7108108616 4.6381783948e-01 3048.7341662296
0.7143988246 4.6448727291e-01 3093.5314645427
0.7179867875 4.6514955439e-01 3140.6368203802
0.7215747505 4.6578275050e-01 3188.8437491270
0.7251627134 4.6627638848e-01 3236.1589283758
0.7287506764 4.6674676501e-01 3282.2151671567
0.7323386394 4.6719298113e-01 3329.2156112886
0.7359266023 4.6762026310e-01 3376.4258788317
0.7395145653 4.6804257184e-01 3421.9051032316
0.7431025283 4.6886680855e-01 3469.0104590691
0.7466904912 4.6932634352e-01 3516.2731824650
0.7502784542 4.6973290747e-01 3561.5425834536
0.7538664172 4.7012287529e-01 3605.3956764159
0.7574543801 4.7048609285e-01 3646.9407118538
0.7610423431 4.7080657561e-01 3691.3708191972
0.7646303061 4.7212151553e-01 3737.8991606536
0.7682182690 4.7244199499e-01 3776.6115800389
0.7718062320 4.7275583238e-01 3819.7302910617
0.7725006764 4.7275583238e-01 3819.7302910617
0.7760886394 4.7275583238e-01 3819.7302910617
0.7796766024 4.7275583238e-01 3819.7302910617
0.7832645653 4.7275583238e-01 3819.7302910617
0.7868525283 4.7275583238e-01 3819.7302910617
0.7904404913 4.7275583238e-01 3819.7302910617
0.7940284542 4.7275583238e-01 3819.7302910617
0.7976164172 4.7275583238e-01 3819.7302910617
0.8012043802 4.7275583238e-01 3819.7302910617
0.8047923431 4.7275583238e-01 3819.7302910617
0.8083803061 4.7275583238e-01 3819.7302910617
0.8119682691 4.7275583238e-01 3819.7302910617
0.8155562320 4.7275583238e-01 3819.7302910617
