0.4665659396 7.5814922292e-04 47.3151792488
0.4701539026 1.0075384548e-03 94.5779026447
0.4773298285 1.9071002403e-03 141.8930818935
0.4809177915 6.4000384586e-03 189.2607169951
0.4845057544 9.7976174240e-03 236.7332638024
0.4916816803 1.5230538737e-02 283.5763403757
0.4952696433 2.9442561577e-02 331.3636222999
0.4988576063 5.0823189494e-02 376.4756557300
0.5024455692 6.3852517566e-02 420.4861162508
0.5060335322 6.5369172774e-02 468.2733981750
0.5096214952 8.4028844300e-02 513.4903433108
0.5132094581 9.0928201201e-02 559.0744794163
0.5167974211 9.8750257805e-02 600.6195148542
0.5203853841 1.1414410018e-01 643.6333141713
0.5239733470 1.2051510745e-01 689.2174502768
0.5275613100 1.2451580963e-01 736.4801736728
0.5311492730 1.2839817729e-01 780.2808107823
0.5347372359 1.3127198799e-01 825.4977559180
0.5383251989 1.3259868946e-01 872.7080234611
0.5419131619 1.3354880708e-01 874.7538017213
0.5455011248 1.3432258811e-01 876.8520358344
0.5490890878 1.3504818632e-01 879.2125492115
0.5526770507 1.3559984591e-01 881.3632391774
0.5562650137 1.3633231293e-01 924.4819502001
0.5598529767 1.3695116123e-01 928.2587716036
0.5634409396 1.3764299367e-01 969.7513511887
0.5670289026 1.3813230070e-01 971.7971294489
0.5706168656 1.3860713018e-01 1015.3879431470
0.5742048285 1.3911559729e-01 1017.5910889657
0.5777927915 1.3961348771e-01 1065.7455618597
0.5813807545 1.4106101443e-01 1104.6153488035
0.5849687174 1.4140966736e-01 1106.9234063279
0.5885566804 1.4173985446e-01 1153.5566594899
0.5921446434 1.4207063799e-01 1155.4975260445
0.5957326063 1.4234963746e-01 1202.7602494404
0.6100844582 1.4258202123e-01 1244.2003731727
0.6459640878 1.4308163255e-01 1283.0701601166
0.7141353842 1.4397904687e-01 1321.8874912076
0.7148298286 1.4397904687e-01 1321.8874912076
0.7184177916 1.4397904687e-01 1321.8874912076
0.7220057545 1.4397904687e-01 1321.8874912076
0.7255937175 1.4397904687e-01 1321.8874912076
0.7291816805 1.4397904687e-01 1321.8874912076
0.7327696434 1.4397904687e-01 1321.8874912076
0.7363576064 1.4397904687e-01 1321.8874912076
0.7399455694 1.4397904687e-01 1321.8874912076
0.7435335323 1.4397904687e-01 1321.8874912076
0.7471214953 1.4397904687e-01 1321.8874912076
0.7507094583 1.4397904687e-01 1321.8874912076
0.7542974212 1.4397904687e-01 1321.8874912076
0.7578853842 1.4397904687e-01 1321.8874912076
0.7614733472 1.4397904687e-01 1321.8874912076
0.7650613101 1.4397904687e-01 1321.8874912076
0.7686492731 1.4397904687e-01 1321.8874912076
0.7722372361 1.4397904687e-01 1321.8874912076
0.7758251990 1.4397904687e-01 1321.8874912076
