0.0413428149 4.0906295918e-02 27.1196759109
0.0449307779 6.9404943417e-02 75.1692370992
0.0485187409 8.0011689736e-02 114.0914798959
0.0521067038 9.0522434234e-02 141.1586999540
0.0556946668 1.1175223033e-01 187.9493206745
0.0592826298 1.1976051919e-01 214.9116290269
0.0628705927 1.2441432168e-01 241.7165698208
0.0664585557 1.2701059592e-01 280.5863567647
0.0700465187 1.6524457122e-01 319.4561437085
0.0736344816 1.6730951587e-01 361.2634584106
0.0772224446 1.6946197030e-01 363.0994132595
0.0808104075 1.7143840225e-01 401.9692002033
0.0843983705 1.7278334172e-01 449.7564821275
0.0879863335 1.7712035545e-01 495.9176326141
0.0915742964 1.7886415292e-01 542.6033416290
0.0951622594 1.7989144563e-01 586.1941553272
0.0987502224 1.8079769193e-01 631.9356589912
0.1023381853 1.8156640272e-01 677.7820743608
0.1059261483 1.8228782373e-01 719.3271097988
0.1095141113 1.8295883920e-01 746.3943298569
0.1131020742 1.8360714666e-01 785.2116609479
0.1166900372 1.8428182932e-01 832.5268401967
0.1202780002 1.8510573189e-01 842.4409963807
0.1238659631 1.8568690954e-01 889.7037197767
0.1274539261 1.8623900672e-01 934.9206649124
0.1310418891 1.8669796371e-01 980.5572568708
0.1346298520 1.8716016083e-01 1028.1871712365
0.1382178150 2.0463975249e-01 1038.6258859488
0.1418057780 2.0507020970e-01 1039.8323705638
0.1453937409 2.0551916907e-01 1085.2066832580
0.1489817039 2.0595284898e-01 1132.5218625068
0.1525696668 2.0636580620e-01 1177.5814400841
0.1561576298 2.0786799835e-01 1223.2180320424
0.2135650373 2.0828161747e-01 1270.9528581138
0.2279168891 2.0870887250e-01 1318.1106698041
0.2315048521 2.0915653872e-01 1365.5832166114
0.2494446669 2.0967443646e-01 1412.1640139206
0.2530326299 2.1011110533e-01 1459.2169139053
0.2566205928 2.1093093000e-01 1506.8468282710
0.2573150373 2.1093093000e-01 1506.8468282710
0.2609030002 2.1093093000e-01 1506.8468282710
0.2644909632 2.1093093000e-01 1506.8468282710
0.2680789262 2.1093093000e-01 1506.8468282710
0.2716668891 2.1093093000e-01 1506.8468282710
0.2752548521 2.1093093000e-01 1506.8468282710
0.2788428151 2.1093093000e-01 1506.8468282710
0.2824307780 2.1093093000e-01 1506.8468282710
0.2860187410 2.1093093000e-01 1506.8468282710
0.2896067040 2.1093093000e-01 1506.8468282710
0.2931946669 2.1093093000e-01 1506.8468282710
0.2967826299 2.1093093000e-01 1506.8468282710
0.3003705929 2.1093093000e-01 1506.8468282710
0.3039585558 2.1093093000e-01 1506.8468282710
0.3075465188 2.1093093000e-01 1506.8468282710
0.3111344818 2.1093093000e-01 1506.8468282710
0.3147224447 2.1093093000e-01 1506.8468282710
0.3183104077 2.1093093000e-01 1506.8468282710
0.3218983706 2.1093093000e-01 1506.8468282710
0.3254863336 2.1093093000e-01 1506.8468282710
0.3290742966 2.1093093000e-01 1506.8468282710
0.3326622595 2.1093093000e-01 1506.8468282710
0.3362502225 2.1093093000e-01 1506.8468282710
