847 248.57143 69.35000 55899.06864 21.65000 299 0.00099 1.98025 g -1
864 252.00000 76.55000 55899.07223 21.65000 299 0.00081 1.86793 g -1
852 334.28571 69.35000 55899.07582 21.65000 299 0.00073 1.24210 g -1
831 340.00000 62.15000 55899.07941 21.65000 299 0.00065 1.14318 g -1
867 324.00000 76.55000 55899.08300 21.65000 299 0.00060 1.39907 g -1
771 342.13873 47.75000 55899.08658 21.65000 299 0.00045 1.03465 g -1
803 335.18412 54.95000 55899.09017 21.65000 299 0.00044 1.09005 g -1
349 33.39756 -9.85000 55899.09376 21.65000 299 0.00046 2.01008 g -1
804 345.77437 54.95000 55899.09735 21.65000 299 0.00044 1.07799 g -1
402 43.87981 -2.65000 55899.10094 21.65000 299 0.00049 2.04615 g -1
875 260.00000 83.75000 55899.10452 21.65000 299 0.00041 1.85026 g -1
298 29.95482 -17.05000 55899.10811 21.65000 299 0.00048 2.04163 g -1
350 40.44674 -9.85000 55899.11170 21.65000 299 0.00072 2.03383 g -1
401 36.85096 -2.65000 55899.11529 21.65000 299 0.00037 1.62279 g -1
853 351.42857 69.35000 55899.11888 21.65000 299 0.00037 1.24042 g -1
403 50.90865 -2.65000 55899.12246 21.65000 299 0.00059 2.01152 g -1
868 348.00000 76.55000 55899.12605 21.65000 299 0.00035 1.38270 g -1
299 37.03675 -17.05000 55899.12964 21.65000 299 0.00088 2.01901 g -1
351 47.49593 -9.85000 55899.13323 21.65000 299 0.00101 2.00452 g -1
832 353.33333 62.15000 55899.13682 21.65000 299 0.00033 1.15218 g -1
404 57.93750 -2.65000 55899.14040 21.65000 299 0.00067 2.03764 g -1
854 12.00000 76.55000 55899.14399 21.65000 299 0.00030 1.37447 g -1
300 44.11868 -17.05000 55899.14758 21.65000 299 0.00137 2.03924 g -1
352 54.54511 -9.85000 55899.15117 21.65000 299 0.00128 2.02815 g -1
877 340.00000 83.75000 55899.15476 21.65000 299 0.00030 1.60436 g -1
876 300.00000 83.75000 55899.15834 21.65000 299 0.00030 1.74590 g -1
405 64.96635 -2.65000 55899.16193 21.65000 299 0.00073 2.00343 g -1
456 68.33704 4.55000 55899.16552 21.65000 299 0.00030 1.84117 g -1
301 51.20061 -17.05000 55899.16911 21.65000 299 0.00193 2.01681 g -1
353 61.59430 -9.85000 55899.17270 21.65000 299 0.00151 1.99914 g -1
250 38.12575 -24.25000 55899.17628 21.65000 299 0.00050 2.02080 g -1
406 71.99519 -2.65000 55899.17987 21.65000 299 0.00077 2.02930 g -1
457 75.34792 4.55000 55899.18346 21.65000 299 0.00032 1.86283 g -1
302 58.28254 -17.05000 55899.18705 21.65000 299 0.00246 2.03703 g -1
354 68.64348 -9.85000 55899.19064 21.65000 299 0.00164 2.02263 g -1
458 82.35880 4.55000 55899.19422 21.65000 299 0.00037 2.00228 g -1
251 45.51882 -24.25000 55899.19781 21.65000 299 0.00140 2.01448 g -1
407 79.02404 -2.65000 55899.20140 21.65000 299 0.00082 1.99548 g -1
772 352.17582 47.75000 55899.20499 21.65000 299 0.00029 1.17129 g -1
303 65.36446 -17.05000 55899.20858 21.65000 299 0.00285 2.01478 g -1
355 75.69267 -9.85000 55899.21216 21.65000 299 0.00169 1.99391 g -1
459 89.36968 4.55000 55899.21575 21.65000 299 0.00044 1.96632 g -1
252 52.91189 -24.25000 55899.21934 21.65000 299 0.00250 2.00838 g -1
408 86.05288 -2.65000 55899.22293 21.65000 299 0.00087 1.96311 g -1
304 72.44639 -17.05000 55899.22651 21.65000 299 0.00298 2.03497 g -1
356 82.74185 -9.85000 55899.23010 21.65000 299 0.00168 2.01724 g -1
460 96.38056 4.55000 55899.23369 21.65000 299 0.00052 1.99193 g -1
409 93.08173 -2.65000 55899.23728 21.65000 299 0.00093 2.04758 g -1
253 60.30496 -24.25000 55899.24087 21.65000 299 0.00332 2.00248 g -1
513 99.62356 11.75000 55899.24445 21.65000 299 0.00031 1.75533 g -1
305 79.52832 -17.05000 55899.24804 21.65000 299 0.00297 2.01286 g -1
357 89.79104 -9.85000 55899.25163 21.65000 299 0.00165 1.98877 g -1
461 103.30689 4.55000 55899.25522 21.65000 299 0.00061 1.95253 g -1
254 67.69804 -24.25000 55899.25881 21.65000 299 0.00369 2.01842 g -1
410 100.11058 -2.65000 55899.26239 21.65000 299 0.00100 1.95561 g -1
306 86.61025 -17.05000 55899.26598 21.65000 299 0.00281 2.03301 g -1
358 96.84022 -9.85000 55899.26957 21.65000 299 0.00160 2.01193 g -1
462 110.14867 4.55000 55899.27316 21.65000 299 0.00066 1.96970 g -1
411 107.17000 -2.65000 55899.27675 21.65000 299 0.00100 2.04063 g -1
255 75.09111 -24.25000 55899.28033 21.65000 299 0.00319 2.01235 g -1
515 114.02378 11.75000 55899.28392 21.65000 299 0.00046 1.76125 g -1
307 93.69218 -17.05000 55899.28751 21.65000 299 0.00216 2.01102 g -1
359 103.88941 -9.85000 55899.29110 21.65000 299 0.00138 1.98369 g -1
463 116.99044 4.55000 55899.29469 21.65000 299 0.00067 1.92758 g -1
412 114.26000 -2.65000 55899.29827 21.65000 299 0.00095 2.00911 g -1
256 82.48418 -24.25000 55899.30186 21.65000 299 0.00195 2.00647 g -1
308 100.77411 -17.05000 55899.30545 21.65000 299 0.00057 2.03111 g -1
360 110.94883 -9.85000 55899.30904 21.65000 299 0.00139 2.00707 g -1
464 123.83222 4.55000 55899.31263 21.65000 299 0.00058 1.94417 g -1
413 121.35000 -2.65000 55899.31621 21.65000 299 0.00083 2.03803 g -1
516 121.29889 11.75000 55899.31980 21.65000 299 0.00047 1.58065 g -1
514 106.74867 11.75000 55899.32339 21.65000 299 0.00040 1.27375 g -1
361 118.01850 -9.85000 55899.32698 21.65000 299 0.00125 2.03168 g -1
465 130.67400 4.55000 55899.33057 21.65000 299 0.00041 1.96109 g -1
257 89.87725 -24.25000 55899.33415 21.65000 299 0.00039 1.94626 g -1
414 128.44000 -2.65000 55899.33774 21.65000 299 0.00061 2.00658 g -1
861 180.00000 76.55000 55899.34133 21.65000 299 0.00055 2.01523 g -1
310 114.91235 -17.05000 55899.34492 21.65000 299 0.00090 2.02836 g -1
362 125.08817 -9.85000 55899.34851 21.65000 299 0.00097 2.00343 g -1
517 128.57400 11.75000 55899.35209 21.65000 299 0.00038 1.47219 g -1
873 180.00000 83.75000 55899.35568 21.65000 299 0.00037 1.86337 g -1
415 135.53000 -2.65000 55899.35927 21.65000 299 0.00035 1.97635 g -1
843 180.00000 69.35000 55899.36286 21.65000 299 0.00056 2.01655 g -1
311 121.94304 -17.05000 55899.36645 21.65000 299 0.00138 2.00493 g -1
363 132.15783 -9.85000 55899.37003 21.65000 299 0.00063 1.97628 g -1
842 162.85714 69.35000 55899.37362 21.65000 299 0.00035 1.65924 g -1
819 180.00000 62.15000 55899.37721 21.65000 299 0.00050 2.01266 g -1
818 166.66667 62.15000 55899.38080 21.65000 299 0.00034 1.68059 g -1
312 128.97374 -17.05000 55899.38439 21.65000 299 0.00101 2.02305 g -1
789 180.37888 54.95000 55899.38797 21.65000 299 0.00040 2.02992 g -1
364 139.22750 -9.85000 55899.39156 21.65000 299 0.00033 1.95017 g -1
874 220.00000 83.75000 55899.39515 21.65000 299 0.00053 2.00548 g -1
860 156.00000 76.55000 55899.39874 21.65000 299 0.00033 1.55834 g -1
313 136.00443 -17.05000 55899.40233 21.65000 299 0.00062 2.04173 g -1
567 123.89878 18.95000 55899.40591 21.65000 299 0.00033 1.09757 g -1
844 197.14286 69.35000 55899.40950 21.65000 299 0.00092 2.02168 g -1
862 204.00000 76.55000 55899.41309 21.65000 299 0.00089 1.98785 g -1
820 193.33333 62.15000 55899.41668 21.65000 299 0.00082 1.98681 g -1
790 191.39000 54.95000 55899.42026 21.65000 299 0.00065 2.00724 g -1
262 126.68114 -24.25000 55899.42385 21.65000 299 0.00040 2.01200 g -1
755 185.52515 47.75000 55899.42744 21.65000 299 0.00037 1.83562 g -1
314 143.03513 -17.05000 55899.43103 21.65000 299 0.00033 1.94017 g -1
566 116.84562 18.95000 55899.43462 21.65000 299 0.00032 1.03526 g -1
756 194.94985 47.75000 55899.43820 21.65000 299 0.00059 2.03396 g -1
716 192.25000 40.55000 55899.44179 21.65000 299 0.00037 2.01400 g -1
263 133.96657 -24.25000 55899.44538 21.65000 299 0.00057 2.00437 g -1
821 206.66667 62.15000 55899.44897 21.65000 299 0.00134 2.03205 g -1
791 202.40112 54.95000 55899.45256 21.65000 299 0.00108 1.98507 g -1
845 214.28571 69.35000 55899.45614 21.65000 299 0.00147 2.02684 g -1
673 196.17664 33.35000 55899.45973 21.65000 299 0.00032 2.06066 g -1
717 200.86681 40.55000 55899.46332 21.65000 299 0.00065 2.05136 g -1
757 204.72454 47.75000 55899.46691 21.65000 299 0.00109 2.01009 g -1
264 141.25200 -24.25000 55899.47050 21.65000 299 0.00044 1.97755 g -1
863 228.00000 76.55000 55899.47408 21.65000 299 0.00130 2.01270 g -1
788 169.45049 54.95000 55899.47767 21.65000 299 0.00030 1.23589 g -1
792 213.41224 54.95000 55899.48126 21.65000 299 0.00184 2.00592 g -1
674 204.02993 33.35000 55899.48485 21.65000 299 0.00063 2.00160 g -1
822 220.00000 62.15000 55899.48844 21.65000 299 0.00219 2.00573 g -1
758 214.49923 47.75000 55899.49202 21.65000 299 0.00184 2.03761 g -1
718 209.48363 40.55000 55899.49561 21.65000 299 0.00098 1.92165 g -1
627 203.47257 26.15000 55899.49920 21.65000 299 0.00097 1.90428 g -1
578 201.71129 18.95000 55899.50279 21.65000 299 0.00077 1.94170 g -1
675 211.88321 33.35000 55899.50638 21.65000 299 0.00236 2.00506 g -1
793 224.50609 54.95000 55899.50996 21.65000 299 0.00305 2.03012 g -1
719 218.10044 40.55000 55899.51355 21.65000 299 0.00233 2.01021 g -1
846 231.42857 69.35000 55899.51714 21.65000 299 0.00220 1.92768 g -1
759 224.27392 47.75000 55899.52073 21.65000 299 0.00269 2.01368 g -1
823 233.33333 62.15000 55899.52432 21.65000 299 0.00329 2.01544 g -1
676 219.73650 33.35000 55899.52790 21.65000 299 0.00340 2.00853 g -1
629 218.43600 26.15000 55899.53149 21.65000 299 0.00248 2.06285 g -1
720 226.71726 40.55000 55899.53508 21.65000 299 0.00436 2.04743 g -1
580 216.23608 18.95000 55899.53867 21.65000 299 0.00173 2.01853 g -1
794 235.60357 54.95000 55899.54226 21.65000 299 0.00306 2.01044 g -1
760 234.04862 47.75000 55899.54584 21.65000 299 0.00209 2.04136 g -1
677 227.58979 33.35000 55899.54943 21.65000 299 0.00221 2.01201 g -1
628 210.95429 26.15000 55899.55302 21.65000 299 0.00169 1.50864 g -1
579 208.96753 18.95000 55899.55661 21.65000 299 0.00106 1.51926 g -1
630 225.91771 26.15000 55899.56020 21.65000 299 0.00096 1.92233 g -1
528 208.15022 11.75000 55899.56378 21.65000 299 0.00075 1.54775 g -1
