873 180.00000 83.75000 55969.10025 21.65000 299 0.00055 1.99469 g -1
872 140.00000 83.75000 55969.10384 21.65000 299 0.00027 1.77066 g -1
879 170.00000 88.00000 55969.10742 21.65000 299 0.00019 1.84999 g -1
1895 240.00000 88.50000 55969.11101 21.65000 299 0.00013 1.89628 g -1
871 100.00000 83.75000 55969.11460 21.65000 299 0.00013 1.60952 g -1
869 20.00000 83.75000 55969.11819 21.65000 299 0.00008 1.64448 g -1
860 156.00000 76.55000 55969.12178 21.65000 299 0.00008 1.84397 g -1
878 10.00000 88.00000 55969.12536 21.65000 299 0.00008 1.77358 g -1
870 60.00000 83.75000 55969.12895 21.65000 299 0.00007 1.57357 g -1
861 180.00000 76.55000 55969.15048 21.65000 299 0.00014 2.01423 g -1
843 180.00000 69.35000 55969.17201 21.65000 299 0.00012 2.01484 g -1
819 180.00000 62.15000 55969.18636 21.65000 299 0.00014 2.01029 g -1
622 166.06400 26.15000 55969.19712 21.65000 299 0.00006 2.03104 g -1
874 220.00000 83.75000 55969.20430 21.65000 299 0.00144 2.00530 g -1
573 166.21777 18.95000 55969.20789 21.65000 299 0.00016 2.04117 g -1
670 172.61679 33.35000 55969.21147 21.65000 299 0.00010 1.92607 g -1
522 164.94956 11.75000 55969.21506 21.65000 299 0.00016 2.06573 g -1
844 197.14286 69.35000 55969.21865 21.65000 299 0.00047 2.01999 g -1
820 193.33333 62.15000 55969.22224 21.65000 299 0.00062 2.01995 g -1
671 180.47007 33.35000 55969.22583 21.65000 299 0.00042 2.04880 g -1
574 173.27093 18.95000 55969.22941 21.65000 299 0.00073 2.00393 g -1
623 173.54571 26.15000 55969.23300 21.65000 299 0.00034 1.78996 g -1
523 172.22467 11.75000 55969.23659 21.65000 299 0.00079 2.03918 g -1
624 181.02743 26.15000 55969.24018 21.65000 299 0.00128 2.00162 g -1
862 204.00000 76.55000 55969.24377 21.65000 299 0.00034 1.88806 g -1
575 180.32410 18.95000 55969.24735 21.65000 299 0.00200 2.03348 g -1
672 188.32336 33.35000 55969.25094 21.65000 299 0.00097 1.99053 g -1
471 171.72467 4.55000 55969.25453 21.65000 299 0.00059 1.93934 g -1
625 188.50914 26.15000 55969.25812 21.65000 299 0.00314 2.05231 g -1
524 179.49978 11.75000 55969.26171 21.65000 299 0.00198 1.94974 g -1
576 187.38957 18.95000 55969.26529 21.65000 299 0.00431 2.06469 g -1
472 178.56644 4.55000 55969.26888 21.65000 299 0.00176 2.01785 g -1
821 206.66667 62.15000 55969.27247 21.65000 299 0.00174 1.89404 g -1
525 186.77489 11.57000 55969.27606 21.65000 299 0.00370 2.06117 g -1
626 195.99086 26.15000 55969.27965 21.65000 299 0.00332 2.03704 g -1
421 178.07000 -2.65000 55969.28323 21.65000 299 0.00116 2.02238 g -1
577 194.55043 18.95000 55969.28682 21.65000 299 0.00435 2.03197 g -1
473 185.30822 4.71000 55969.29041 21.65000 299 0.00343 1.96269 g -1
863 228.00000 76.55000 55969.29400 21.65000 299 0.00103 1.96024 g -1
526 193.90000 11.75000 55969.29759 21.65000 299 0.00543 2.02092 g -1
822 220.00000 62.15000 55969.30117 21.65000 299 0.00322 1.96858 g -1
627 203.47257 26.15000 55969.30476 21.65000 299 0.00173 1.95902 g -1
578 201.71129 18.95000 55969.30835 21.65000 299 0.00210 2.00039 g -1
673 196.17664 33.35000 55969.31194 21.65000 299 0.00099 1.51508 g -1
527 201.02511 11.75000 55969.31553 21.65000 299 0.00263 2.05480 g -1
875 260.00000 83.75000 55969.31911 21.65000 299 0.00076 1.99458 g -1
845 214.28571 69.35000 55969.32270 21.65000 299 0.00075 1.66833 g -1
674 204.02993 33.35000 55969.32629 21.65000 299 0.00061 1.58282 g -1
716 192.25000 40.55000 55969.32988 21.65000 299 0.00043 1.28856 g -1
628 210.95429 26.15000 55969.33347 21.65000 299 0.00042 1.83354 g -1
823 233.33333 62.15000 55969.33705 21.65000 299 0.00040 1.97790 g -1
846 231.42857 69.35000 55969.34064 21.65000 299 0.00036 1.83210 g -1
717 200.86681 40.55000 55969.34423 21.65000 299 0.00036 1.33909 g -1
1521 195.65020 8.15000 55969.34782 21.65000 299 0.00033 1.52603 g -1
420 170.98000 -2.65000 55969.35141 21.65000 299 0.00026 1.31681 g -1
579 208.96753 18.95000 55969.35499 21.65000 299 0.00024 1.62440 g -1
1622 192.25000 22.55000 55969.35858 21.65000 299 0.00024 1.22647 g -1
1571 185.23714 15.35000 55969.36217 21.65000 299 0.00024 1.18734 g -1
1572 192.25000 15.35000 55969.36576 21.65000 299 0.00024 1.25225 g -1
675 211.88321 33.35000 55969.36935 21.65000 299 0.00024 1.40603 g -1
715 183.63319 40.55000 55969.37293 21.65000 299 0.00023 1.06982 g -1
718 209.48363 40.55000 55969.37652 21.65000 299 0.00023 1.29381 g -1
369 174.57583 -9.85000 55969.38011 21.65000 299 0.00021 1.41405 g -1
1520 188.78733 8.15000 55969.38370 21.65000 299 0.00020 1.21723 g -1
792 213.41224 54.95000 55969.38728 21.65000 299 0.00020 1.30853 g -1
1467 185.03306 1.05000 55969.39087 21.65000 299 0.00022 1.25529 g -1
791 202.40112 54.95000 55969.39446 21.65000 299 0.00016 1.18940 g -1
793 224.50609 54.95000 55969.39805 21.65000 299 0.00016 1.39614 g -1
1621 184.93364 22.55000 55969.40164 21.65000 299 0.00016 1.04832 g -1
757 204.72454 47.75000 55969.40522 21.65000 299 0.00015 1.14564 g -1
756 194.94985 47.75000 55969.40881 21.65000 299 0.00015 1.08166 g -1
1623 199.56636 22.55000 55969.41240 21.65000 299 0.00015 1.10812 g -1
1573 199.26286 15.35000 55969.41599 21.65000 299 0.00014 1.14001 g -1
758 214.49923 47.75000 55969.41958 21.65000 299 0.00012 1.18165 g -1
470 164.88289 4.55000 55969.42316 21.65000 299 0.00011 1.16748 g -1
1519 181.77700 8.15000 55969.42675 21.65000 299 0.00011 1.10757 g -1
1570 178.22429 15.35000 55969.43034 21.65000 299 0.00010 1.05226 g -1
790 191.39000 54.95000 55969.43393 21.65000 299 0.00010 1.08396 g -1
1466 178.32815 0.95000 55969.43752 21.65000 299 0.00010 1.18832 g -1
1670 192.25000 29.75000 55969.44110 21.65000 299 0.00010 1.01028 g -1
1518 174.79500 8.15000 55969.44469 21.65000 299 0.00008 1.12199 g -1
1853 218.77723 65.75000 55969.44828 21.65000 299 0.00008 1.26369 g -1
755 185.52515 47.75000 55969.45187 21.65000 299 0.00008 1.03245 g -1
1671 199.90950 29.75000 55969.45546 21.65000 299 0.00007 1.01576 g -1
719 218.10044 40.55000 55969.45904 21.65000 299 0.00007 1.08895 g -1
474 192.25000 4.55000 55969.51645 21.65000 299 0.00628 1.20177 g -1
1415 181.84048 -6.25000 55969.52004 21.65000 299 0.00011 1.52411 g -1
474 192.25000 4.55000 55969.52073 21.65000 299 0.00628 1.21264 r -1
526 193.90000 11.75000 55969.52432 21.65000 299 0.00543 1.13522 r -1
577 194.55043 18.95000 55969.52791 21.65000 299 0.00435 1.08883 r -1
576 187.38957 18.95000 55969.53150 21.65000 299 0.00431 1.14974 r -1
525 186.77489 11.57000 55969.53509 21.65000 299 0.00370 1.23070 r -1
473 185.30822 4.71000 55969.53867 21.65000 299 0.00343 1.35486 r -1
626 195.99086 26.15000 55969.54226 21.65000 299 0.00332 1.07989 r -1
822 220.00000 62.15000 55969.54585 21.65000 299 0.00322 1.14064 r -1
625 188.50914 26.15000 55969.54944 21.65000 299 0.00314 1.16047 r -1
527 201.02511 11.75000 55969.55303 21.65000 299 0.00263 1.15739 r -1
578 201.71129 18.95000 55969.55661 21.65000 299 0.00210 1.10885 r -1
575 180.32410 18.95000 55969.56020 21.65000 299 0.00200 1.38195 r -1
524 179.49978 11.75000 55969.56379 21.65000 299 0.00198 1.52946 r -1
472 178.56644 4.55000 55969.56738 21.65000 299 0.00176 1.75257 r -1
