593 310.62655 18.95000 56143.30923 21.65000 299 0.00710 1.03343 g -1
491 309.15208 4.55000 56143.31282 21.65000 299 0.00573 1.14071 g -1
641 308.28240 26.15000 56143.31641 21.65000 299 0.00564 1.00827 g -1
543 312.88387 11.75000 56143.32000 21.65000 299 0.00541 1.07549 g -1
688 313.87167 33.35000 56143.32359 21.65000 299 0.00486 1.00013 g -1
830 326.66667 62.15000 56143.32717 21.65000 299 0.00470 1.15403 g -1
542 305.89962 11.75000 56143.33076 21.65000 299 0.00423 1.08821 g -1
771 342.13873 47.75000 56143.33435 21.65000 299 0.00409 1.09443 g -1
802 324.38344 54.95000 56143.33794 21.65000 299 0.00403 1.07939 g -1
730 312.82187 40.55000 56143.34153 21.65000 299 0.00391 1.01213 g -1
440 312.50481 -2.65000 56143.34511 21.65000 299 0.00376 1.24790 g -1
770 332.10164 47.75000 56143.34870 21.65000 299 0.00342 1.04236 g -1
803 335.18412 54.95000 56143.35229 21.65000 299 0.00338 1.08831 g -1
769 322.06455 47.75000 56143.35588 21.65000 299 0.00335 1.03319 g -1
642 315.80800 26.15000 56143.35947 21.65000 299 0.00320 1.01933 g -1
436 284.38942 -2.65000 56143.36305 21.65000 299 0.00317 1.69776 g -1
772 352.17582 47.75000 56143.36664 21.65000 299 0.00308 1.08663 g -1
385 287.65978 -9.85000 56143.37023 21.65000 299 0.00300 1.92796 g -1
834 25.71429 69.35000 56143.37382 21.65000 299 0.00292 1.46302 g -1
734 346.60580 40.55000 56143.37741 21.65000 299 0.00287 1.02882 g -1
731 321.31160 40.55000 56143.38099 21.65000 299 0.00281 1.02280 g -1
768 312.24615 47.75000 56143.38458 21.65000 299 0.00271 1.08058 g -1
735 355.03720 40.55000 56143.38817 21.65000 299 0.00269 1.04438 g -1
736 2.21291 47.75000 56143.39176 21.65000 299 0.00268 1.09134 g -1
833 8.57143 69.35000 56143.39535 21.65000 299 0.00262 1.30014 g -1
492 316.16296 4.55000 56143.39893 21.65000 299 0.00261 1.24066 g -1
733 338.17440 40.55000 56143.40252 21.65000 299 0.00261 1.00902 g -1
854 12.00000 76.55000 56143.40611 21.65000 299 0.00260 1.42223 g -1
687 306.08789 33.35000 56143.40970 21.65000 299 0.00259 1.17116 g -1
694 3.46860 40.55000 56143.41329 21.65000 299 0.00254 1.04196 g -1
732 329.74300 40.55000 56143.41687 21.65000 299 0.00244 1.03601 g -1
737 12.25000 47.75000 56143.42046 21.65000 299 0.00229 1.08981 g -1
648 0.57433 33.35000 56143.42405 21.65000 299 0.00216 1.01437 g -1
594 317.87636 18.95000 56143.42764 21.65000 299 0.00214 1.18266 g -1
695 11.90000 40.40000 56143.43123 21.65000 299 0.00212 1.04956 g -1
804 345.77437 54.95000 56143.43481 21.65000 299 0.00203 1.08030 g -1
801 313.28596 54.95000 56143.43840 21.65000 299 0.00201 1.23132 g -1
693 352.79056 33.35000 56143.44199 21.65000 299 0.00199 1.00077 g -1
689 321.65544 33.35000 56143.44558 21.65000 299 0.00194 1.14566 g -1
592 303.37673 18.95000 56143.44917 21.65000 299 0.00194 1.57442 g -1
852 334.28571 69.35000 56143.45275 21.65000 299 0.00186 1.28110 g -1
649 8.35811 33.35000 56143.45634 21.65000 299 0.00181 1.00633 g -1
853 351.42857 69.35000 56143.45993 21.65000 299 0.00181 1.24468 g -1
690 329.43922 33.35000 56143.46352 21.65000 299 0.00178 1.13390 g -1
835 42.85714 69.35000 56143.46711 21.65000 299 0.00178 1.34245 g -1
773 6.95487 54.95000 56143.47069 21.65000 299 0.00177 1.07610 g -1
692 345.00678 33.35000 56143.47428 21.65000 299 0.00172 1.05421 g -1
696 20.38973 40.55000 56143.47787 21.65000 299 0.00172 1.02230 g -1
738 22.28709 47.75000 56143.48146 21.65000 299 0.00162 1.04728 g -1
691 337.22300 33.35000 56143.48505 21.65000 299 0.00161 1.13374 g -1
829 313.33333 62.15000 56143.48863 21.65000 299 0.00160 1.45653 g -1
831 340.00000 62.15000 56143.49222 21.65000 299 0.00159 1.23374 g -1
650 16.14189 33.35000 56143.49581 21.65000 299 0.00154 1.00016 g -1
544 319.86812 11.75000 56143.49940 21.65000 299 0.00150 1.76806 g -1
487 281.19311 4.55000 56144.15581 21.65000 299 0.00234 1.28409 g -1
488 288.11944 4.55000 56144.15940 21.65000 299 0.00232 1.35704 g -1
384 280.61059 -9.85000 56144.16299 21.65000 299 0.00223 1.53197 g -1
437 291.41827 -2.65000 56144.16658 21.65000 299 0.00201 1.50707 g -1
539 284.87644 11.75000 56144.17016 21.65000 299 0.00199 1.18506 g -1
435 277.33000 -2.65000 56144.17375 21.65000 299 0.00196 1.29938 g -1
334 283.72589 -17.05000 56144.17734 21.65000 299 0.00178 1.73878 g -1
335 290.80782 -17.05000 56144.18093 21.65000 299 0.00173 1.85097 g -1
439 305.47596 -2.65000 56144.18452 21.65000 299 0.00169 1.67921 g -1
388 308.80733 -9.85000 56144.18810 21.65000 299 0.00177 2.00614 g -1
538 277.90133 11.75000 56144.19169 21.65000 299 0.00167 1.09575 g -1
386 294.70896 -9.85000 56144.19528 21.65000 299 0.00166 1.56854 g -1
383 273.55117 -9.85000 56144.19887 21.65000 299 0.00154 1.37738 g -1
486 274.35133 4.55000 56144.20245 21.65000 299 0.00151 1.14425 g -1
389 315.85652 -9.85000 56144.20604 21.65000 299 0.00166 2.02920 g -1
643 323.33360 26.15000 56144.20963 21.65000 299 0.00149 1.39422 g -1
805 356.36462 54.95000 56144.21322 21.65000 299 0.00149 1.94851 g -1
868 348.00000 76.55000 56144.21681 21.65000 299 0.00149 1.68873 g -1
589 281.65302 18.95000 56144.22039 21.65000 299 0.00145 1.03580 g -1
434 270.24000 -2.65000 56144.22398 21.65000 299 0.00144 1.24721 g -1
851 317.14286 69.35000 56144.22757 21.65000 299 0.00141 1.33982 g -1
441 319.53365 -2.65000 56144.23116 21.65000 299 0.00136 1.60777 g -1
433 263.15000 -2.65000 56144.23475 21.65000 299 0.00132 1.30590 g -1
647 353.43600 26.15000 56144.23833 21.65000 299 0.00141 2.02713 g -1
646 345.91040 26.15000 56144.24192 21.65000 299 0.00132 1.67032 g -1
336 297.88975 -17.05000 56144.24551 21.65000 299 0.00131 1.61476 g -1
387 301.75815 -9.85000 56144.24910 21.65000 299 0.00128 1.42535 g -1
485 267.50956 4.55000 56144.25269 21.65000 299 0.00127 1.21527 g -1
588 274.38447 18.95000 56144.25627 21.65000 299 0.00125 1.06221 g -1
600 0.96160 26.15000 56144.25986 21.65000 299 0.00149 2.01497 g -1
644 330.85920 26.15000 56144.26345 21.65000 299 0.00120 1.20966 g -1
774 17.54512 54.95000 56144.26704 21.65000 299 0.00123 2.00659 g -1
855 36.00000 76.55000 56144.27063 21.65000 299 0.00137 2.01587 g -1
828 300.00000 62.15000 56144.27421 21.65000 299 0.00120 1.14274 g -1
867 324.00000 76.55000 56144.27780 21.65000 299 0.00118 1.41282 g -1
601 8.48720 26.15000 56144.28139 21.65000 299 0.00135 2.00301 g -1
333 276.64396 -17.05000 56144.28498 21.65000 299 0.00118 1.74424 g -1
438 298.44712 -2.65000 56144.28857 21.65000 299 0.00117 1.23694 g -1
645 338.38480 26.15000 56144.29215 21.65000 299 0.00117 1.17759 g -1
806 6.66667 62.15000 56144.29574 21.65000 299 0.00116 1.50797 g -1
602 16.01280 26.15000 56144.29933 21.65000 299 0.00120 2.05657 g -1
382 266.48150 -9.85000 56144.30292 21.65000 299 0.00115 1.85725 g -1
595 325.12618 18.95000 56144.30651 21.65000 299 0.00114 1.07290 g -1
