0.3972205814 4.8887335784e-01 47.2627233960
0.4008085444 6.5628577179e-01 95.0500053202
0.4043965074 6.8516970886e-01 140.2669504559
0.4079844703 7.1647402731e-01 143.1520223613
0.4115724333 7.4248887742e-01 188.8410701725
0.4151603963 7.5430217336e-01 233.7957360441
0.4187483592 7.6234177270e-01 281.1633711457
0.4194428037 7.6234177270e-01 281.1633711457
0.4230307666 7.6234177270e-01 281.1633711457
0.4266187296 7.6234177270e-01 281.1633711457
0.4302066926 7.6234177270e-01 281.1633711457
0.4337946555 7.6234177270e-01 281.1633711457
0.4373826185 7.6234177270e-01 281.1633711457
0.4409705815 7.6234177270e-01 281.1633711457
