636 270.80800 26.15000 56114.36739 21.65000 299 0.00833 1.11502 g -1
583 238.04173 18.95000 56114.37098 21.65000 299 0.00802 1.87292 g -1
539 284.87644 11.75000 56114.37457 21.65000 299 0.00779 1.12214 g -1
635 263.32629 26.15000 56114.37816 21.65000 299 0.00765 1.23170 g -1
487 281.19311 4.55000 56114.38175 21.65000 299 0.00750 1.24284 g -1
632 240.88114 26.15000 56114.38533 21.65000 299 0.00684 1.81193 g -1
588 274.38447 18.95000 56114.38892 21.65000 299 0.00675 1.19295 g -1
436 284.38942 -2.65000 56114.39251 21.65000 299 0.00631 1.36398 g -1
589 281.65302 18.95000 56114.39610 21.65000 299 0.00622 1.14737 g -1
488 288.11944 4.55000 56114.39969 21.65000 299 0.00602 1.23867 g -1
538 277.90133 11.75000 56114.40327 21.65000 299 0.00578 1.27938 g -1
587 267.11592 18.95000 56114.40686 21.65000 299 0.00570 1.39656 g -1
634 255.84457 26.15000 56114.41045 21.65000 299 0.00512 1.61163 g -1
633 248.36286 26.15000 56114.41404 21.65000 299 0.00473 1.93339 g -1
437 291.41827 -2.65000 56114.41763 21.65000 299 0.00455 1.38816 g -1
435 277.33000 -2.65000 56114.42121 21.65000 299 0.00412 1.68321 g -1
384 280.61059 -9.85000 56114.42480 21.65000 299 0.00409 1.86614 g -1
537 270.92622 11.75000 56114.42839 21.65000 299 0.00395 1.59806 g -1
385 287.65978 -9.85000 56114.43198 21.65000 299 0.00387 1.73840 g -1
681 259.00293 33.35000 56114.43557 21.65000 299 0.00381 1.69433 g -1
489 295.13032 4.55000 56114.43915 21.65000 299 0.00368 1.31672 g -1
540 291.93112 11.75000 56114.44274 21.65000 299 0.00350 1.28211 g -1
438 298.44712 -2.65000 56114.44633 21.65000 299 0.00345 1.43387 g -1
386 294.70896 -9.85000 56114.44992 21.65000 299 0.00344 1.72387 g -1
486 274.35133 4.55000 56114.45351 21.65000 299 0.00340 1.99724 g -1
498 358.22824 4.55000 56114.45709 21.65000 299 0.00337 1.26039 g -1
682 266.85621 33.35000 56114.46068 21.65000 299 0.00329 1.73393 g -1
490 302.14120 4.55000 56114.46427 21.65000 299 0.00308 1.34445 g -1
637 278.28971 26.15000 56114.46786 21.65000 299 0.00303 1.56270 g -1
545 326.85237 11.75000 56114.47145 21.65000 299 0.00278 1.09178 g -1
543 312.88387 11.75000 56114.47503 21.65000 299 0.00263 1.17982 g -1
541 298.91537 11.75000 56114.47862 21.65000 299 0.00263 1.37488 g -1
544 319.86812 11.75000 56114.48221 21.65000 299 0.00253 1.14563 g -1
631 233.39943 26.15000 56115.17045 21.65000 299 0.00431 1.00948 g -1
383 273.55117 -9.85000 56115.17404 21.65000 299 0.00373 1.94680 g -1
680 251.14964 33.35000 56115.17762 21.65000 299 0.00355 1.03805 g -1
679 243.29636 33.35000 56115.18121 21.65000 299 0.00339 1.00968 g -1
586 259.84737 18.95000 56115.18480 21.65000 299 0.00334 1.11636 g -1
584 245.31027 18.95000 56115.18839 21.65000 299 0.00326 1.04295 g -1
434 270.24000 -2.65000 56115.19198 21.65000 299 0.00283 1.47614 g -1
382 266.48150 -9.85000 56115.19556 21.65000 299 0.00281 1.57371 g -1
533 243.02578 11.75000 56115.19915 21.65000 299 0.00271 1.07692 g -1
332 269.58765 -17.05000 56115.20274 21.65000 299 0.00246 1.84066 g -1
590 288.92157 18.95000 56115.20633 21.65000 299 0.00243 1.37620 g -1
542 305.89962 11.75000 56115.20992 21.65000 299 0.00248 2.00390 g -1
536 263.95111 11.75000 56115.21350 21.65000 299 0.00242 1.12702 g -1
485 267.50956 4.55000 56115.21709 21.65000 299 0.00235 1.21661 g -1
585 252.57882 18.95000 56115.22068 21.65000 299 0.00232 1.03522 g -1
334 283.72589 -17.05000 56115.22427 21.65000 299 0.00232 2.01017 g -1
333 276.64396 -17.05000 56115.22786 21.65000 299 0.00224 1.79805 g -1
491 309.15208 4.55000 56115.23144 21.65000 299 0.00314 2.02320 g -1
594 317.87636 18.95000 56115.23503 21.65000 299 0.00216 1.93518 g -1
439 305.47596 -2.65000 56115.23862 21.65000 299 0.00321 1.99993 g -1
335 290.80782 -17.05000 56115.24221 21.65000 299 0.00249 2.02934 g -1
387 301.75815 -9.85000 56115.24580 21.65000 299 0.00303 2.03555 g -1
595 325.12618 18.95000 56115.24938 21.65000 299 0.00215 2.03762 g -1
678 235.44307 33.35000 56115.25297 21.65000 299 0.00202 1.06563 g -1
593 310.62655 18.95000 56115.25656 21.65000 299 0.00194 1.44882 g -1
591 296.12691 18.95000 56115.26015 21.65000 299 0.00194 1.19801 g -1
336 297.88975 -17.05000 56115.26374 21.65000 299 0.00261 2.00659 g -1
388 308.80733 -9.85000 56115.26732 21.65000 299 0.00322 2.00557 g -1
596 332.37600 18.95000 56115.27091 21.65000 299 0.00189 2.01061 g -1
592 303.37673 18.95000 56115.27450 21.65000 299 0.00186 1.22185 g -1
433 263.15000 -2.65000 56115.27809 21.65000 299 0.00171 1.24231 g -1
440 312.50481 -2.65000 56115.28167 21.65000 299 0.00322 1.69401 g -1
337 304.97168 -17.05000 56115.28526 21.65000 299 0.00280 1.98474 g -1
381 259.41183 -9.85000 56115.28885 21.65000 299 0.00166 1.41427 g -1
643 323.33360 26.15000 56115.29244 21.65000 299 0.00158 1.36915 g -1
642 315.80800 26.15000 56115.29603 21.65000 299 0.00156 1.23169 g -1
285 294.62275 -24.25000 56115.29961 21.65000 299 0.00157 2.00703 g -1
338 312.05361 -17.05000 56115.30320 21.65000 299 0.00204 2.00309 g -1
547 340.82087 11.75000 56115.30679 21.65000 299 0.00162 2.00089 g -1
535 256.97600 11.75000 56115.31038 21.65000 299 0.00148 1.15968 g -1
683 274.70950 33.35000 56115.31397 21.65000 299 0.00143 1.00524 g -1
286 302.01582 -24.25000 56115.31755 21.65000 299 0.00199 2.02230 g -1
484 260.66778 4.55000 56115.32114 21.65000 299 0.00142 1.23986 g -1
597 339.62582 18.95000 56115.32473 21.65000 299 0.00137 1.55603 g -1
534 250.00089 11.75000 56115.32832 21.65000 299 0.00136 1.30536 g -1
482 246.98422 4.55000 56115.33191 21.65000 299 0.00132 1.49213 g -1
641 308.28240 26.15000 56115.33549 21.65000 299 0.00129 1.05025 g -1
287 309.40889 -24.25000 56115.33908 21.65000 299 0.00143 2.01517 g -1
549 354.78937 11.75000 56115.34267 21.65000 299 0.00159 2.05365 g -1
497 351.21736 4.55000 56115.34626 21.65000 299 0.00159 2.05387 g -1
644 330.85920 26.15000 56115.34985 21.65000 299 0.00128 1.18004 g -1
432 256.06000 -2.65000 56115.35343 21.65000 299 0.00127 1.62616 g -1
638 285.77143 26.15000 56115.35702 21.65000 299 0.00125 1.02337 g -1
640 300.75680 26.15000 56115.36061 21.65000 299 0.00125 1.00845 g -1
499 1.77362 11.75000 56115.36420 21.65000 299 0.00159 2.01259 g -1
