797 268.89602 54.95000 55829.29158 21.65000 299 0.00631 1.96315 g -1
826 273.33333 62.15000 55829.29517 21.65000 299 0.00512 1.80078 g -1
798 279.99351 54.95000 55829.29875 21.65000 299 0.00482 1.72652 g -1
827 286.66667 62.15000 55829.30234 21.65000 299 0.00447 1.59818 g -1
350 40.44674 -9.85000 55829.30593 21.65000 299 0.00273 1.98834 g -1
828 300.00000 62.15000 55829.30952 21.65000 299 0.00255 1.44679 g -1
402 43.87981 -2.65000 55829.31311 21.65000 299 0.00215 1.75076 g -1
829 313.33333 62.15000 55829.31669 21.65000 299 0.00209 1.33433 g -1
799 291.09099 54.95000 55829.32028 21.65000 299 0.00193 1.65057 g -1
830 326.66667 62.15000 55829.32387 21.65000 299 0.00180 1.25246 g -1
801 313.28596 54.95000 55829.32746 21.65000 299 0.00125 1.33500 g -1
802 324.38344 54.95000 55829.33105 21.65000 299 0.00121 1.23680 g -1
849 282.85714 69.35000 55829.33463 21.65000 299 0.00104 1.84340 g -1
800 302.18847 54.95000 55829.33822 21.65000 299 0.00100 1.55773 g -1
349 33.39756 -9.85000 55829.34181 21.65000 299 0.00099 1.51286 g -1
501 15.74212 11.75000 55829.34540 21.65000 299 0.00094 1.07816 g -1
448 12.25000 4.55000 55829.34899 21.65000 299 0.00091 1.14049 g -1
500 8.75787 11.75000 55829.35257 21.65000 299 0.00087 1.07862 g -1
453 47.30440 4.55000 55829.35616 21.65000 299 0.00084 1.33712 g -1
850 300.00000 69.35000 55829.35975 21.65000 299 0.00083 1.71386 g -1
298 29.95482 -17.05000 55829.36334 21.65000 299 0.00082 1.61368 g -1
297 22.87289 -17.05000 55829.36693 21.65000 299 0.00080 1.57160 g -1
831 340.00000 62.15000 55829.37051 21.65000 299 0.00078 1.27601 g -1
401 36.85096 -2.65000 55829.37410 21.65000 299 0.00077 1.28250 g -1
552 15.87491 18.95000 55829.37769 21.65000 299 0.00076 1.03830 g -1
347 19.29919 -9.85000 55829.38128 21.65000 299 0.00057 1.37588 g -1
348 26.34837 -9.85000 55829.38487 21.65000 299 0.00055 1.37076 g -1
851 317.14286 69.35000 55829.38845 21.65000 299 0.00053 1.62098 g -1
398 15.76442 -2.65000 55829.39204 21.65000 299 0.00050 1.26457 g -1
403 50.90865 -2.65000 55829.39563 21.65000 299 0.00047 1.33230 g -1
454 54.31528 4.55000 55829.39922 21.65000 299 0.00047 1.24066 g -1
506 50.66337 11.75000 55829.40281 21.65000 299 0.00045 1.12829 g -1
551 8.62509 18.95000 55829.40639 21.65000 299 0.00045 1.11403 g -1
553 23.12473 18.95000 55829.40998 21.65000 299 0.00044 1.04877 g -1
397 8.73558 -2.65000 55829.41357 21.65000 299 0.00039 1.39142 g -1
449 19.26088 4.55000 55829.41716 21.65000 299 0.00037 1.19463 g -1
452 40.29352 4.55000 55829.42075 21.65000 299 0.00036 1.14128 g -1
447 5.23912 4.55000 55829.42433 21.65000 299 0.00035 1.36731 g -1
502 22.72637 11.75000 55829.42792 21.65000 299 0.00035 1.12448 g -1
852 334.28571 69.35000 55829.43151 21.65000 299 0.00035 1.60059 g -1
507 57.64762 11.75000 55829.43510 21.65000 299 0.00034 1.10477 g -1
803 335.18412 54.95000 55829.43869 21.65000 299 0.00034 1.62081 g -1
346 12.25000 -9.85000 55829.44227 21.65000 299 0.00031 1.69443 g -1
399 22.79327 -2.65000 55829.44586 21.65000 299 0.00030 1.36266 g -1
557 52.12400 18.95000 55829.44945 21.65000 299 0.00028 1.03380 g -1
400 29.82212 -2.65000 55829.45304 21.65000 299 0.00028 1.31852 g -1
602 16.01280 26.15000 55829.45663 21.65000 299 0.00024 1.16988 g -1
505 43.67912 11.75000 55829.46021 21.65000 299 0.00022 1.08668 g -1
804 345.77437 54.95000 55829.46380 21.65000 299 0.00022 1.58983 g -1
1395 43.33467 -6.25000 55829.46739 21.65000 299 0.00019 1.32740 g -1
451 33.28264 4.55000 55829.47098 21.65000 299 0.00019 1.23525 g -1
558 59.37382 18.95000 55829.47456 21.65000 299 0.00018 1.03265 g -1
450 26.27176 4.55000 55829.47815 21.65000 299 0.00018 1.34370 g -1
556 44.87418 18.95000 55829.48174 21.65000 299 0.00015 1.06360 g -1
601 8.48720 26.15000 55829.48533 21.65000 299 0.00014 1.44442 g -1
503 29.71062 11.75000 55829.48892 21.65000 299 0.00014 1.25548 g -1
649 8.35811 33.35000 55829.49250 21.65000 299 0.00014 1.44087 g -1
853 351.42857 69.35000 55829.49609 21.65000 299 0.00013 1.68034 g -1
299 37.03675 -17.05000 55829.49968 21.65000 299 0.00013 1.87802 g -1
832 353.33333 62.15000 55829.50327 21.65000 299 0.00013 1.69898 g -1
603 23.53840 26.15000 55829.50686 21.65000 299 0.00012 1.30765 g -1
607 53.64080 26.15000 55829.51044 21.65000 299 0.00011 1.04245 g -1
648 0.57433 33.35000 55829.51403 21.65000 299 0.00011 1.90518 g -1
606 46.11520 26.15000 55829.51762 21.65000 299 0.00010 1.09943 g -1
504 36.69487 11.75000 55829.52121 21.65000 299 0.00010 1.31975 g -1
1394 36.42696 -6.25000 55829.52480 21.65000 299 0.00010 1.71901 g -1
554 30.37455 18.95000 55829.52838 21.65000 299 0.00010 1.38945 g -1
764 273.14738 47.75000 55830.10769 21.65000 299 0.00171 1.04860 g -1
848 265.71429 69.35000 55830.11128 21.65000 299 0.00081 1.26986 g -1
825 260.00000 62.15000 55830.11486 21.65000 299 0.00079 1.20863 g -1
765 282.92208 47.75000 55830.11845 21.65000 299 0.00060 1.03743 g -1
1831 270.98986 58.55000 55830.12204 21.65000 299 0.00045 1.14034 g -1
865 276.00000 76.55000 55830.12563 21.65000 299 0.00029 1.38822 g -1
1832 283.18423 58.55000 55830.12921 21.65000 299 0.00027 1.11518 g -1
768 312.24615 47.75000 55830.13280 21.65000 299 0.00021 1.05889 g -1
866 300.00000 76.55000 55830.13639 21.65000 299 0.00020 1.37307 g -1
766 292.69677 47.75000 55830.13998 21.65000 299 0.00019 1.03515 g -1
769 322.06455 47.75000 55830.14357 21.65000 299 0.00018 1.08147 g -1
864 252.00000 76.55000 55830.14715 21.65000 299 0.00015 1.50884 g -1
767 302.47146 47.75000 55830.15074 21.65000 299 0.00013 1.03263 g -1
1801 280.92404 51.35000 55830.15433 21.65000 299 0.00012 1.09652 g -1
1833 294.98986 58.55000 55830.15792 21.65000 299 0.00011 1.11285 g -1
726 278.41815 40.55000 55830.16151 21.65000 299 0.00011 1.08573 g -1
867 324.00000 76.55000 55830.16509 21.65000 299 0.00011 1.38875 g -1
499 1.77362 11.75000 55830.16868 21.65000 299 0.00011 1.66812 g -1
1800 270.49180 51.35000 55830.17227 21.65000 299 0.00011 1.19965 g -1
1857 278.87953 65.75000 55830.17586 21.65000 299 0.00010 1.26334 g -1
1835 318.98986 58.55000 55830.17945 21.65000 299 0.00009 1.10929 g -1
1858 293.87953 65.75000 55830.18303 21.65000 299 0.00009 1.21373 g -1
770 332.10164 47.75000 55830.18662 21.65000 299 0.00009 1.06039 g -1
647 353.43600 26.15000 55830.19021 21.65000 299 0.00008 1.19234 g -1
1836 330.98986 58.55000 55830.19380 21.65000 299 0.00008 1.12070 g -1
695 11.90000 40.40000 55830.19739 21.65000 299 0.00008 1.35640 g -1
805 356.36462 54.95000 55830.20097 21.65000 299 0.00008 1.19613 g -1
1834 306.98986 58.55000 55830.20456 21.65000 299 0.00007 1.12244 g -1
771 342.13873 47.75000 55830.20815 21.65000 299 0.00007 1.06839 g -1
650 16.14189 33.35000 55830.21174 21.65000 299 0.00007 1.37127 g -1
833 8.57143 69.35000 55830.21533 21.65000 299 0.00007 1.37375 g -1
868 348.00000 76.55000 55830.21891 21.65000 299 0.00007 1.39903 g -1
600 0.96160 26.15000 55830.22250 21.65000 299 0.00007 1.14963 g -1
550 1.37527 18.95000 55830.22609 21.65000 299 0.00006 1.18142 g -1
555 37.62436 18.95000 55830.22968 21.65000 299 0.00007 2.06674 g -1
395 358.15163 -9.85000 55830.23327 21.65000 299 0.00006 1.55488 g -1
296 15.79096 -17.05000 55830.25838 21.65000 299 0.00024 2.02796 g -1
1447 46.67615 0.95000 55830.29067 21.65000 299 0.00010 2.01319 g -1
