730 312.82187 40.55000 55915.07142 21.65000 299 0.00037 1.23103 g -1
688 313.87167 33.35000 55915.07501 21.65000 299 0.00029 1.24933 g -1
768 312.24615 47.75000 55915.07860 21.65000 299 0.00028 1.27048 g -1
800 302.18847 54.95000 55915.08218 21.65000 299 0.00022 1.43118 g -1
828 300.00000 62.15000 55915.08577 21.65000 299 0.00018 1.49812 g -1
455 61.32616 4.55000 55915.08936 21.65000 299 0.00011 2.05429 g -1
642 315.80800 26.15000 55915.09295 21.65000 299 0.00011 1.36128 g -1
404 57.93750 -2.65000 55915.09654 21.65000 299 0.00011 2.04078 g -1
560 73.87345 18.95000 55915.10012 21.65000 299 0.00010 2.02791 g -1
508 64.63187 11.75000 55915.10371 21.65000 299 0.00010 1.75595 g -1
509 71.61613 11.75000 55915.10730 21.65000 299 0.00014 2.00013 g -1
456 68.33704 4.55000 55915.11089 21.65000 299 0.00015 2.01601 g -1
352 54.54511 -9.85000 55915.11448 21.65000 299 0.00010 1.93083 g -1
405 64.96635 -2.65000 55915.11806 21.65000 299 0.00015 2.00644 g -1
561 81.12327 18.95000 55915.12165 21.65000 299 0.00015 2.00149 g -1
510 78.60038 11.75000 55915.12524 21.65000 299 0.00019 2.02637 g -1
457 75.34792 4.55000 55915.12883 21.65000 299 0.00021 2.04329 g -1
353 61.59430 -9.85000 55915.13242 21.65000 299 0.00014 1.95200 g -1
406 71.99519 -2.65000 55915.13600 21.65000 299 0.00020 2.03242 g -1
562 88.37309 18.95000 55915.13959 21.65000 299 0.00023 2.04172 g -1
511 85.58463 11.75000 55915.14318 21.65000 299 0.00027 2.05342 g -1
354 68.64348 -9.85000 55915.14677 21.65000 299 0.00018 2.02537 g -1
458 82.35880 4.55000 55915.15036 21.65000 299 0.00029 2.00552 g -1
407 79.02404 -2.65000 55915.15394 21.65000 299 0.00027 2.05931 g -1
613 98.72857 26.15000 55915.15753 21.65000 299 0.00025 2.03998 g -1
563 95.57843 18.95000 55915.16112 21.65000 299 0.00037 2.01256 g -1
512 92.56888 11.75000 55915.16471 21.65000 299 0.00042 2.01260 g -1
459 89.36968 4.55000 55915.16830 21.65000 299 0.00041 2.03245 g -1
355 75.69267 -9.85000 55915.17188 21.65000 299 0.00021 1.94715 g -1
408 86.05288 -2.65000 55915.17547 21.65000 299 0.00036 2.02420 g -1
564 102.73929 18.95000 55915.17906 21.65000 299 0.00059 2.04851 g -1
513 99.62356 11.75000 55915.18265 21.65000 299 0.00066 2.04290 g -1
460 96.38056 4.55000 55915.18624 21.65000 299 0.00061 2.06026 g -1
614 106.21029 26.15000 55915.18982 21.65000 299 0.00030 1.84835 g -1
409 93.08173 -2.65000 55915.19341 21.65000 299 0.00051 2.05080 g -1
356 82.74185 -9.85000 55915.19700 21.65000 299 0.00030 1.87741 g -1
565 109.79245 18.95000 55915.20059 21.65000 299 0.00083 2.01127 g -1
514 106.74867 11.75000 55915.20417 21.65000 299 0.00139 2.00966 g -1
461 103.30689 4.55000 55915.20776 21.65000 299 0.00105 2.01750 g -1
357 89.79104 -9.85000 55915.21135 21.65000 299 0.00039 1.94240 g -1
410 100.11058 -2.65000 55915.21494 21.65000 299 0.00077 2.01608 g -1
566 116.84562 18.95000 55915.21853 21.65000 299 0.00128 2.04139 g -1
515 114.02378 11.75000 55915.22211 21.65000 299 0.00232 2.05150 g -1
462 110.14867 4.55000 55915.22570 21.65000 299 0.00303 2.03614 g -1
616 121.17371 26.15000 55915.22929 21.65000 299 0.00057 1.87846 g -1
411 107.17000 -2.65000 55915.23288 21.65000 299 0.00267 2.04384 g -1
358 96.84022 -9.85000 55915.23647 21.65000 299 0.00054 1.87321 g -1
567 123.89878 18.95000 55915.24005 21.65000 299 0.00163 2.00437 g -1
463 116.99044 4.55000 55915.24364 21.65000 299 0.00354 2.05518 g -1
516 121.29889 11.75000 55915.24723 21.65000 299 0.00303 1.96107 g -1
359 103.88941 -9.85000 55915.25082 21.65000 299 0.00178 1.93769 g -1
412 114.26000 -2.65000 55915.25441 21.65000 299 0.00304 2.01221 g -1
568 130.95195 18.95000 55915.25799 21.65000 299 0.00103 2.03418 g -1
308 100.77411 -17.05000 55915.26158 21.65000 299 0.00119 2.03336 g -1
464 123.83222 4.55000 55915.26517 21.65000 299 0.00260 2.00845 g -1
360 110.94883 -9.85000 55915.26876 21.65000 299 0.00232 1.95950 g -1
413 121.35000 -2.65000 55915.27235 21.65000 299 0.00279 2.04125 g -1
517 128.57400 11.75000 55915.27593 21.65000 299 0.00159 1.82558 g -1
617 128.65543 26.15000 55915.27952 21.65000 299 0.00073 1.52635 g -1
361 118.01850 -9.85000 55915.28311 21.65000 299 0.00245 2.03451 g -1
309 107.85604 -17.05000 55915.28670 21.65000 299 0.00155 1.97158 g -1
465 130.67400 4.55000 55915.29029 21.65000 299 0.00080 1.90627 g -1
414 128.44000 -2.65000 55915.29387 21.65000 299 0.00067 2.00968 g -1
518 135.84911 11.75000 55915.29746 21.65000 299 0.00057 1.80598 g -1
310 114.91235 -17.05000 55915.30105 21.65000 299 0.00165 2.03061 g -1
362 125.08817 -9.85000 55915.30464 21.65000 299 0.00067 2.00615 g -1
466 137.51578 4.55000 55915.30823 21.65000 299 0.00050 1.92234 g -1
307 93.69218 -17.05000 55915.31181 21.65000 299 0.00039 1.59906 g -1
415 135.53000 -2.65000 55915.31540 21.65000 299 0.00039 1.97934 g -1
259 104.66339 -24.25000 55915.31899 21.65000 299 0.00070 2.01182 g -1
311 121.94304 -17.05000 55915.32258 21.65000 299 0.00061 2.00710 g -1
569 138.00511 18.95000 55915.32617 21.65000 299 0.00037 1.43722 g -1
258 97.27032 -24.25000 55915.32975 21.65000 299 0.00036 1.88705 g -1
615 113.69200 26.15000 55915.33334 21.65000 299 0.00035 1.06778 g -1
618 136.13714 26.15000 55915.33693 21.65000 299 0.00034 1.26974 g -1
260 112.05646 -24.25000 55915.34052 21.65000 299 0.00089 2.00601 g -1
664 125.49707 33.35000 55915.34411 21.65000 299 0.00030 1.10398 g -1
306 86.61025 -17.05000 55915.34769 21.65000 299 0.00025 1.60017 g -1
363 132.15783 -9.85000 55915.35128 21.65000 299 0.00025 1.70475 g -1
665 133.35036 33.35000 55915.35487 21.65000 299 0.00024 1.13617 g -1
469 158.04111 4.55000 55915.35846 21.65000 299 0.00083 2.03575 g -1
261 119.39571 -24.25000 55915.36205 21.65000 299 0.00043 1.99947 g -1
1510 118.98841 8.15000 55915.36563 21.65000 299 0.00023 1.14511 g -1
1405 112.52910 -6.25000 55915.36922 21.65000 299 0.00021 1.31233 g -1
418 156.80000 -2.65000 55915.37281 21.65000 299 0.00341 2.00430 g -1
470 164.88289 4.55000 55915.37640 21.65000 299 0.00030 2.05455 g -1
366 153.36683 -9.85000 55915.37999 21.65000 299 0.00548 2.05190 g -1
1411 154.08176 -6.25000 55915.38357 21.65000 299 0.00026 1.87733 g -1
364 139.22750 -9.85000 55915.38716 21.65000 299 0.00020 1.58665 g -1
419 163.89000 -2.65000 55915.39075 21.65000 299 0.00117 2.03283 g -1
313 136.00443 -17.05000 55915.39434 21.65000 299 0.00020 1.73527 g -1
315 150.06583 -17.05000 55915.39792 21.65000 299 0.00135 2.03843 g -1
367 160.43650 -9.85000 55915.40151 21.65000 299 0.00226 2.02270 g -1
1359 157.71708 -13.45000 55915.40510 21.65000 299 0.00031 2.03565 g -1
471 171.72467 4.55000 55915.40869 21.65000 299 0.00026 1.83720 g -1
420 170.98000 -2.65000 55915.41228 21.65000 299 0.00091 2.00140 g -1
1413 167.96112 -6.25000 55915.41586 21.65000 299 0.00032 1.96217 g -1
316 157.09652 -17.05000 55915.41945 21.65000 299 0.00439 2.01447 g -1
368 167.50617 -9.85000 55915.42304 21.65000 299 0.00153 1.99463 g -1
1457 115.67985 0.95000 55915.42663 21.65000 299 0.00019 1.20127 g -1
312 128.97374 -17.05000 55915.43022 21.65000 299 0.00019 1.57224 g -1
1406 119.35797 -6.25000 55915.43380 21.65000 299 0.00019 1.31398 g -1
519 143.12422 11.75000 55915.43739 21.65000 299 0.00018 1.10501 g -1
1456 108.71892 0.95000 55915.44098 21.65000 299 0.00018 1.27388 g -1
612 91.24686 26.15000 55915.44457 21.65000 299 0.00016 1.22967 g -1
1404 105.50400 -6.25000 55915.44816 21.65000 299 0.00015 1.47820 g -1
1458 122.64077 0.95000 55915.45174 21.65000 299 0.00015 1.20957 g -1
1509 111.88452 8.15000 55915.45533 21.65000 299 0.00015 1.19768 g -1
1511 125.92100 8.15000 55915.45892 21.65000 299 0.00014 1.12431 g -1
416 142.62000 -2.65000 55915.46251 21.65000 299 0.00014 1.24089 g -1
663 117.64379 33.35000 55915.46610 21.65000 299 0.00014 1.05242 g -1
1562 122.12143 15.35000 55915.46968 21.65000 299 0.00013 1.10053 g -1
709 131.93230 40.55000 55915.47327 21.65000 299 0.00013 1.01787 g -1
417 149.71000 -2.65000 55915.47686 21.65000 299 0.00013 1.24500 g -1
661 101.93721 33.35000 55915.48045 21.65000 299 0.00012 1.22647 g -1
1561 115.10857 15.35000 55915.48404 21.65000 299 0.00012 1.19452 g -1
263 133.96657 -24.25000 55915.48762 21.65000 299 0.00011 1.94301 g -1
619 143.61886 26.15000 55915.49121 21.65000 299 0.00011 1.01087 g -1
570 145.05827 18.95000 55915.49480 21.65000 299 0.00011 1.03564 g -1
1412 161.02144 -6.25000 55915.49839 21.65000 299 0.00011 1.32036 g -1
611 83.74320 26.15000 55915.50198 21.65000 299 0.00010 1.93981 g -1
708 123.31548 40.55000 55915.50556 21.65000 299 0.00010 1.10470 g -1
521 157.67444 11.75000 55915.50915 21.65000 299 0.00010 1.07709 g -1
660 94.08393 33.35000 55915.51274 21.65000 299 0.00010 1.59236 g -1
861 180.00000 76.55000 55915.51633 21.65000 299 0.00010 1.39822 g -1
666 141.20364 33.35000 55915.51992 21.65000 299 0.00010 1.03402 g -1
365 146.29717 -9.85000 55915.52350 21.65000 299 0.00009 1.42018 g -1
862 204.00000 76.55000 55915.52709 21.65000 299 0.00009 1.47315 g -1
1464 164.40631 0.95000 55915.53068 21.65000 299 0.00009 1.18580 g -1
467 144.35756 4.55000 55915.53427 21.65000 299 0.00009 1.20921 g -1
468 151.19933 4.55000 55915.53786 21.65000 299 0.00009 1.17589 g -1
1463 157.44538 0.95000 55915.54144 21.65000 299 0.00008 1.20064 g -1
662 109.79050 33.35000 55915.54503 21.65000 299 0.00008 1.49107 g -1
1358 150.81050 -13.45000 55915.54862 21.65000 299 0.00008 1.55771 g -1
520 150.39933 11.75000 55915.55221 21.65000 299 0.00008 1.13725 g -1
842 162.85714 69.35000 55915.55580 21.65000 299 0.00008 1.24035 g -1
1563 129.14702 15.35000 55915.55938 21.65000 299 0.00007 1.37949 g -1
749 128.97700 47.75000 55915.56297 21.65000 299 0.00007 1.24778 g -1
314 143.03513 -17.05000 55915.56656 21.65000 299 0.00007 1.96062 g -1
571 152.11144 18.95000 55915.57015 21.65000 299 0.00007 1.11756 g -1
818 166.66667 62.15000 55915.57374 21.65000 299 0.00006 1.15083 g -1
