0.4449387990 3.0170026594e-04 47.1053558375
0.4485267620 6.6576134678e-04 94.1582558221
0.4557026879 1.1374382630e-03 141.0537882483
0.4592906509 1.9245034294e-03 188.8410701725
0.4628786138 2.7779916166e-03 235.1595882176
0.4664665768 3.5079283290e-03 282.2124882023
0.4700545398 4.0030477054e-03 329.2653881869
0.4772304657 5.0253327563e-03 376.5281115829
0.4808184287 6.7579723299e-03 423.4760998619
0.4844063916 9.8893072828e-03 470.5289998465
0.4879943546 1.1925633423e-02 517.5818998312
0.4915823176 1.2818907041e-02 563.2709476423
0.4951702805 1.3449899583e-02 611.0057737137
0.4987582435 3.5724989286e-02 658.1635854040
0.5023462064 4.2312907186e-02 705.5312205056
0.5059341694 7.4539924459e-02 752.5841204903
0.5095221324 9.9082647941e-02 799.6370204749
0.5131100953 1.2010804637e-01 823.6618010691
0.5166980583 1.5139548497e-01 871.3966271405
0.5202860213 1.8267213631e-01 912.6269274615
0.5238739842 1.8980023340e-01 942.9464103947
0.5274619472 2.0452807569e-01 990.3140454964
0.5310499102 2.1658050060e-01 1037.3669454810
0.5346378731 2.1787705853e-01 1083.2133608507
0.5382258361 2.1983131477e-01 1085.8361534919
0.5418137991 2.2102472448e-01 1133.6234354162
0.5454017620 2.2261571038e-01 1135.8265812348
0.5489897250 2.2357170201e-01 1181.6205407517
0.5525776880 2.2426023721e-01 1185.1350828910
0.5561656509 2.3278502883e-01 1230.9290424078
0.5597536139 2.3345716491e-01 1278.2442216566
0.5633415769 2.3403034961e-01 1280.8670142979
0.5669295398 2.3438932717e-01 1282.9652484109
0.5676239843 2.3438932717e-01 1282.9652484109
0.5712119472 2.3438932717e-01 1282.9652484109
0.5747999102 2.3438932717e-01 1282.9652484109
0.5783878732 2.3438932717e-01 1282.9652484109
0.5819758361 2.3438932717e-01 1282.9652484109
0.5855637991 2.3438932717e-01 1282.9652484109
0.5891517621 2.3438932717e-01 1282.9652484109
0.5927397250 2.3438932717e-01 1282.9652484109
0.5963276880 2.3438932717e-01 1282.9652484109
0.5999156509 2.3438932717e-01 1282.9652484109
0.6035036139 2.3438932717e-01 1282.9652484109
0.6070915769 2.3438932717e-01 1282.9652484109
0.6106795398 2.3438932717e-01 1282.9652484109
0.6142675028 2.3438932717e-01 1282.9652484109
0.6178554658 2.3438932717e-01 1282.9652484109
0.6214434287 2.3438932717e-01 1282.9652484109
0.6250313917 2.3438932717e-01 1282.9652484109
0.6286193547 2.3438932717e-01 1282.9652484109
0.6322073176 2.3438932717e-01 1282.9652484109
0.6357952806 2.3438932717e-01 1282.9652484109
0.6393832436 2.3438932717e-01 1282.9652484109
0.6429712065 2.3438932717e-01 1282.9652484109
0.6465591695 2.3438932717e-01 1282.9652484109
0.6501471325 2.3438932717e-01 1282.9652484109
0.6537350954 2.3438932717e-01 1282.9652484109
0.6573230584 2.3438932717e-01 1282.9652484109
0.6609110214 2.3438932717e-01 1282.9652484109
0.6644989843 2.3438932717e-01 1282.9652484109
0.6680869473 2.3438932717e-01 1282.9652484109
0.6716749102 2.3438932717e-01 1282.9652484109
0.6752628732 2.3438932717e-01 1282.9652484109
0.6788508362 2.3438932717e-01 1282.9652484109
0.6824387991 2.3438932717e-01 1282.9652484109
