641 308.28240 26.15000 56080.29148 21.65000 299 0.00345 1.96527 g -1
688 313.87167 33.35000 56080.29507 21.65000 299 0.00341 1.99663 g -1
687 306.08789 33.35000 56080.29866 21.65000 299 0.00339 1.65599 g -1
730 312.82187 40.55000 56080.30224 21.65000 299 0.00331 1.73491 g -1
592 303.37673 18.95000 56080.30583 21.65000 299 0.00324 1.71158 g -1
640 300.75680 26.15000 56080.30942 21.65000 299 0.00324 1.49156 g -1
729 304.26859 40.55000 56080.31301 21.65000 299 0.00321 1.42952 g -1
686 298.26936 33.35000 56080.31660 21.65000 299 0.00316 1.33362 g -1
768 312.24615 47.75000 56080.32018 21.65000 299 0.00308 1.50600 g -1
591 296.12691 18.95000 56080.32377 21.65000 299 0.00297 1.36335 g -1
728 295.65178 40.55000 56080.32736 21.65000 299 0.00295 1.22379 g -1
767 302.47146 47.75000 56080.33095 21.65000 299 0.00294 1.29092 g -1
639 293.25314 26.15000 56080.33454 21.65000 299 0.00292 1.20747 g -1
685 290.41607 33.35000 56080.33812 21.65000 299 0.00284 1.13967 g -1
541 298.91537 11.75000 56080.34171 21.65000 299 0.00279 1.38381 g -1
766 292.69677 47.75000 56080.34530 21.65000 299 0.00267 1.14714 g -1
590 288.92157 18.95000 56080.34889 21.65000 299 0.00265 1.15101 g -1
801 313.28596 54.95000 56080.35248 21.65000 299 0.00264 1.34330 g -1
727 287.03496 40.55000 56080.35606 21.65000 299 0.00260 1.07015 g -1
638 285.77143 26.15000 56080.35965 21.65000 299 0.00257 1.06703 g -1
800 302.18847 54.95000 56080.36324 21.65000 299 0.00255 1.20143 g -1
769 322.06455 47.75000 56080.36683 21.65000 299 0.00254 1.38314 g -1
540 291.93112 11.75000 56080.37042 21.65000 299 0.00251 1.16679 g -1
684 282.56279 33.35000 56080.37400 21.65000 299 0.00245 1.02018 g -1
799 291.09099 54.95000 56080.37759 21.65000 299 0.00231 1.11329 g -1
765 282.92208 47.75000 56080.38118 21.65000 299 0.00230 1.04445 g -1
589 281.65302 18.95000 56080.38477 21.65000 299 0.00230 1.04264 g -1
802 324.38344 54.95000 56080.38836 21.65000 299 0.00230 1.32201 g -1
489 295.13032 4.55000 56080.39194 21.65000 299 0.00226 1.20881 g -1
829 313.33333 62.15000 56080.39553 21.65000 299 0.00219 1.25147 g -1
539 284.87644 11.75000 56080.39912 21.65000 299 0.00218 1.08244 g -1
726 278.41815 40.55000 56080.40271 21.65000 299 0.00218 1.00802 g -1
637 278.28971 26.15000 56080.40630 21.65000 299 0.00216 1.00852 g -1
828 300.00000 62.15000 56080.40988 21.65000 299 0.00212 1.16712 g -1
798 279.99351 54.95000 56080.41347 21.65000 299 0.00201 1.07642 g -1
683 274.70950 33.35000 56080.41706 21.65000 299 0.00200 1.01012 g -1
488 288.11944 4.55000 56080.42065 21.65000 299 0.00200 1.14196 g -1
830 326.66667 62.15000 56080.42424 21.65000 299 0.00197 1.27155 g -1
827 286.66667 62.15000 56080.42782 21.65000 299 0.00192 1.14152 g -1
588 274.38447 18.95000 56080.43141 21.65000 299 0.00189 1.06279 g -1
764 273.14738 47.75000 56080.43500 21.65000 299 0.00187 1.06186 g -1
593 310.62655 18.95000 56080.43859 21.65000 299 0.00187 1.07741 g -1
538 277.90133 11.75000 56080.44218 21.65000 299 0.00185 1.11135 g -1
731 321.31160 40.55000 56080.44576 21.65000 299 0.00184 1.08078 g -1
542 305.89962 11.75000 56080.44935 21.65000 299 0.00180 1.08937 g -1
487 281.19311 4.55000 56080.45294 21.65000 299 0.00173 1.18552 g -1
636 270.80800 26.15000 56080.45653 21.65000 299 0.00173 1.10472 g -1
725 269.80133 40.55000 56080.46012 21.65000 299 0.00173 1.10366 g -1
851 317.14286 69.35000 56080.46370 21.65000 299 0.00170 1.25393 g -1
850 300.00000 69.35000 56080.46729 21.65000 299 0.00169 1.23697 g -1
826 273.33333 62.15000 56080.47088 21.65000 299 0.00162 1.21658 g -1
437 291.41827 -2.65000 56080.47447 21.65000 299 0.00162 1.27303 g -1
797 268.89602 54.95000 56080.47805 21.65000 299 0.00160 1.20458 g -1
682 266.85621 33.35000 56080.48164 21.65000 299 0.00156 1.20519 g -1
849 282.85714 69.35000 56081.16520 21.65000 299 0.00154 1.90966 g -1
763 263.37269 47.75000 56081.16879 21.65000 299 0.00144 1.60916 g -1
635 263.32629 26.15000 56081.17237 21.65000 299 0.00132 1.83740 g -1
825 260.00000 62.15000 56081.17596 21.65000 299 0.00131 1.48777 g -1
848 265.71429 69.35000 56081.17955 21.65000 299 0.00131 1.57532 g -1
587 267.11592 18.95000 56081.18314 21.65000 299 0.00150 2.00888 g -1
724 261.18452 40.55000 56081.18673 21.65000 299 0.00129 1.45936 g -1
796 257.79854 54.95000 56081.19031 21.65000 299 0.00125 1.36827 g -1
536 263.95111 11.75000 56081.19390 21.65000 299 0.00124 1.88115 g -1
866 300.00000 76.55000 56081.19749 21.65000 299 0.00124 1.91386 g -1
865 276.00000 76.55000 56081.20108 21.65000 299 0.00116 1.64875 g -1
537 270.92622 11.75000 56081.20467 21.65000 299 0.00156 2.02749 g -1
485 267.50956 4.55000 56081.20825 21.65000 299 0.00124 2.03727 g -1
681 259.00293 33.35000 56081.21184 21.65000 299 0.00115 1.29517 g -1
586 259.84737 18.95000 56081.21543 21.65000 299 0.00114 1.39890 g -1
847 248.57143 69.35000 56081.21902 21.65000 299 0.00107 1.32032 g -1
762 253.59800 47.75000 56081.22260 21.65000 299 0.00105 1.17998 g -1
486 274.35133 4.55000 56081.22619 21.65000 299 0.00148 2.05576 g -1
824 246.66667 62.15000 56081.22978 21.65000 299 0.00102 1.20725 g -1
434 270.24000 -2.65000 56081.23337 21.65000 299 0.00110 2.00961 g -1
484 260.66778 4.55000 56081.23696 21.65000 299 0.00101 1.47387 g -1
864 252.00000 76.55000 56081.24054 21.65000 299 0.00099 1.42231 g -1
867 324.00000 76.55000 56081.24413 21.65000 299 0.00121 2.00669 g -1
535 256.97600 11.75000 56081.24772 21.65000 299 0.00094 1.25021 g -1
435 277.33000 -2.65000 56081.25131 21.65000 299 0.00128 2.03789 g -1
634 255.84457 26.15000 56081.25490 21.65000 299 0.00094 1.11337 g -1
433 263.15000 -2.65000 56081.25848 21.65000 299 0.00093 1.52031 g -1
795 246.70105 54.95000 56081.26207 21.65000 299 0.00092 1.10066 g -1
723 252.56770 40.55000 56081.26566 21.65000 299 0.00090 1.05619 g -1
383 273.55117 -9.85000 56081.26925 21.65000 299 0.00088 1.91617 g -1
436 284.38942 -2.65000 56081.27284 21.65000 299 0.00148 2.00441 g -1
846 231.42857 69.35000 56081.27642 21.65000 299 0.00086 1.23607 g -1
384 280.61059 -9.85000 56081.28001 21.65000 299 0.00102 2.03744 g -1
863 228.00000 76.55000 56081.28360 21.65000 299 0.00082 1.37560 g -1
483 253.82600 4.55000 56081.28719 21.65000 299 0.00080 1.18139 g -1
823 233.33333 62.15000 56081.29078 21.65000 299 0.00079 1.14398 g -1
