0.7159729548 1.7524655330e-02 47.1578116903
0.7195609178 4.4097815514e-02 94.4205350863
0.7231488807 5.8661853447e-02 141.0013323955
0.7267368437 7.3133113201e-02 188.5787909084
0.7303248067 8.3394186634e-02 235.6316908930
0.7339127696 9.8337458737e-02 281.9502089381
0.7375007326 1.0777200346e-01 328.2687269832
0.7410886956 1.1470506994e-01 375.3216269679
0.7446766585 1.2119638542e-01 422.6368062166
0.7482646215 1.2593303868e-01 469.6897062013
0.7518525845 1.2976416219e-01 516.3229593633
0.7554405474 1.3241449252e-01 563.3758593480
0.7590285104 1.3500398715e-01 611.1631412722
0.7626164734 1.3738415716e-01 658.1635854040
0.7662044363 1.3974134230e-01 705.9508673282
0.7697923993 1.4206477483e-01 753.7906051053
0.7733803623 1.4439795785e-01 800.4763141202
0.7769683252 1.4665353272e-01 847.5292141048
0.7805562882 1.4874419688e-01 894.8443933536
0.7841442511 1.5067087634e-01 940.1137943422
0.7877322141 1.5236401426e-01 986.0126655646
0.7913201771 1.5402927785e-01 1033.0655655493
0.7949081400 1.5540889789e-01 1079.5939070057
0.7984961030 1.5675063737e-01 1126.6468069903
0.8020840660 1.5804177378e-01 1174.2767213561
0.8056720289 1.5903196357e-01 1221.3296213407
0.8092599919 1.5990312320e-01 1224.8966193329
0.8128479549 1.6061283273e-01 1271.1626815251
0.8164359178 1.6131258601e-01 1273.2609156382
0.8200238808 1.6181759520e-01 1276.4607226605
0.8236118438 1.6209763771e-01 1278.8212360377
0.8271998067 1.6237154187e-01 1282.6505132940
0.8307877697 1.6262343067e-01 1327.9199142825
0.8343757327 1.6284691312e-01 1332.2737500671
0.8379636956 1.6305901080e-01 1378.2775329952
0.8415516586 1.6326010972e-01 1381.5297958704
0.8451396216 1.6345241043e-01 1385.8836316549
0.8458340660 1.6345241043e-01 1385.8836316549
0.8494220290 1.6345241043e-01 1385.8836316549
0.8530099919 1.6345241043e-01 1385.8836316549
0.8565979549 1.6345241043e-01 1385.8836316549
0.8601859179 1.6345241043e-01 1385.8836316549
0.8637738808 1.6345241043e-01 1385.8836316549
0.8673618438 1.6345241043e-01 1385.8836316549
