476 205.93356 4.55000 55939.43078 21.65000 299 0.01485 1.94569 g -1
580 216.23608 18.95000 55939.43436 21.65000 299 0.01327 1.93205 g -1
528 208.15022 11.75000 55939.43795 21.65000 299 0.00925 1.72883 g -1
529 215.12533 11.75000 55939.44154 21.65000 299 0.00843 1.96180 g -1
425 206.43000 -2.65000 55939.44513 21.65000 299 0.00758 1.99833 g -1
424 199.34000 -2.65000 55939.44872 21.65000 299 0.00667 1.69738 g -1
630 225.91771 26.15000 55939.45230 21.65000 299 0.00640 1.90135 g -1
629 218.43600 26.15000 55939.45589 21.65000 299 0.00561 1.59117 g -1
677 227.58979 33.35000 55939.45948 21.65000 299 0.00514 1.73407 g -1
372 195.78483 -9.85000 55939.46307 21.65000 299 0.00406 1.69677 g -1
373 202.85450 -9.85000 55939.46666 21.65000 299 0.00285 1.85218 g -1
477 212.77533 4.55000 55939.47024 21.65000 299 0.00265 1.67058 g -1
581 223.50463 18.95000 55939.47383 21.65000 299 0.00184 1.66156 g -1
1418 202.65952 -6.25000 55939.47742 21.65000 299 0.00099 1.62389 g -1
1470 206.17185 0.95000 55939.48101 21.65000 299 0.00090 1.49339 g -1
1523 209.70500 8.15000 55939.48460 21.65000 299 0.00082 1.40492 g -1
579 208.96753 18.95000 55939.48818 21.65000 299 0.00074 1.24699 g -1
1575 213.35100 15.35000 55939.49177 21.65000 299 0.00069 1.32707 g -1
1626 221.37928 22.55000 55939.49536 21.65000 299 0.00055 1.36983 g -1
1674 222.88800 29.75000 55939.49895 21.65000 299 0.00036 1.31746 g -1
475 199.09178 4.55000 55939.50254 21.65000 299 0.00031 1.23373 g -1
721 235.33407 40.55000 55939.50612 21.65000 299 0.00024 1.43595 g -1
321 192.25000 -17.05000 55939.50971 21.65000 299 0.00020 1.62669 g -1
676 219.73650 33.35000 55939.51330 21.65000 299 0.00020 1.19017 g -1
599 354.12545 18.95000 55940.08304 21.65000 299 0.00039 1.17510 g -1
499 1.77362 11.75000 55940.08663 21.65000 299 0.00037 1.17447 g -1
647 353.43600 26.15000 55940.09021 21.65000 299 0.00024 1.16710 g -1
599 354.12545 18.95000 55940.09091 21.65000 299 0.00039 1.20541 r -1
499 1.77362 11.75000 55940.09450 21.65000 299 0.00037 1.20021 r -1
647 353.43600 26.15000 55940.09808 21.65000 299 0.00024 1.19793 r -1
475 199.09178 4.55000 55940.40306 21.65000 299 0.00031 2.05137 r -1
579 208.96753 18.95000 55940.40665 21.65000 299 0.00074 2.01796 r -1
528 208.15022 11.75000 55940.41383 21.65000 299 0.00925 2.06639 r -1
676 219.73650 33.35000 55940.41741 21.65000 299 0.00020 1.98433 r -1
424 199.34000 -2.65000 55940.42100 21.65000 299 0.00667 2.02765 r -1
476 205.93356 4.55000 55940.42459 21.65000 299 0.01485 2.00446 r -1
580 216.23608 18.95000 55940.42818 21.65000 299 0.01327 1.99219 r -1
