0.0800594444 1.8966517008e-03 47.7872819242
0.0836474074 2.3423159729e-03 95.5221079956
0.0872353704 6.5822036192e-03 120.4386380878
0.0908233333 1.5724422122e-02 167.3341705140
0.0944112963 2.1139192575e-02 193.0375383986
0.0979992592 4.0860272854e-02 240.0904383832
0.1015872222 5.8641092726e-02 285.4122952246
0.1051751852 6.4188599919e-02 332.5701069149
0.1087631481 8.5837650652e-02 378.5738898431
0.1123511111 9.5848391111e-02 425.7841573862
0.1159390741 1.0405971855e-01 472.2600429898
0.1195270370 1.0902049410e-01 519.5752222385
0.1231150000 1.2550913411e-01 564.7921673743
0.1267029630 1.2953471530e-01 612.6843610042
0.1302909259 1.4781236186e-01 657.5341151701
0.1338788889 1.5007235144e-01 704.5870151548
0.1374668519 1.5212261502e-01 750.4334305244
0.1410548148 1.6376230031e-01 797.7486097732
0.1446427778 1.6542026995e-01 843.8573044070
0.1482307408 1.6693245170e-01 890.9102043917
0.1518187037 1.6858277749e-01 938.3302953461
0.1554066667 1.7225064167e-01 983.0751378064
0.1589946297 1.7364330643e-01 1028.3445387950
0.1625825926 1.7503640359e-01 1030.7050521721
0.1661705556 1.7616631404e-01 1033.2229331078
0.1697585185 1.8402405117e-01 1079.4365394472
0.1733464815 1.8487472164e-01 1082.1642437941
0.1769344445 1.8559166331e-01 1084.7345805826
0.1805224074 1.8629880454e-01 1087.0950939598
0.1841103704 1.8941035318e-01 1130.6334518051
0.1876983334 1.8998170277e-01 1132.9939651822
0.1912862963 1.9056031816e-01 1136.2986839103
0.1948742593 1.9246724793e-01 1181.6205407517
0.1984622223 1.9299000154e-01 1229.4078226759
0.2020501852 1.9340928192e-01 1275.4640614568
0.2056381482 1.9385294245e-01 1277.8770306868
0.2092261112 1.9428065777e-01 1325.5069450526
0.2128140741 1.9643902467e-01 1368.6256560753
0.2164020371 1.9686386245e-01 1370.7238901883
0.2199900001 1.9723125626e-01 1415.5211885015
0.2235779630 1.9765770298e-01 1460.0037516977
0.2271659260 1.9802008415e-01 1462.1019858107
0.2307538890 1.9830768166e-01 1465.8263513613
0.2343418519 1.9856194901e-01 1468.4491440026
0.2415177778 1.9993886145e-01 1511.4104874668
0.2422122223 1.9993886145e-01 1511.4104874668
0.2458001853 1.9993886145e-01 1511.4104874668
0.2493881482 1.9993886145e-01 1511.4104874668
0.2529761112 1.9993886145e-01 1511.4104874668
0.2565640742 1.9993886145e-01 1511.4104874668
0.2601520371 1.9993886145e-01 1511.4104874668
0.2637400001 1.9993886145e-01 1511.4104874668
0.2673279630 1.9993886145e-01 1511.4104874668
0.2709159260 1.9993886145e-01 1511.4104874668
0.2745038890 1.9993886145e-01 1511.4104874668
0.2780918519 1.9993886145e-01 1511.4104874668
0.2816798149 1.9993886145e-01 1511.4104874668
0.2852677779 1.9993886145e-01 1511.4104874668
0.2888557408 1.9993886145e-01 1511.4104874668
0.2924437038 1.9993886145e-01 1511.4104874668
0.2960316668 1.9993886145e-01 1511.4104874668
0.2996196297 1.9993886145e-01 1511.4104874668
0.3032075927 1.9993886145e-01 1511.4104874668
0.3067955557 1.9993886145e-01 1511.4104874668
0.3103835186 1.9993886145e-01 1511.4104874668
0.3139714816 1.9993886145e-01 1511.4104874668
0.3175594446 1.9993886145e-01 1511.4104874668
0.3211474075 1.9993886145e-01 1511.4104874668
0.3247353705 1.9993886145e-01 1511.4104874668
0.3283233335 1.9993886145e-01 1511.4104874668
0.3319112964 1.9993886145e-01 1511.4104874668
0.3354992594 1.9993886145e-01 1511.4104874668
0.3390872223 1.9993886145e-01 1511.4104874668
0.3426751853 1.9993886145e-01 1511.4104874668
0.3462631483 1.9993886145e-01 1511.4104874668
0.3498511112 1.9993886145e-01 1511.4104874668
0.3534390742 1.9993886145e-01 1511.4104874668
0.3570270372 1.9993886145e-01 1511.4104874668
0.3606150001 1.9993886145e-01 1511.4104874668
0.3642029631 1.9993886145e-01 1511.4104874668
0.3677909261 1.9993886145e-01 1511.4104874668
0.3713788890 1.9993886145e-01 1511.4104874668
0.3749668520 1.9993886145e-01 1511.4104874668
0.3785548150 1.9993886145e-01 1511.4104874668
0.3821427779 1.9993886145e-01 1511.4104874668
0.3857307409 1.9993886145e-01 1511.4104874668
0.3893187039 1.9993886145e-01 1511.4104874668
0.3929066668 1.9993886145e-01 1511.4104874668
0.3964946298 1.9993886145e-01 1511.4104874668
