0.0000000000 9.9559886061e-02 47.1578116903
0.0035879630 2.3224979107e-01 94.4205350863
0.0071759259 3.2220705360e-01 141.6832584822
0.0107638889 4.1052646110e-01 188.9984377310
0.0143518519 4.8983470888e-01 236.8381755080
0.0179398148 5.6142973102e-01 283.1566935531
0.0215277778 5.9903081653e-01 329.4752115982
0.0251157408 6.7233037997e-01 375.7937296433
0.0287037037 7.3663830166e-01 422.0597918356
0.0322916667 7.6751737638e-01 469.1126918202
0.0358796296 7.8745126301e-01 515.4312098653
0.0394675926 8.0594323245e-01 562.5890215556
0.0430555556 8.2104084798e-01 609.1698188648
0.0466435185 8.3432445552e-01 656.2227188495
0.0502314815 8.4291821789e-01 704.0100007737
0.0538194445 8.5024714699e-01 751.0629007583
0.0574074074 8.5709902476e-01 798.1158007430
0.0609953704 8.6560437931e-01 809.4987208062
0.0645833334 8.7085850384e-01 856.5516207908
0.0681712963 8.7564764472e-01 903.5520649226
0.0717592593 8.8542262140e-01 916.4037488649
0.0753472223 8.9182998224e-01 928.6784184262
0.0789351852 8.9383127102e-01 966.1843531965
0.0825231482 8.9577466912e-01 1011.4537541851
0.0861111112 8.9929283822e-01 1023.4661444822
0.0896990741 9.0301136899e-01 1036.7899310999
0.0932870371 9.0573544293e-01 1083.7379193789
0.0968750001 9.0773801992e-01 1130.3711725410
0.1004629630 9.0944880409e-01 1177.4240725256
0.1040509260 9.1083253655e-01 1225.1064427442
0.1076388889 9.1204733377e-01 1237.0663771884
0.1112268519 9.1317163743e-01 1240.2661842108
0.8940890440 9.1393040313e-01 1276.5131785134
0.8976770069 9.1521110539e-01 1279.1884270075
0.9012649699 9.1568290024e-01 1316.7992734835
0.9048529329 9.1976219359e-01 1329.4935898673
0.9227927477 9.2099365028e-01 1365.3209373473
0.9263807106 9.2218487702e-01 1367.4716273131
0.9270751551 9.2218487702e-01 1367.4716273131
0.9306631181 9.2218487702e-01 1367.4716273131
0.9342510810 9.2218487702e-01 1367.4716273131
0.9378390440 9.2218487702e-01 1367.4716273131
0.9414270069 9.2218487702e-01 1367.4716273131
0.9450149699 9.2218487702e-01 1367.4716273131
0.9486029329 9.2218487702e-01 1367.4716273131
0.9521908958 9.2218487702e-01 1367.4716273131
0.9557788588 9.2218487702e-01 1367.4716273131
0.9593668218 9.2218487702e-01 1367.4716273131
0.9629547847 9.2218487702e-01 1367.4716273131
0.9665427477 9.2218487702e-01 1367.4716273131
0.9701307107 9.2218487702e-01 1367.4716273131
0.9737186736 9.2218487702e-01 1367.4716273131
0.9773066366 9.2218487702e-01 1367.4716273131
0.9808945996 9.2218487702e-01 1367.4716273131
0.9844825625 9.2218487702e-01 1367.4716273131
0.9880705255 9.2218487702e-01 1367.4716273131
0.9916584885 9.2218487702e-01 1367.4716273131
0.9952464514 9.2218487702e-01 1367.4716273131
0.9988344144 9.2218487702e-01 1367.4716273131
