350 40.44674 -9.85000 55974.10313 21.65000 299 0.00703 1.54991 g -1
300 44.11868 -17.05000 55974.10672 21.65000 299 0.00617 1.75406 g -1
351 47.49593 -9.85000 55974.11031 21.65000 299 0.00207 1.49010 g -1
299 37.03675 -17.05000 55974.11390 21.65000 299 0.00170 1.97756 g -1
349 33.39756 -9.85000 55974.11749 21.65000 299 0.00160 1.81279 g -1
401 36.85096 -2.65000 55974.12107 21.65000 299 0.00147 1.54266 g -1
301 51.20061 -17.05000 55974.12466 21.65000 299 0.00125 1.74403 g -1
402 43.87981 -2.65000 55974.12825 21.65000 299 0.00077 1.46132 g -1
1342 39.99886 -13.45000 55974.13184 21.65000 299 0.00048 1.91662 g -1
400 29.82212 -2.65000 55974.13543 21.65000 299 0.00031 1.89118 g -1
451 33.28264 4.55000 55974.13901 21.65000 299 0.00025 1.61352 g -1
1343 46.93607 -13.45000 55974.14260 21.65000 299 0.00021 1.82894 g -1
1395 43.33467 -6.25000 55974.14619 21.65000 299 0.00020 1.70164 g -1
1394 36.42696 -6.25000 55974.14978 21.65000 299 0.00020 1.97295 g -1
452 40.29352 4.55000 55974.15337 21.65000 299 0.00019 1.56581 g -1
630 225.91771 26.15000 55974.35070 21.65000 299 0.00022 2.00290 g -1
581 223.50463 18.95000 55974.35429 21.65000 299 0.00046 2.01378 g -1
530 222.10044 11.75000 55974.36147 21.65000 299 0.00101 2.03095 g -1
678 235.44307 33.35000 55974.36506 21.65000 299 0.00211 2.03551 g -1
631 233.39943 26.15000 55974.36864 21.65000 299 0.01751 2.05355 g -1
582 230.77318 18.95000 55974.37223 21.65000 299 0.00924 2.05497 g -1
761 243.82331 47.75000 55974.37582 21.65000 299 0.00109 1.93549 g -1
531 229.07556 11.75000 55974.37941 21.65000 299 0.00588 2.05705 g -1
722 243.95089 40.55000 55974.38300 21.65000 299 0.00415 1.96909 g -1
679 243.29636 33.35000 55974.38658 21.65000 299 0.00516 2.03911 g -1
632 240.88114 26.15000 55974.39017 21.65000 299 0.01231 2.03820 g -1
583 238.04173 18.95000 55974.39376 21.65000 299 0.00573 2.02807 g -1
479 226.45889 4.55000 55974.39735 21.65000 299 0.00156 1.86349 g -1
1628 236.19677 22.55000 55974.40094 21.65000 299 0.00117 1.74876 g -1
762 253.59800 47.75000 55974.40452 21.65000 299 0.00096 1.91421 g -1
478 219.61711 4.55000 55974.40811 21.65000 299 0.00064 1.53189 g -1
1676 238.20700 29.75000 55974.41170 21.65000 299 0.00056 1.57944 g -1
532 236.05067 11.75000 55974.41529 21.65000 299 0.00040 1.78610 g -1
427 220.61000 -2.65000 55974.41888 21.65000 299 0.00027 1.63184 g -1
1577 227.31429 15.35000 55974.42246 21.65000 299 0.00026 1.40757 g -1
1578 234.32714 15.35000 55974.42605 21.65000 299 0.00024 1.53724 g -1
1721 246.63237 36.95000 55974.42964 21.65000 299 0.00018 1.55644 g -1
631 233.39943 26.15000 55974.43033 21.65000 299 0.01751 1.35624 r -1
632 240.88114 26.15000 55974.43392 21.65000 299 0.01231 1.48406 r -1
582 230.77318 18.95000 55974.43751 21.65000 299 0.00924 1.33024 r -1
531 229.07556 11.75000 55974.44110 21.65000 299 0.00588 1.36291 r -1
583 238.04173 18.95000 55974.44469 21.65000 299 0.00573 1.41729 r -1
679 243.29636 33.35000 55974.44827 21.65000 299 0.00516 1.36789 r -1
722 243.95089 40.55000 55974.45186 21.65000 299 0.00415 1.32764 r -1
678 235.44307 33.35000 55974.45545 21.65000 299 0.00211 1.21404 r -1
479 226.45889 4.55000 55974.45904 21.65000 299 0.00156 1.32628 r -1
1628 236.19677 22.55000 55974.46263 21.65000 299 0.00117 1.24493 r -1
761 243.82331 47.75000 55974.46621 21.65000 299 0.00109 1.25548 r -1
530 222.10044 11.75000 55974.46980 21.65000 299 0.00101 1.15794 r -1
762 253.59800 47.75000 55974.47339 21.65000 299 0.00096 1.34616 r -1
478 219.61711 4.55000 55974.47698 21.65000 299 0.00064 1.19801 r -1
1676 238.20700 29.75000 55974.48056 21.65000 299 0.00056 1.15694 r -1
581 223.50463 18.95000 55974.48415 21.65000 299 0.00046 1.08264 r -1
532 236.05067 11.75000 55974.48774 21.65000 299 0.00040 1.22621 r -1
427 220.61000 -2.65000 55974.49133 21.65000 299 0.00027 1.27549 r -1
1577 227.31429 15.35000 55974.49492 21.65000 299 0.00026 1.10428 r -1
1578 234.32714 15.35000 55974.49850 21.65000 299 0.00024 1.14242 r -1
630 225.91771 26.15000 55974.50209 21.65000 299 0.00022 1.03577 r -1
1721 246.63237 36.95000 55974.50568 21.65000 299 0.00018 1.13707 r -1
