779 71.12768 54.95000 55967.09908 21.65000 299 0.05932 1.09006 g -1
811 73.33333 62.15000 55967.10267 21.65000 299 0.02864 1.15649 g -1
778 60.11656 54.95000 55967.10626 21.65000 299 0.02644 1.07579 g -1
743 72.25385 47.75000 55967.10984 21.65000 299 0.02551 1.04208 g -1
780 82.05244 54.95000 55967.11343 21.65000 299 0.02462 1.10582 g -1
702 71.61980 40.55000 55967.11702 21.65000 299 0.02230 1.01278 g -1
657 70.62833 33.35000 55967.12061 21.65000 299 0.01694 1.00232 g -1
837 77.14286 69.35000 55967.12420 21.65000 299 0.01668 1.24317 g -1
742 62.43545 47.75000 55967.12778 21.65000 299 0.01424 1.03595 g -1
810 60.00000 62.15000 55967.13137 21.65000 299 0.01391 1.14891 g -1
836 60.00000 69.35000 55967.13496 21.65000 299 0.01276 1.24491 g -1
856 60.00000 76.55000 55967.13855 21.65000 299 0.01080 1.38084 g -1
812 86.66667 62.15000 55967.14214 21.65000 299 0.01010 1.15439 g -1
857 84.00000 76.55000 55967.14572 21.65000 299 0.00913 1.37664 g -1
744 81.85354 47.75000 55967.14931 21.65000 299 0.00761 1.03529 g -1
701 63.07173 40.55000 55967.15290 21.65000 299 0.00645 1.02906 g -1
703 80.23141 40.55000 55967.15649 21.65000 299 0.00635 1.00814 g -1
610 76.21760 26.15000 55967.16008 21.65000 299 0.00526 1.00978 g -1
870 60.00000 83.75000 55967.16366 21.65000 299 0.00510 1.58479 g -1
658 78.41211 33.35000 55967.16725 21.65000 299 0.00492 1.00204 g -1
838 94.28571 69.35000 55967.17084 21.65000 299 0.00395 1.24328 g -1
855 36.00000 76.55000 55967.17443 21.65000 299 0.00311 1.51256 g -1
869 20.00000 83.75000 55967.17802 21.65000 299 0.00276 1.71681 g -1
871 100.00000 83.75000 55967.18160 21.65000 299 0.00266 1.57372 g -1
609 68.69200 26.15000 55967.18519 21.65000 299 0.00213 1.05901 g -1
1781 72.46123 51.35000 55967.18878 21.65000 299 0.00190 1.08076 g -1
1815 78.98986 58.55000 55967.19237 21.65000 299 0.00182 1.11865 g -1
1814 66.98986 58.55000 55967.19596 21.65000 299 0.00180 1.16246 g -1
835 42.85714 69.35000 55967.19954 21.65000 299 0.00162 1.43358 g -1
858 108.00000 76.55000 55967.20313 21.65000 299 0.00140 1.37994 g -1
1780 61.84700 51.35000 55967.20672 21.65000 299 0.00109 1.16851 g -1
1742 72.03800 44.15000 55967.21031 21.65000 299 0.00104 1.08657 g -1
1700 70.92050 36.95000 55967.21389 21.65000 299 0.00098 1.09170 g -1
878 10.00000 88.00000 55967.21748 21.65000 299 0.00093 1.82084 g -1
1843 68.79756 65.75000 55967.22107 21.65000 299 0.00086 1.26937 g -1
781 92.97719 54.95000 55967.22466 21.65000 299 0.00077 1.08480 g -1
1844 83.87953 65.75000 55967.22825 21.65000 299 0.00062 1.21668 g -1
1866 72.43831 72.95000 55967.23183 21.65000 299 0.00060 1.37040 g -1
875 260.00000 83.75000 55967.31795 21.65000 299 0.00062 2.00765 g -1
779 71.12768 54.95000 55967.31864 21.65000 299 0.05932 1.55463 r -1
811 73.33333 62.15000 55967.32223 21.65000 299 0.02864 1.54066 r -1
778 60.11656 54.95000 55967.32582 21.65000 299 0.02644 1.87058 r -1
743 72.25385 47.75000 55967.32940 21.65000 299 0.02551 1.64495 r -1
780 82.05244 54.95000 55967.33299 21.65000 299 0.02462 1.45722 r -1
702 71.61980 40.55000 55967.33658 21.65000 299 0.02230 1.81595 r -1
837 77.14286 69.35000 55967.34017 21.65000 299 0.01668 1.59957 r -1
810 60.00000 62.15000 55967.34376 21.65000 299 0.01391 1.95871 r -1
836 60.00000 69.35000 55967.34734 21.65000 299 0.01276 1.89927 r -1
856 60.00000 76.55000 55967.35093 21.65000 299 0.01080 1.85662 r -1
812 86.66667 62.15000 55967.35452 21.65000 299 0.01010 1.51646 r -1
857 84.00000 76.55000 55967.35811 21.65000 299 0.00913 1.64126 r -1
744 81.85354 47.75000 55967.36170 21.65000 299 0.00761 1.69786 r -1
703 80.23141 40.55000 55967.36528 21.65000 299 0.00635 1.87930 r -1
870 60.00000 83.75000 55967.36887 21.65000 299 0.00510 1.85648 r -1
838 94.28571 69.35000 55967.37246 21.65000 299 0.00395 1.53649 r -1
871 100.00000 83.75000 55967.37605 21.65000 299 0.00266 1.67944 r -1
1815 78.98986 58.55000 55967.37964 21.65000 299 0.00182 1.84573 r -1
858 108.00000 76.55000 55967.38322 21.65000 299 0.00140 1.53106 r -1
878 10.00000 88.00000 55967.38681 21.65000 299 0.00093 1.90560 r -1
781 92.97719 54.95000 55967.39040 21.65000 299 0.00077 1.63466 r -1
1844 83.87953 65.75000 55967.39399 21.65000 299 0.00062 1.79502 r -1
875 260.00000 83.75000 55967.39758 21.65000 299 0.00062 1.84773 r -1
1866 72.43831 72.95000 55967.40116 21.65000 299 0.00060 1.97602 r -1
