614 106.21029 26.15000 55987.33363 21.65000 299 0.00229 1.52084 g -1
718 209.48363 40.55000 55987.33722 21.65000 299 0.00212 1.24711 g -1
717 200.86681 40.55000 55987.34080 21.65000 299 0.00206 1.14518 g -1
662 109.79050 33.35000 55987.34439 21.65000 299 0.00199 1.45842 g -1
757 204.72454 47.75000 55987.34798 21.65000 299 0.00175 1.16792 g -1
674 204.02993 33.35000 55987.35157 21.65000 299 0.00173 1.14387 g -1
675 211.88321 33.35000 55987.35516 21.65000 299 0.00168 1.21231 g -1
719 218.10044 40.55000 55987.35874 21.65000 299 0.00167 1.25758 g -1
758 214.49923 47.75000 55987.36233 21.65000 299 0.00161 1.20801 g -1
761 243.82331 47.75000 55987.36592 21.65000 299 0.00139 1.65643 g -1
676 219.73650 33.35000 55987.36951 21.65000 299 0.00136 1.24564 g -1
673 196.17664 33.35000 55987.37310 21.65000 299 0.00130 1.04089 g -1
716 192.25000 40.55000 55987.37668 21.65000 299 0.00129 1.02757 g -1
759 224.27392 47.75000 55987.38027 21.65000 299 0.00126 1.24109 g -1
783 114.82671 54.95000 55987.38386 21.65000 299 0.00126 1.54658 g -1
814 113.33333 62.15000 55987.38745 21.65000 299 0.00124 1.59063 g -1
756 194.94985 47.75000 55987.39103 21.65000 299 0.00123 1.04446 g -1
760 234.04862 47.75000 55987.39462 21.65000 299 0.00119 1.29397 g -1
720 226.71726 40.55000 55987.39821 21.65000 299 0.00117 1.19297 g -1
793 224.50609 54.95000 55987.40180 21.65000 299 0.00110 1.20144 g -1
707 114.69867 40.55000 55987.40539 21.65000 299 0.00109 1.86971 g -1
839 111.42857 69.35000 55987.40897 21.65000 299 0.00109 1.73992 g -1
677 227.58979 33.35000 55987.41256 21.65000 299 0.00102 1.15820 g -1
628 210.95429 26.15000 55987.41615 21.65000 299 0.00099 1.04928 g -1
847 248.57143 69.35000 55987.41974 21.65000 299 0.00098 1.46016 g -1
792 213.41224 54.95000 55987.42333 21.65000 299 0.00097 1.10408 g -1
629 218.43600 26.15000 55987.42691 21.65000 299 0.00091 1.06757 g -1
627 203.47257 26.15000 55987.43050 21.65000 299 0.00089 1.01214 g -1
794 235.60357 54.95000 55987.43409 21.65000 299 0.00084 1.19735 g -1
858 108.00000 76.55000 55987.43768 21.65000 299 0.00084 1.89275 g -1
721 235.33407 40.55000 55987.44127 21.65000 299 0.00080 1.13024 g -1
630 225.91771 26.15000 55987.44485 21.65000 299 0.00078 1.07334 g -1
859 132.00000 76.55000 55987.44844 21.65000 299 0.00077 1.67935 g -1
678 235.44307 33.35000 55987.45203 21.65000 299 0.00075 1.10357 g -1
864 252.00000 76.55000 55987.45562 21.65000 299 0.00067 1.48772 g -1
631 233.39943 26.15000 55987.45921 21.65000 299 0.00065 1.08775 g -1
791 202.40112 54.95000 55987.46279 21.65000 299 0.00065 1.07897 g -1
863 228.00000 76.55000 55987.46638 21.65000 299 0.00065 1.38719 g -1
872 140.00000 83.75000 55987.46997 21.65000 299 0.00062 1.73673 g -1
672 188.32336 33.35000 55987.47356 21.65000 299 0.00060 1.06885 g -1
840 128.57143 69.35000 55987.47715 21.65000 299 0.00059 1.86378 g -1
626 195.99086 26.15000 55987.48073 21.65000 299 0.00059 1.05495 g -1
581 223.50463 18.95000 55987.48432 21.65000 299 0.00051 1.03813 g -1
755 185.52515 47.75000 55987.48791 21.65000 299 0.00049 1.13719 g -1
580 216.23608 18.95000 55987.49150 21.65000 299 0.00049 1.03420 g -1
795 246.70105 54.95000 55987.49509 21.65000 299 0.00047 1.13317 g -1
582 230.77318 18.95000 55987.49867 21.65000 299 0.00047 1.04217 g -1
715 183.63319 40.55000 55987.50226 21.65000 299 0.00046 1.18384 g -1
722 243.95089 40.55000 55987.50585 21.65000 299 0.00045 1.04473 g -1
875 260.00000 83.75000 55987.50944 21.65000 299 0.00044 1.60571 g -1
874 220.00000 83.75000 55987.51303 21.65000 299 0.00044 1.56876 g -1
579 208.96753 18.95000 55987.51661 21.65000 299 0.00043 1.08461 g -1
862 204.00000 76.55000 55987.52020 21.65000 299 0.00040 1.40847 g -1
873 180.00000 83.75000 55987.52379 21.65000 299 0.00040 1.65533 g -1
824 246.66667 62.15000 55987.52738 21.65000 299 0.00031 1.15601 g -1
578 201.71129 18.95000 55987.53097 21.65000 299 0.00031 1.18044 g -1
846 231.42857 69.35000 55987.53455 21.65000 299 0.00030 1.23623 g -1
625 188.50914 26.15000 55987.53814 21.65000 299 0.00027 1.34335 g -1
861 180.00000 76.55000 55987.54173 21.65000 299 0.00026 1.56514 g -1
530 222.10044 11.75000 55987.54532 21.65000 299 0.00026 1.11867 g -1
848 265.71429 69.35000 55987.54891 21.65000 299 0.00025 1.28019 g -1
860 156.00000 76.55000 55987.55249 21.65000 299 0.00024 1.81818 g -1
747 110.12762 47.75000 55988.11095 21.65000 299 0.00105 1.10192 g -1
706 106.08185 40.55000 55988.11454 21.65000 299 0.00085 1.05547 g -1
661 101.93721 33.35000 55988.11812 21.65000 299 0.00065 1.02844 g -1
748 119.55231 47.75000 55988.12171 21.65000 299 0.00058 1.13558 g -1
871 100.00000 83.75000 55988.12530 21.65000 299 0.00045 1.57343 g -1
815 126.66667 62.15000 55988.12889 21.65000 299 0.00042 1.25369 g -1
615 113.69200 26.15000 55988.13248 21.65000 299 0.00034 1.07098 g -1
565 109.79245 18.95000 55988.13606 21.65000 299 0.00033 1.07329 g -1
663 117.64379 33.35000 55988.13965 21.65000 299 0.00030 1.06487 g -1
782 103.90195 54.95000 55988.14324 21.65000 299 0.00027 1.08245 g -1
784 125.75146 54.95000 55988.14683 21.65000 299 0.00020 1.15327 g -1
870 60.00000 83.75000 55988.15042 21.65000 299 0.00020 1.61583 g -1
857 84.00000 76.55000 55988.15400 21.65000 299 0.00016 1.38357 g -1
813 100.00000 62.15000 55988.15759 21.65000 299 0.00016 1.14097 g -1
705 97.46504 40.55000 55988.16118 21.65000 299 0.00015 1.00935 g -1
879 170.00000 88.00000 55988.16477 21.65000 299 0.00014 1.78292 g -1
514 106.74867 11.75000 55988.16836 21.65000 299 0.00014 1.07689 g -1
746 100.70292 47.75000 55988.17194 21.65000 299 0.00012 1.03416 g -1
790 191.39000 54.95000 55988.17553 21.65000 299 0.00022 2.02896 g -1
671 180.47007 33.35000 55988.17912 21.65000 299 0.00017 1.96119 g -1
1659 107.99550 29.75000 55988.18271 21.65000 299 0.00012 1.00214 g -1
838 94.28571 69.35000 55988.18630 21.65000 299 0.00012 1.25347 g -1
754 176.10046 47.75000 55988.18988 21.65000 299 0.00011 1.53967 g -1
841 145.71429 69.42000 55988.19347 21.65000 299 0.00011 1.31244 g -1
714 175.01637 40.55000 55988.19706 21.65000 299 0.00011 1.49796 g -1
708 123.31548 40.55000 55988.20065 21.65000 299 0.00010 1.01382 g -1
624 181.02743 26.15000 55988.20423 21.65000 299 0.00008 1.75781 g -1
821 206.66667 62.15000 55988.20782 21.65000 299 0.00010 2.01382 g -1
878 10.00000 88.00000 55988.21141 21.65000 299 0.00008 1.85092 g -1
845 214.28571 69.35000 55988.21500 21.65000 299 0.00011 2.01325 g -1
1756 201.49708 44.15000 55988.21859 21.65000 299 0.00009 2.02921 g -1
576 187.38957 18.95000 55988.22217 21.65000 299 0.00008 1.90830 g -1
869 20.00000 83.75000 55988.22576 21.65000 299 0.00007 1.90776 g -1
1715 196.43326 36.95000 55988.22935 21.65000 299 0.00007 1.80718 g -1
842 162.85714 69.35000 55988.23294 21.65000 299 0.00007 1.32569 g -1
577 194.55043 18.95000 55988.23653 21.65000 299 0.00018 2.00271 g -1
1716 204.79978 36.95000 55988.24011 21.65000 299 0.00010 1.98579 g -1
822 220.00000 62.15000 55988.24370 21.65000 299 0.00016 2.02352 g -1
1757 210.74415 44.15000 55988.24729 21.65000 299 0.00009 1.98261 g -1
1895 240.00000 88.50000 55988.25088 21.65000 299 0.00006 1.83758 g -1
1672 207.56900 29.75000 55988.25447 21.65000 299 0.00007 2.04040 g -1
1818 115.06828 58.55000 55988.25805 21.65000 299 0.00006 1.14189 g -1
1717 213.16630 36.95000 55988.26164 21.65000 299 0.00008 2.01218 g -1
527 201.02511 11.75000 55988.26523 21.65000 299 0.00009 2.02485 g -1
1758 219.99123 44.15000 55988.26882 21.65000 299 0.00007 2.04354 g -1
1794 207.89836 51.35000 55988.27241 21.65000 299 0.00006 1.56627 g -1
1673 215.22850 29.75000 55988.27599 21.65000 299 0.00006 2.03442 g -1
823 233.33333 62.15000 55988.27958 21.65000 299 0.00021 2.03337 g -1
528 208.15022 11.75000 55988.28317 21.65000 299 0.00015 2.05886 g -1
1796 228.76284 51.35000 55988.28676 21.65000 299 0.00006 1.99364 g -1
1718 221.53281 36.95000 55988.29035 21.65000 299 0.00006 1.92493 g -1
1846 113.87953 65.75000 55988.29393 21.65000 299 0.00006 1.27925 g -1
1755 192.06898 44.15000 55988.29752 21.65000 299 0.00006 1.20204 g -1
1671 199.90950 29.75000 55988.30111 21.65000 299 0.00006 1.32023 g -1
529 215.12533 11.75000 55988.30470 21.65000 299 0.00020 2.01680 g -1
1795 218.33060 51.35000 55988.30829 21.65000 299 0.00006 1.51648 g -1
477 212.77533 4.55000 55988.31187 21.65000 299 0.00007 2.01541 g -1
1797 239.19508 51.35000 55988.31546 21.65000 299 0.00006 1.99562 g -1
1705 112.76807 36.95000 55988.31905 21.65000 299 0.00005 1.25277 g -1
1785 114.00820 51.35000 55988.32264 21.65000 299 0.00005 1.25805 g -1
1674 222.88800 29.75000 55988.32623 21.65000 299 0.00005 1.62944 g -1
478 219.61711 4.55000 55988.32981 21.65000 299 0.00011 2.03349 g -1
616 121.17371 26.15000 55988.33340 21.65000 299 0.00005 1.25522 g -1
