826 273.33333 62.15000 55857.22836 21.65000 299 0.03635 1.88024 g -1
849 282.85714 69.35000 55857.23194 21.65000 299 0.02450 1.69414 g -1
850 300.00000 69.35000 55857.23553 21.65000 299 0.01862 1.50356 g -1
827 286.66667 62.15000 55857.23912 21.65000 299 0.01463 1.68100 g -1
851 317.14286 69.35000 55857.24271 21.65000 299 0.00959 1.38164 g -1
828 300.00000 62.15000 55857.24630 21.65000 299 0.00427 1.50865 g -1
852 334.28571 69.35000 55857.24988 21.65000 299 0.00414 1.30043 g -1
866 300.00000 76.55000 55857.25347 21.65000 299 0.00271 1.62790 g -1
404 57.93750 -2.65000 55857.25706 21.65000 299 0.00464 2.00428 g -1
403 50.90865 -2.65000 55857.26065 21.65000 299 0.00262 1.70218 g -1
352 54.54511 -9.85000 55857.26424 21.65000 299 0.00325 2.05249 g -1
454 54.31528 4.55000 55857.26782 21.65000 299 0.00242 1.54566 g -1
867 324.00000 76.55000 55857.27141 21.65000 299 0.00190 1.50630 g -1
829 313.33333 62.15000 55857.27500 21.65000 299 0.00178 1.46904 g -1
453 47.30440 4.55000 55857.27859 21.65000 299 0.00175 1.34284 g -1
830 326.66667 62.15000 55857.28217 21.65000 299 0.00127 1.35074 g -1
353 61.59430 -9.85000 55857.28576 21.65000 299 0.00815 2.02246 g -1
853 351.42857 69.35000 55857.28935 21.65000 299 0.00120 1.28839 g -1
1858 293.87953 65.75000 55857.29294 21.65000 299 0.00105 1.90461 g -1
506 50.66337 11.75000 55857.29653 21.65000 299 0.00105 1.21451 g -1
831 340.00000 62.15000 55857.30011 21.65000 299 0.00102 1.29221 g -1
302 58.28254 -17.05000 55857.30370 21.65000 299 0.00344 2.01347 g -1
354 68.64348 -9.85000 55857.30729 21.65000 299 0.00124 1.99370 g -1
505 43.67912 11.75000 55857.31088 21.65000 299 0.00094 1.12040 g -1
405 64.96635 -2.65000 55857.31447 21.65000 299 0.00076 1.56815 g -1
832 353.33333 62.15000 55857.31805 21.65000 299 0.00058 1.24490 g -1
303 65.36446 -17.05000 55857.32164 21.65000 299 0.01307 2.03357 g -1
455 61.32616 4.55000 55857.32523 21.65000 299 0.00049 1.30578 g -1
1859 308.79758 65.75000 55857.32882 21.65000 299 0.00049 1.86242 g -1
1345 60.81050 -13.45000 55857.33241 21.65000 299 0.00046 1.67254 g -1
1295 62.88250 -20.65000 55857.33599 21.65000 299 0.00044 2.00140 g -1
1397 57.15007 -6.25000 55857.33958 21.65000 299 0.00041 1.39238 g -1
304 72.44639 -17.05000 55857.34317 21.65000 299 0.00219 2.01147 g -1
556 44.87418 18.95000 55857.34676 21.65000 299 0.00037 1.03638 g -1
1878 312.43831 72.95000 55857.35035 21.65000 299 0.00037 1.87500 g -1
1296 70.11571 -20.65000 55857.35393 21.65000 299 0.00059 2.02133 g -1
253 60.30496 -24.25000 55857.35752 21.65000 299 0.00047 1.99090 g -1
254 67.69804 -24.25000 55857.37546 21.65000 299 0.00868 2.00605 g -1
255 75.09111 -24.25000 55857.39340 21.65000 299 0.00371 2.02223 g -1
848 265.71429 69.35000 55858.08362 21.65000 299 0.00721 1.34919 g -1
1857 278.87953 65.75000 55858.08720 21.65000 299 0.00195 1.24269 g -1
797 268.89602 54.95000 55858.09079 21.65000 299 0.00117 1.21531 g -1
865 276.00000 76.55000 55858.09438 21.65000 299 0.00082 1.43503 g -1
825 260.00000 62.15000 55858.09797 21.65000 299 0.00066 1.36200 g -1
798 279.99351 54.95000 55858.10156 21.65000 299 0.00059 1.16585 g -1
1856 263.87953 65.75000 55858.10514 21.65000 299 0.00058 1.37893 g -1
1831 270.98986 58.55000 55858.10873 21.65000 299 0.00055 1.27285 g -1
1877 292.43831 72.95000 55858.11232 21.65000 299 0.00043 1.33295 g -1
826 273.33333 62.15000 55858.11301 21.65000 299 0.03635 1.29332 r -1
849 282.85714 69.35000 55858.11660 21.65000 299 0.02450 1.32054 r -1
850 300.00000 69.35000 55858.12019 21.65000 299 0.01862 1.26047 r -1
827 286.66667 62.15000 55858.12378 21.65000 299 0.01463 1.23061 r -1
851 317.14286 69.35000 55858.12737 21.65000 299 0.00959 1.23792 r -1
848 265.71429 69.35000 55858.13095 21.65000 299 0.00721 1.47951 r -1
828 300.00000 62.15000 55858.13454 21.65000 299 0.00427 1.18606 r -1
852 334.28571 69.35000 55858.13813 21.65000 299 0.00414 1.24297 r -1
866 300.00000 76.55000 55858.14172 21.65000 299 0.00271 1.41181 r -1
1857 278.87953 65.75000 55858.14531 21.65000 299 0.00195 1.37476 r -1
867 324.00000 76.55000 55858.14889 21.65000 299 0.00190 1.37437 r -1
829 313.33333 62.15000 55858.15248 21.65000 299 0.00178 1.16383 r -1
830 326.66667 62.15000 55858.15607 21.65000 299 0.00127 1.14352 r -1
853 351.42857 69.35000 55858.15966 21.65000 299 0.00120 1.26139 r -1
797 268.89602 54.95000 55858.16325 21.65000 299 0.00117 1.53472 r -1
1858 293.87953 65.75000 55858.16683 21.65000 299 0.00105 1.31927 r -1
831 340.00000 62.15000 55858.17042 21.65000 299 0.00102 1.14273 r -1
865 276.00000 76.55000 55858.17401 21.65000 299 0.00082 1.59872 r -1
825 260.00000 62.15000 55858.17760 21.65000 299 0.00066 1.78972 r -1
798 279.99351 54.95000 55858.18119 21.65000 299 0.00059 1.45768 r -1
505 43.67912 11.75000 55858.18477 21.65000 299 0.00094 2.01296 r -1
1856 263.87953 65.75000 55858.18836 21.65000 299 0.00058 1.76997 r -1
832 353.33333 62.15000 55858.19195 21.65000 299 0.00058 1.14815 r -1
1831 270.98986 58.55000 55858.19554 21.65000 299 0.00055 1.71307 r -1
1859 308.79758 65.75000 55858.19913 21.65000 299 0.00049 1.29787 r -1
506 50.66337 11.75000 55858.20271 21.65000 299 0.00105 2.03956 r -1
453 47.30440 4.55000 55858.20630 21.65000 299 0.00175 2.05077 r -1
1877 292.43831 72.95000 55858.20989 21.65000 299 0.00043 1.53080 r -1
556 44.87418 18.95000 55858.21348 21.65000 299 0.00037 1.52328 r -1
1878 312.43831 72.95000 55858.21706 21.65000 299 0.00037 1.40884 r -1
