484 260.66778 4.55000 56156.14589 21.65000 299 0.00214 1.14140 g -1
586 259.84737 18.95000 56156.14947 21.65000 299 0.00187 1.03357 g -1
336 297.88975 -17.05000 56156.15306 21.65000 299 0.00168 1.99223 g -1
536 263.95111 11.75000 56156.15665 21.65000 299 0.00165 1.07587 g -1
433 263.15000 -2.65000 56156.16024 21.65000 299 0.00162 1.23855 g -1
388 308.80733 -9.85000 56156.16382 21.65000 299 0.00154 1.89329 g -1
387 301.75815 -9.85000 56156.16741 21.65000 299 0.00148 1.66730 g -1
337 304.97168 -17.05000 56156.17100 21.65000 299 0.00169 2.01082 g -1
389 315.85652 -9.85000 56156.17459 21.65000 299 0.00156 2.00983 g -1
386 294.70896 -9.85000 56156.17818 21.65000 299 0.00147 1.48991 g -1
384 280.61059 -9.85000 56156.18176 21.65000 299 0.00140 1.38090 g -1
435 277.33000 -2.65000 56156.18535 21.65000 299 0.00139 1.23653 g -1
338 312.05361 -17.05000 56156.18894 21.65000 299 0.00181 2.03010 g -1
390 322.90570 -9.85000 56156.19253 21.65000 299 0.00155 2.03305 g -1
333 276.64396 -17.05000 56156.19612 21.65000 299 0.00133 1.57116 g -1
335 290.80782 -17.05000 56156.19970 21.65000 299 0.00128 1.59849 g -1
438 298.44712 -2.65000 56156.20329 21.65000 299 0.00126 1.28914 g -1
286 302.01582 -24.25000 56156.20688 21.65000 299 0.00159 2.01429 g -1
339 319.13554 -17.05000 56156.21047 21.65000 299 0.00191 2.00737 g -1
391 329.95489 -9.85000 56156.21406 21.65000 299 0.00149 2.00326 g -1
635 263.32629 26.15000 56156.21764 21.65000 299 0.00126 1.07856 g -1
437 291.41827 -2.65000 56156.22123 21.65000 299 0.00122 1.23725 g -1
439 305.47596 -2.65000 56156.22482 21.65000 299 0.00122 1.28410 g -1
340 326.21746 -17.05000 56156.22841 21.65000 299 0.00194 2.02660 g -1
287 309.40889 -24.25000 56156.23200 21.65000 299 0.00169 1.98661 g -1
392 337.00407 -9.85000 56156.23558 21.65000 299 0.00138 1.97474 g -1
440 312.50481 -2.65000 56156.23917 21.65000 299 0.00121 1.29671 g -1
681 259.00293 33.35000 56156.24276 21.65000 299 0.00119 1.16771 g -1
288 316.80196 -24.25000 56156.24635 21.65000 299 0.00176 2.02279 g -1
341 333.29939 -17.05000 56156.24994 21.65000 299 0.00188 2.00407 g -1
393 344.05326 -9.85000 56156.25352 21.65000 299 0.00120 1.99690 g -1
385 287.65978 -9.85000 56156.25711 21.65000 299 0.00118 1.41818 g -1
441 319.53365 -2.65000 56156.26070 21.65000 299 0.00117 1.29130 g -1
863 228.00000 76.55000 56156.26429 21.65000 299 0.00115 1.72249 g -1
342 340.38132 -17.05000 56156.26788 21.65000 299 0.00154 2.02328 g -1
289 324.19504 -24.25000 56156.27146 21.65000 299 0.00151 1.99417 g -1
442 326.56250 -2.65000 56156.27505 21.65000 299 0.00111 1.30492 g -1
334 283.72589 -17.05000 56156.27864 21.65000 299 0.00110 1.78793 g -1
486 274.35133 4.55000 56156.28223 21.65000 299 0.00109 1.39877 g -1
489 295.13032 4.55000 56156.28582 21.65000 299 0.00107 1.18902 g -1
383 273.55117 -9.85000 56156.28940 21.65000 299 0.00107 1.85309 g -1
436 284.38942 -2.65000 56156.29299 21.65000 299 0.00104 1.43570 g -1
485 267.50956 4.55000 56156.29658 21.65000 299 0.00101 1.67367 g -1
443 333.59135 -2.65000 56156.30017 21.65000 299 0.00101 1.28982 g -1
434 270.24000 -2.65000 56156.30376 21.65000 299 0.00100 1.88234 g -1
847 248.57143 69.35000 56156.30734 21.65000 299 0.00099 1.64207 g -1
487 281.19311 4.55000 56156.31093 21.65000 299 0.00098 1.46310 g -1
488 288.11944 4.55000 56156.31452 21.65000 299 0.00098 1.36469 g -1
490 302.14120 4.55000 56156.31811 21.65000 299 0.00093 1.22101 g -1
491 309.15208 4.55000 56156.32170 21.65000 299 0.00089 1.18272 g -1
290 331.58811 -24.25000 56156.32528 21.65000 299 0.00088 1.87520 g -1
538 277.90133 11.75000 56156.32887 21.65000 299 0.00087 1.55680 g -1
394 351.10244 -9.85000 56156.33246 21.65000 299 0.00087 1.49712 g -1
444 340.62019 -2.65000 56156.33605 21.65000 299 0.00087 1.25705 g -1
492 316.16296 4.55000 56156.33964 21.65000 299 0.00085 1.17975 g -1
874 220.00000 83.75000 56156.34322 21.65000 299 0.00085 1.95852 g -1
493 323.17384 4.55000 56156.34681 21.65000 299 0.00080 1.15995 g -1
540 291.93112 11.75000 56156.35040 21.65000 299 0.00072 1.41405 g -1
494 330.18472 4.55000 56156.35399 21.65000 299 0.00072 1.14719 g -1
539 284.87644 11.75000 56156.35757 21.65000 299 0.00070 1.65366 g -1
445 347.64904 -2.65000 56156.36116 21.65000 299 0.00069 1.24928 g -1
541 298.91537 11.75000 56156.36475 21.65000 299 0.00066 1.38005 g -1
864 252.00000 76.55000 56156.36834 21.65000 299 0.00063 1.87004 g -1
495 337.19560 4.55000 56156.37193 21.65000 299 0.00061 1.14606 g -1
542 305.89962 11.75000 56156.37551 21.65000 299 0.00058 1.32790 g -1
543 312.88387 11.75000 56156.37910 21.65000 299 0.00053 1.24949 g -1
544 319.86812 11.75000 56156.38269 21.65000 299 0.00050 1.18935 g -1
446 354.67788 -2.65000 56156.38628 21.65000 299 0.00049 1.24323 g -1
343 347.46325 -17.05000 56156.38987 21.65000 299 0.00048 1.56782 g -1
496 344.20648 4.55000 56156.39345 21.65000 299 0.00048 1.14760 g -1
545 326.85237 11.75000 56156.39704 21.65000 299 0.00045 1.17347 g -1
546 333.83662 11.75000 56156.40063 21.65000 299 0.00039 1.13237 g -1
590 288.92157 18.95000 56156.40422 21.65000 299 0.00038 1.98783 g -1
591 296.12691 18.95000 56156.40781 21.65000 299 0.00037 1.73740 g -1
497 351.21736 4.55000 56156.41139 21.65000 299 0.00034 1.14646 g -1
547 340.82087 11.75000 56156.41498 21.65000 299 0.00031 1.12189 g -1
592 303.37673 18.95000 56156.41857 21.65000 299 0.00031 1.62591 g -1
593 310.62655 18.95000 56156.42216 21.65000 299 0.00029 1.46829 g -1
594 317.87636 18.95000 56156.42575 21.65000 299 0.00027 1.34833 g -1
595 325.12618 18.95000 56156.42933 21.65000 299 0.00026 1.25602 g -1
548 347.80512 11.75000 56156.43292 21.65000 299 0.00023 1.11913 g -1
596 332.37600 18.95000 56156.43651 21.65000 299 0.00023 1.19875 g -1
498 358.22824 4.55000 56156.44010 21.65000 299 0.00022 1.15510 g -1
854 12.00000 76.55000 56156.44369 21.65000 299 0.00021 1.37372 g -1
396 1.70673 -2.65000 56156.44727 21.65000 299 0.00019 1.24914 g -1
597 339.62582 18.95000 56156.45086 21.65000 299 0.00019 1.17683 g -1
834 25.71429 69.35000 56156.45445 21.65000 299 0.00018 1.24856 g -1
549 354.78937 11.75000 56156.45804 21.65000 299 0.00015 1.13089 g -1
598 346.87564 18.95000 56156.46163 21.65000 299 0.00014 1.14536 g -1
395 358.15163 -9.85000 56156.46521 21.65000 299 0.00013 1.45535 g -1
869 20.00000 83.75000 56156.46880 21.65000 299 0.00013 1.57087 g -1
872 140.00000 83.75000 56156.47239 21.65000 299 0.00015 2.00343 g -1
855 36.00000 76.55000 56156.47598 21.65000 299 0.00012 1.38645 g -1
643 323.33360 26.15000 56156.47957 21.65000 299 0.00012 1.57757 g -1
642 315.80800 26.15000 56156.48315 21.65000 299 0.00011 1.88269 g -1
644 330.85920 26.15000 56156.48674 21.65000 299 0.00011 1.45455 g -1
877 340.00000 83.75000 56156.49033 21.65000 299 0.00011 1.64141 g -1
447 5.23912 4.55000 56156.49392 21.65000 299 0.00011 1.22351 g -1
645 338.38480 26.15000 56156.49751 21.65000 299 0.00010 1.37940 g -1
835 42.85714 69.35000 56156.50109 21.65000 299 0.00010 1.24900 g -1
599 354.12545 18.95000 56156.50468 21.65000 299 0.00009 1.23230 g -1
868 348.00000 76.55000 56156.50827 21.65000 299 0.00009 1.48511 g -1
