547 340.82087 11.75000 56094.36370 21.65000 299 0.00083 2.00893 g -1
598 346.87564 18.95000 56094.36728 21.65000 299 0.00268 2.03190 g -1
495 337.19560 4.55000 56094.37087 21.65000 299 0.00075 1.94680 g -1
647 353.43600 26.15000 56094.37446 21.65000 299 0.00632 2.03439 g -1
443 333.59135 -2.65000 56094.37805 21.65000 299 0.00062 1.93336 g -1
548 347.80512 11.75000 56094.38164 21.65000 299 0.01576 2.03513 g -1
496 344.20648 4.55000 56094.38522 21.65000 299 0.01278 2.03463 g -1
599 354.12545 18.95000 56094.38881 21.65000 299 0.02629 2.00515 g -1
648 0.57433 33.35000 56094.39240 21.65000 299 0.01104 1.89938 g -1
600 0.96160 26.15000 56094.39599 21.65000 299 0.03149 2.02211 g -1
549 354.78937 11.75000 56094.39958 21.65000 299 0.01604 2.06218 g -1
497 351.21736 4.55000 56094.40316 21.65000 299 0.01146 2.06216 g -1
649 8.35811 33.35000 56094.40675 21.65000 299 0.03169 2.01532 g -1
695 11.90000 40.40000 56094.41034 21.65000 299 0.02165 1.96470 g -1
550 1.37527 18.95000 56094.41393 21.65000 299 0.01077 1.91784 g -1
444 340.62019 -2.65000 56094.41752 21.65000 299 0.00900 1.68722 g -1
445 347.64904 -2.65000 56094.42110 21.65000 299 0.00822 1.87418 g -1
738 22.28709 47.75000 56094.42469 21.65000 299 0.01454 2.03430 g -1
696 20.38973 40.55000 56094.42828 21.65000 299 0.02581 2.04955 g -1
650 16.14189 33.35000 56094.43187 21.65000 299 0.00788 1.95668 g -1
601 8.48720 26.15000 56094.43546 21.65000 299 0.00689 1.73802 g -1
393 344.05326 -9.85000 56094.43904 21.65000 299 0.00571 1.79913 g -1
392 337.00407 -9.85000 56094.44263 21.65000 299 0.00525 1.60685 g -1
342 340.38132 -17.05000 56094.44622 21.65000 299 0.00336 1.92578 g -1
341 333.29939 -17.05000 56094.44981 21.65000 299 0.00242 1.74500 g -1
739 32.32418 47.75000 56094.45340 21.65000 299 0.02136 2.02192 g -1
697 28.87947 40.55000 56094.45698 21.65000 299 0.00704 1.96844 g -1
694 3.46860 40.55000 56094.46057 21.65000 299 0.00224 1.30026 g -1
776 38.72562 54.95000 56094.46416 21.65000 299 0.00198 1.98461 g -1
737 12.25000 47.75000 56094.46775 21.65000 299 0.00165 1.38338 g -1
775 28.13537 54.95000 56094.47134 21.65000 299 0.00160 1.63627 g -1
1737 26.04723 44.15000 56094.47492 21.65000 299 0.00158 1.61981 g -1
1595 354.46304 15.35000 56094.47851 21.65000 299 0.00127 1.22996 g -1
