599 354.12545 18.95000 55833.10481 21.65000 299 0.00667 1.99353 g -1
648 0.57433 33.35000 55833.10840 21.65000 299 0.00590 1.88986 g -1
600 0.96160 26.15000 55833.11199 21.65000 299 0.00654 2.01058 g -1
737 12.25000 47.75000 55833.11557 21.65000 299 0.00545 1.98695 g -1
548 347.80512 11.75000 55833.11916 21.65000 299 0.00499 1.69909 g -1
649 8.35811 33.35000 55833.12275 21.65000 299 0.00746 2.00449 g -1
695 11.90000 40.40000 55833.12634 21.65000 299 0.00562 1.95524 g -1
601 8.48720 26.15000 55833.12993 21.65000 299 0.00585 2.06461 g -1
550 1.37527 18.95000 55833.13351 21.65000 299 0.00526 1.85102 g -1
499 1.77362 11.75000 55833.13710 21.65000 299 0.00746 2.00897 g -1
498 358.22824 4.55000 55833.14069 21.65000 299 0.00596 2.01178 g -1
551 8.62509 18.95000 55833.14428 21.65000 299 0.00809 2.00657 g -1
696 20.38973 40.55000 55833.14787 21.65000 299 0.00661 1.98268 g -1
602 16.01280 26.15000 55833.15145 21.65000 299 0.00757 2.05201 g -1
738 22.28709 47.75000 55833.15504 21.65000 299 0.00576 1.84004 g -1
650 16.14189 33.35000 55833.15863 21.65000 299 0.00569 1.79123 g -1
552 15.87491 18.95000 55833.16222 21.65000 299 0.00590 2.04696 g -1
651 23.92567 33.35000 55833.16581 21.65000 299 0.00592 2.00633 g -1
697 28.87947 40.55000 55833.16939 21.65000 299 0.00578 2.01404 g -1
603 23.53840 26.15000 55833.17298 21.65000 299 0.00619 2.03960 g -1
739 32.32418 47.75000 55833.17657 21.65000 299 0.00573 1.91676 g -1
694 3.46860 40.55000 55833.18016 21.65000 299 0.00490 1.27915 g -1
500 8.75787 11.75000 55833.18375 21.65000 299 0.00485 1.62477 g -1
652 31.70944 33.35000 55833.18733 21.65000 299 0.00532 2.00726 g -1
647 353.43600 26.15000 55833.19092 21.65000 299 0.00481 1.15844 g -1
604 31.06400 26.15000 55833.19451 21.65000 299 0.00494 2.02737 g -1
740 42.36127 47.75000 55833.19810 21.65000 299 0.00504 2.00088 g -1
773 6.95487 54.95000 55833.20169 21.65000 299 0.00477 1.25586 g -1
698 37.42753 40.55000 55833.20527 21.65000 299 0.00472 1.83985 g -1
775 28.13537 54.95000 55833.20886 21.65000 299 0.00457 1.48730 g -1
774 17.54512 54.95000 55833.21245 21.65000 299 0.00455 1.32430 g -1
699 45.97560 40.55000 55833.21604 21.65000 299 0.00464 2.02627 g -1
653 39.49322 33.35000 55833.21963 21.65000 299 0.00450 1.84205 g -1
396 1.70673 -2.65000 55833.22321 21.65000 299 0.00442 1.44424 g -1
736 2.21291 47.75000 55833.22680 21.65000 299 0.00436 1.11936 g -1
776 38.72562 54.95000 55833.23039 21.65000 299 0.00427 1.53585 g -1
555 37.62436 18.95000 55833.23398 21.65000 299 0.00417 1.85122 g -1
553 23.12473 18.95000 55833.23757 21.65000 299 0.00416 1.39311 g -1
700 54.52367 40.55000 55833.24115 21.65000 299 0.00484 2.00391 g -1
554 30.37455 18.95000 55833.24474 21.65000 299 0.00403 1.49459 g -1
447 5.23912 4.55000 55833.24833 21.65000 299 0.00397 1.25385 g -1
741 52.39836 47.75000 55833.25192 21.65000 299 0.00396 1.69854 g -1
445 347.64904 -2.65000 55833.25551 21.65000 299 0.00390 1.24002 g -1
833 8.57143 69.35000 55833.25909 21.65000 299 0.00390 1.27952 g -1
772 352.17582 47.75000 55833.26268 21.65000 299 0.00388 1.03715 g -1
693 352.79056 33.35000 55833.26627 21.65000 299 0.00386 1.00420 g -1
803 335.18412 54.95000 55833.26986 21.65000 299 0.00380 1.08960 g -1
831 340.00000 62.15000 55833.27344 21.65000 299 0.00375 1.14829 g -1
395 358.15163 -9.85000 55833.27703 21.65000 299 0.00373 1.38469 g -1
497 351.21736 4.55000 55833.28062 21.65000 299 0.00371 1.14051 g -1
502 22.72637 11.75000 55833.28421 21.65000 299 0.00370 1.21596 g -1
734 346.60580 40.55000 55833.28780 21.65000 299 0.00354 1.01391 g -1
503 29.71062 11.75000 55833.29138 21.65000 299 0.00354 1.26712 g -1
807 20.00000 62.15000 55833.29497 21.65000 299 0.00354 1.18428 g -1
735 355.03720 40.55000 55833.29856 21.65000 299 0.00349 1.00905 g -1
646 345.91040 26.15000 55833.30215 21.65000 299 0.00349 1.02947 g -1
549 354.78937 11.75000 55833.30574 21.65000 299 0.00348 1.08020 g -1
808 33.33333 62.15000 55833.30932 21.65000 299 0.00344 1.22100 g -1
656 62.84456 33.35000 55833.31291 21.65000 299 0.00341 1.52412 g -1
556 44.87418 18.95000 55833.31650 21.65000 299 0.00339 1.27914 g -1
806 6.66667 62.15000 55833.32009 21.65000 299 0.00338 1.14187 g -1
777 49.31587 54.95000 55833.32368 21.65000 299 0.00325 1.24136 g -1
449 19.26088 4.55000 55833.32726 21.65000 299 0.00318 1.15979 g -1
605 38.58960 26.15000 55833.33085 21.65000 299 0.00316 1.11163 g -1
654 47.27700 33.35000 55833.33444 21.65000 299 0.00314 1.15550 g -1
446 354.67788 -2.65000 55833.33803 21.65000 299 0.00308 1.29868 g -1
598 346.87564 18.95000 55833.34162 21.65000 299 0.00302 1.13147 g -1
504 36.69487 11.75000 55833.34520 21.65000 299 0.00301 1.14660 g -1
742 62.43545 47.75000 55833.34879 21.65000 299 0.00290 1.25682 g -1
770 332.10164 47.75000 55833.35238 21.65000 299 0.00288 1.24936 g -1
692 345.00678 33.35000 55833.35597 21.65000 299 0.00282 1.13436 g -1
809 46.66667 62.15000 55833.35956 21.65000 299 0.00278 1.19788 g -1
805 356.36462 54.95000 55833.36314 21.65000 299 0.00278 1.13109 g -1
834 25.71429 69.35000 55833.36673 21.65000 299 0.00277 1.23753 g -1
496 344.20648 4.55000 55833.37032 21.65000 299 0.00273 1.46346 g -1
645 338.38480 26.15000 55833.37391 21.65000 299 0.00267 1.32618 g -1
547 340.82087 11.75000 55833.37750 21.65000 299 0.00266 1.46597 g -1
689 321.65544 33.35000 55833.38108 21.65000 299 0.00265 1.71612 g -1
597 339.62582 18.95000 55833.38467 21.65000 299 0.00263 1.44792 g -1
771 342.13873 47.75000 55833.38826 21.65000 299 0.00258 1.28265 g -1
832 353.33333 62.15000 55833.39185 21.65000 299 0.00254 1.26408 g -1
691 337.22300 33.35000 55833.39544 21.65000 299 0.00254 1.44217 g -1
294 1.62711 -17.05000 55833.39902 21.65000 299 0.00247 1.95739 g -1
505 43.67912 11.75000 55833.40261 21.65000 299 0.00246 1.08440 g -1
596 332.37600 18.95000 55833.40620 21.65000 299 0.00245 1.93359 g -1
701 63.07173 40.55000 55833.40979 21.65000 299 0.00233 1.07121 g -1
501 15.74212 11.75000 55833.41338 21.65000 299 0.00232 1.16243 g -1
853 351.42857 69.35000 55833.41696 21.65000 299 0.00227 1.41749 g -1
835 42.85714 69.35000 55833.42055 21.65000 299 0.00226 1.23674 g -1
733 338.17440 40.55000 55833.42414 21.65000 299 0.00224 1.60651 g -1
804 345.77437 54.95000 55833.42773 21.65000 299 0.00222 1.43496 g -1
778 60.11656 54.95000 55833.43132 21.65000 299 0.00221 1.09272 g -1
398 15.76442 -2.65000 55833.43490 21.65000 299 0.00212 1.45820 g -1
450 26.27176 4.55000 55833.43849 21.65000 299 0.00199 1.22859 g -1
607 53.64080 26.15000 55833.44208 21.65000 299 0.00198 1.00946 g -1
810 60.00000 62.15000 55833.44567 21.65000 299 0.00190 1.14749 g -1
506 50.66337 11.75000 55833.44926 21.65000 299 0.00190 1.07576 g -1
609 68.69200 26.15000 55833.45284 21.65000 299 0.00187 1.03405 g -1
606 46.11520 26.15000 55833.45643 21.65000 299 0.00185 1.01735 g -1
702 71.61980 40.55000 55833.46002 21.65000 299 0.00180 1.03112 g -1
655 55.06078 33.35000 55833.46361 21.65000 299 0.00167 1.00074 g -1
448 12.25000 4.55000 55833.46719 21.65000 299 0.00160 1.62779 g -1
836 60.00000 69.35000 55833.47078 21.65000 299 0.00156 1.23644 g -1
399 22.79327 -2.65000 55833.47437 21.65000 299 0.00141 1.59962 g -1
657 70.62833 33.35000 55833.47796 21.65000 299 0.00140 1.00640 g -1
854 12.00000 76.55000 55833.48155 21.65000 299 0.00138 1.53005 g -1
779 71.12768 54.95000 55833.48513 21.65000 299 0.00131 1.07837 g -1
855 36.00000 76.55000 55833.48872 21.65000 299 0.00129 1.42567 g -1
743 72.25385 47.75000 55833.49231 21.65000 299 0.00128 1.03411 g -1
451 33.28264 4.55000 55833.49590 21.65000 299 0.00128 1.39518 g -1
453 47.30440 4.55000 55833.49949 21.65000 299 0.00120 1.23725 g -1
452 40.29352 4.55000 55833.50307 21.65000 299 0.00110 1.32884 g -1
658 78.41211 33.35000 55833.50666 21.65000 299 0.00102 1.00284 g -1
560 73.87345 18.95000 55833.51025 21.65000 299 0.00098 1.03244 g -1
811 73.33333 62.15000 55833.51384 21.65000 299 0.00094 1.14171 g -1
557 52.12400 18.95000 55833.51743 21.65000 299 0.00092 1.11786 g -1
837 77.14286 69.35000 55833.52101 21.65000 299 0.00087 1.23622 g -1
608 61.16640 26.15000 55833.52460 21.65000 299 0.00085 1.04915 g -1
558 59.37382 18.95000 55833.52819 21.65000 299 0.00078 1.09540 g -1
