624 181.02743 26.15000 55997.28936 21.65000 299 0.02695 1.08209 g -1
575 180.32410 18.95000 55997.29295 21.65000 299 0.02376 1.10153 g -1
671 180.47007 33.35000 55997.29653 21.65000 299 0.02111 1.05057 g -1
715 183.63319 40.55000 55997.30012 21.65000 299 0.02059 1.06312 g -1
716 192.25000 40.55000 55997.30371 21.65000 299 0.02011 1.10627 g -1
672 188.32336 33.35000 55997.30730 21.65000 299 0.01960 1.07215 g -1
524 179.49978 11.75000 55997.31088 21.65000 299 0.01766 1.11052 g -1
756 194.94985 47.75000 55997.31447 21.65000 299 0.01726 1.11536 g -1
757 204.72454 47.75000 55997.31806 21.65000 299 0.01042 1.17565 g -1
472 178.56644 4.55000 55997.32165 21.65000 299 0.00972 1.16024 g -1
755 185.52515 47.75000 55997.32524 21.65000 299 0.00938 1.05608 g -1
760 234.04862 47.75000 55997.32882 21.65000 299 0.00866 1.51594 g -1
625 188.50914 26.15000 55997.33241 21.65000 299 0.00853 1.04045 g -1
473 185.30822 4.71000 55997.33600 21.65000 299 0.00641 1.16437 g -1
576 187.38957 18.95000 55997.33959 21.65000 299 0.00633 1.05409 g -1
717 200.86681 40.55000 55997.34318 21.65000 299 0.00622 1.07175 g -1
791 202.40112 54.95000 55997.34676 21.65000 299 0.00587 1.13037 g -1
422 185.16000 -2.65000 55997.35035 21.65000 299 0.00555 1.24597 g -1
525 186.77489 11.57000 55997.35394 21.65000 299 0.00531 1.08454 g -1
761 243.82331 47.75000 55997.35753 21.65000 299 0.00493 1.50405 g -1
790 191.39000 54.95000 55997.36112 21.65000 299 0.00478 1.08181 g -1
758 214.49923 47.75000 55997.36470 21.65000 299 0.00430 1.12398 g -1
421 178.07000 -2.65000 55997.36829 21.65000 299 0.00389 1.24663 g -1
623 173.54571 26.15000 55997.37188 21.65000 299 0.00380 1.02719 g -1
673 196.17664 33.35000 55997.37547 21.65000 299 0.00377 1.00791 g -1
792 213.41224 54.95000 55997.37906 21.65000 299 0.00371 1.12744 g -1
574 173.27093 18.95000 55997.38264 21.65000 299 0.00363 1.07045 g -1
370 181.64550 -9.85000 55997.38623 21.65000 299 0.00284 1.39662 g -1
759 224.27392 47.75000 55997.38982 21.65000 299 0.00284 1.12849 g -1
714 175.01637 40.55000 55997.39341 21.65000 299 0.00281 1.04428 g -1
670 172.61679 33.35000 55997.39700 21.65000 299 0.00231 1.05726 g -1
371 188.71517 -9.85000 55997.40058 21.65000 299 0.00218 1.38849 g -1
754 176.10046 47.75000 55997.40417 21.65000 299 0.00205 1.07686 g -1
523 172.22467 11.75000 55997.40776 21.65000 299 0.00201 1.19027 g -1
467 144.35756 4.55000 55997.41135 21.65000 299 0.00199 1.97319 g -1
820 193.33333 62.15000 55997.41494 21.65000 299 0.00197 1.14593 g -1
789 180.37888 54.95000 55997.41852 21.65000 299 0.00188 1.11986 g -1
793 224.50609 54.95000 55997.42211 21.65000 299 0.00186 1.10975 g -1
721 235.33407 40.55000 55997.42570 21.65000 299 0.00184 1.09959 g -1
821 206.66667 62.15000 55997.42929 21.65000 299 0.00154 1.14038 g -1
794 235.60357 54.95000 55997.43288 21.65000 299 0.00153 1.14041 g -1
471 171.72467 4.55000 55997.43646 21.65000 299 0.00130 1.42778 g -1
570 145.05827 18.95000 55997.44005 21.65000 299 0.00130 1.99253 g -1
1669 184.59050 29.75000 55997.44364 21.65000 299 0.00126 1.09238 g -1
720 226.71726 40.55000 55997.44723 21.65000 299 0.00122 1.02516 g -1
1714 188.06674 36.95000 55997.45082 21.65000 299 0.00117 1.07893 g -1
718 209.48363 40.55000 55997.45440 21.65000 299 0.00116 1.01209 g -1
320 185.21930 -17.05000 55997.45799 21.65000 299 0.00115 1.94516 g -1
423 192.25000 -2.65000 55997.46158 21.65000 299 0.00114 1.38654 g -1
845 214.28571 69.35000 55997.46517 21.65000 299 0.00108 1.23729 g -1
626 195.99086 26.15000 55997.46876 21.65000 299 0.00105 1.08671 g -1
844 197.14286 69.35000 55997.47234 21.65000 299 0.00104 1.28019 g -1
474 192.25000 4.55000 55997.47593 21.65000 299 0.00103 1.32922 g -1
522 164.94956 11.75000 55997.47952 21.65000 299 0.00102 1.92992 g -1
573 166.21777 18.95000 55997.48311 21.65000 299 0.00097 1.75219 g -1
819 180.00000 62.15000 55997.48670 21.65000 299 0.00096 1.33511 g -1
622 166.06400 26.15000 55997.49028 21.65000 299 0.00092 1.71520 g -1
1755 192.06898 44.15000 55997.49387 21.65000 299 0.00092 1.17136 g -1
1570 178.22429 15.35000 55997.49746 21.65000 299 0.00091 1.59862 g -1
719 218.10044 40.55000 55997.50105 21.65000 299 0.00088 1.02978 g -1
677 227.58979 33.35000 55997.50463 21.65000 299 0.00087 1.00470 g -1
669 164.76350 33.35000 55997.50822 21.65000 299 0.00087 1.87838 g -1
713 166.39956 40.55000 55997.51181 21.65000 299 0.00085 1.75316 g -1
753 166.67577 47.75000 55997.51540 21.65000 299 0.00083 1.70626 g -1
1621 184.93364 22.55000 55997.51899 21.65000 299 0.00083 1.51736 g -1
787 158.52573 54.95000 55997.52257 21.65000 299 0.00082 1.93885 g -1
788 169.45049 54.95000 55997.52616 21.65000 299 0.00082 1.68266 g -1
822 220.00000 62.15000 55997.52975 21.65000 299 0.00081 1.18365 g -1
842 162.85714 69.35000 55997.53334 21.65000 299 0.00079 1.79445 g -1
818 166.66667 62.15000 55997.53693 21.65000 299 0.00079 1.78738 g -1
577 194.55043 18.95000 55997.54051 21.65000 299 0.00077 1.51991 g -1
846 231.42857 69.35000 55997.54410 21.65000 299 0.00076 1.25559 g -1
416 142.62000 -2.65000 55998.11634 21.65000 299 0.00211 1.86384 g -1
466 137.51578 4.55000 55998.11993 21.65000 299 0.00200 1.49365 g -1
415 135.53000 -2.65000 55998.12351 21.65000 299 0.00194 1.58179 g -1
519 143.12422 11.75000 55998.12710 21.65000 299 0.00183 1.43381 g -1
414 128.44000 -2.65000 55998.13069 21.65000 299 0.00176 1.41019 g -1
364 139.22750 -9.85000 55998.13428 21.65000 299 0.00174 1.79809 g -1
518 135.84911 11.75000 55998.13787 21.65000 299 0.00174 1.25495 g -1
465 130.67400 4.55000 55998.14145 21.65000 299 0.00173 1.26951 g -1
363 132.15783 -9.85000 55998.14504 21.65000 299 0.00168 1.56235 g -1
365 146.29717 -9.85000 55998.14863 21.65000 299 0.00163 1.85487 g -1
362 125.08817 -9.85000 55998.15222 21.65000 299 0.00154 1.44523 g -1
569 138.00511 18.95000 55998.15581 21.65000 299 0.00153 1.14835 g -1
517 128.57400 11.75000 55998.15939 21.65000 299 0.00150 1.12452 g -1
464 123.83222 4.55000 55998.16298 21.65000 299 0.00149 1.16585 g -1
413 121.35000 -2.65000 55998.16657 21.65000 299 0.00147 1.24998 g -1
568 130.95195 18.95000 55998.17016 21.65000 299 0.00130 1.06874 g -1
361 118.01850 -9.85000 55998.17375 21.65000 299 0.00130 1.37399 g -1
313 136.00443 -17.05000 55998.17733 21.65000 299 0.00129 1.68549 g -1
417 149.71000 -2.65000 55998.18092 21.65000 299 0.00127 1.45723 g -1
463 116.99044 4.55000 55998.18451 21.65000 299 0.00127 1.14274 g -1
516 121.29889 11.75000 55998.18810 21.65000 299 0.00125 1.07588 g -1
412 114.26000 -2.65000 55998.19169 21.65000 299 0.00125 1.24907 g -1
312 128.97374 -17.05000 55998.19527 21.65000 299 0.00125 1.57957 g -1
618 136.13714 26.15000 55998.19886 21.65000 299 0.00122 1.02324 g -1
314 143.03513 -17.05000 55998.20245 21.65000 299 0.00119 1.66125 g -1
567 123.89878 18.95000 55998.20604 21.65000 299 0.00116 1.03420 g -1
619 143.61886 26.15000 55998.20963 21.65000 299 0.00115 1.03459 g -1
462 110.14867 4.55000 55998.21321 21.65000 299 0.00109 1.20969 g -1
515 114.02378 11.75000 55998.21680 21.65000 299 0.00107 1.12008 g -1
666 141.20364 33.35000 55998.22039 21.65000 299 0.00104 1.00803 g -1
617 128.65543 26.15000 55998.22398 21.65000 299 0.00104 1.01119 g -1
315 150.06583 -17.05000 55998.22757 21.65000 299 0.00102 1.64025 g -1
470 164.88289 4.55000 55998.23115 21.65000 299 0.00102 1.28990 g -1
566 116.84562 18.95000 55998.23474 21.65000 299 0.00097 1.09112 g -1
665 133.35036 33.35000 55998.23833 21.65000 299 0.00097 1.00342 g -1
468 151.19933 4.55000 55998.24192 21.65000 299 0.00096 1.16170 g -1
419 163.89000 -2.65000 55998.24551 21.65000 299 0.00095 1.34030 g -1
420 170.98000 -2.65000 55998.24909 21.65000 299 0.00094 1.40798 g -1
514 106.74867 11.75000 55998.25268 21.65000 299 0.00092 1.31428 g -1
616 121.17371 26.15000 55998.25627 21.65000 299 0.00091 1.08055 g -1
520 150.39933 11.75000 55998.25986 21.65000 299 0.00091 1.07790 g -1
366 153.36683 -9.85000 55998.26345 21.65000 299 0.00089 1.37995 g -1
710 140.54911 40.55000 55998.26703 21.65000 299 0.00087 1.01550 g -1
461 103.30689 4.55000 55998.27062 21.65000 299 0.00086 1.64716 g -1
565 109.79245 18.95000 55998.27421 21.65000 299 0.00085 1.30928 g -1
572 159.16460 18.95000 55998.27780 21.65000 299 0.00085 1.03723 g -1
369 174.57583 -9.85000 55998.28139 21.65000 299 0.00083 1.47387 g -1
368 167.50617 -9.85000 55998.28497 21.65000 299 0.00083 1.40610 g -1
664 125.49707 33.35000 55998.28856 21.65000 299 0.00082 1.11582 g -1
