0.2121512094 5.8794830346e-03 47.7348260714
0.2193271354 3.7827041499e-02 94.7877260560
0.2229150983 7.0796917780e-02 136.3327614940
0.2265030613 1.1296448692e-01 183.3856614786
0.2300910243 1.6416767570e-01 222.4652718338
0.2336789872 2.1369760928e-01 253.0470340312
0.2372669502 2.2968594518e-01 300.0999340158
0.2408549132 2.6964698827e-01 347.1003781476
0.2444428761 2.8459287289e-01 394.1532781323
0.2480308391 3.0805201351e-01 441.2061781169
0.2516188021 3.8199636416e-01 489.0459158940
0.2552067650 4.2668013754e-01 534.6825078523
0.2587947280 4.4460189340e-01 581.7878636898
0.2623826909 4.5526438442e-01 629.5226897612
0.2659706539 4.6016192831e-01 675.1592817196
0.2695586169 4.6439189514e-01 722.4744609683
0.2731465798 5.0503577056e-01 768.1635087795
0.2767345428 5.1806703845e-01 815.3213204698
0.2803225058 5.2229088711e-01 817.6818338470
0.2839104687 5.2646946544e-01 820.2521706354
0.2874984317 5.3038829918e-01 824.4486388615
0.2910863947 5.3378435672e-01 871.6589064046
0.2946743576 5.3717060832e-01 874.8587134270
0.2982623206 5.4025918201e-01 877.0094033928
0.3018502836 5.4299675074e-01 879.0551816530
0.3054382465 5.4766544604e-01 925.2163321397
0.3090262095 5.9389469737e-01 970.3283655698
0.3126141725 5.9542358139e-01 988.3731789418
0.3162021354 5.9753818369e-01 990.4189572020
0.3197900984 5.9863501110e-01 992.6221030207
0.3204845428 5.9863501110e-01 992.6221030207
0.3240725058 5.9863501110e-01 992.6221030207
0.3276604688 5.9863501110e-01 992.6221030207
0.3312484317 5.9863501110e-01 992.6221030207
0.3348363947 5.9863501110e-01 992.6221030207
0.3384243577 5.9863501110e-01 992.6221030207
0.3420123206 5.9863501110e-01 992.6221030207
0.3456002836 5.9863501110e-01 992.6221030207
0.3491882466 5.9863501110e-01 992.6221030207
0.3527762095 5.9863501110e-01 992.6221030207
0.3563641725 5.9863501110e-01 992.6221030207
0.3599521354 5.9863501110e-01 992.6221030207
0.3635400984 5.9863501110e-01 992.6221030207
0.3671280614 5.9863501110e-01 992.6221030207
0.3707160243 5.9863501110e-01 992.6221030207
0.3743039873 5.9863501110e-01 992.6221030207
0.3778919503 5.9863501110e-01 992.6221030207
0.3814799132 5.9863501110e-01 992.6221030207
0.3850678762 5.9863501110e-01 992.6221030207
0.3886558392 5.9863501110e-01 992.6221030207
0.3922438021 5.9863501110e-01 992.6221030207
0.3958317651 5.9863501110e-01 992.6221030207
0.3994197281 5.9863501110e-01 992.6221030207
0.4030076910 5.9863501110e-01 992.6221030207
0.4065956540 5.9863501110e-01 992.6221030207
0.4101836170 5.9863501110e-01 992.6221030207
0.4137715799 5.9863501110e-01 992.6221030207
0.4173595429 5.9863501110e-01 992.6221030207
0.4209475059 5.9863501110e-01 992.6221030207
0.4245354688 5.9863501110e-01 992.6221030207
