759 224.27392 47.75000 56157.14499 21.65000 299 0.00657 1.17577 g -1
758 214.49923 47.75000 56157.14858 21.65000 299 0.00520 1.28851 g -1
792 213.41224 54.95000 56157.15217 21.65000 299 0.00416 1.33321 g -1
720 226.71726 40.55000 56157.15575 21.65000 299 0.00415 1.17831 g -1
719 218.10044 40.55000 56157.15934 21.65000 299 0.00367 1.29508 g -1
793 224.50609 54.95000 56157.16293 21.65000 299 0.00366 1.25843 g -1
760 234.04862 47.75000 56157.16652 21.65000 299 0.00301 1.15978 g -1
822 220.00000 62.15000 56157.17011 21.65000 299 0.00255 1.36862 g -1
721 235.33407 40.55000 56157.17369 21.65000 299 0.00208 1.15832 g -1
794 235.60357 54.95000 56157.17728 21.65000 299 0.00172 1.20895 g -1
823 233.33333 62.15000 56157.18087 21.65000 299 0.00161 1.28664 g -1
821 206.66667 62.15000 56157.18446 21.65000 299 0.00150 1.60930 g -1
677 227.58979 33.35000 56157.18805 21.65000 299 0.00112 1.33323 g -1
761 243.82331 47.75000 56157.19163 21.65000 299 0.00111 1.15445 g -1
678 235.44307 33.35000 56157.19522 21.65000 299 0.00094 1.25430 g -1
722 243.95089 40.55000 56157.19881 21.65000 299 0.00090 1.16243 g -1
795 246.70105 54.95000 56157.20240 21.65000 299 0.00085 1.19422 g -1
824 246.66667 62.15000 56157.20599 21.65000 299 0.00071 1.25684 g -1
548 347.80512 11.75000 56157.20957 21.65000 299 0.00097 2.03597 g -1
496 344.20648 4.55000 56157.21316 21.65000 299 0.00258 2.03544 g -1
547 340.82087 11.75000 56157.21675 21.65000 299 0.00067 1.64900 g -1
444 340.62019 -2.65000 56157.22034 21.65000 299 0.00443 2.01466 g -1
845 214.28571 69.35000 56157.22393 21.65000 299 0.00061 1.71296 g -1
392 337.00407 -9.85000 56157.22751 21.65000 299 0.00345 2.05299 g -1
497 351.21736 4.55000 56157.23110 21.65000 299 0.00134 2.06301 g -1
549 354.78937 11.75000 56157.23469 21.65000 299 0.00076 1.93336 g -1
445 347.64904 -2.65000 56157.23828 21.65000 299 0.00250 2.04049 g -1
679 243.29636 33.35000 56157.24187 21.65000 299 0.00059 1.39983 g -1
495 337.19560 4.55000 56157.24545 21.65000 299 0.00056 1.44388 g -1
393 344.05326 -9.85000 56157.24904 21.65000 299 0.00550 2.02244 g -1
498 358.22824 4.55000 56157.25263 21.65000 299 0.00164 2.02402 g -1
499 1.77362 11.75000 56157.25622 21.65000 299 0.00073 1.89777 g -1
446 354.67788 -2.65000 56157.25981 21.65000 299 0.00334 2.00576 g -1
336 297.88975 -17.05000 56157.26339 21.65000 299 0.00055 1.58219 g -1
394 351.10244 -9.85000 56157.26698 21.65000 299 0.00421 2.04626 g -1
447 5.23912 4.55000 56157.27057 21.65000 299 0.00083 2.05129 g -1
492 316.16296 4.55000 56157.27416 21.65000 299 0.00052 1.14987 g -1
396 1.70673 -2.65000 56157.27775 21.65000 299 0.00155 2.03137 g -1
387 301.75815 -9.85000 56157.28133 21.65000 299 0.00050 1.39267 g -1
343 347.46325 -17.05000 56157.28492 21.65000 299 0.00093 2.02120 g -1
395 358.15163 -9.85000 56157.28851 21.65000 299 0.00392 2.01608 g -1
448 12.25000 4.55000 56157.29210 21.65000 299 0.00074 2.01290 g -1
397 8.73558 -2.65000 56157.29569 21.65000 299 0.00127 2.05789 g -1
1438 341.16533 -6.25000 56157.29927 21.65000 299 0.00050 1.42268 g -1
344 354.54518 -17.05000 56157.30286 21.65000 299 0.00632 2.04111 g -1
345 5.20081 -9.85000 56157.30645 21.65000 299 0.00210 2.03977 g -1
449 19.26088 4.55000 56157.31004 21.65000 299 0.00059 2.03987 g -1
440 312.50481 -2.65000 56157.31363 21.65000 299 0.00050 1.25679 g -1
398 15.76442 -2.65000 56157.31721 21.65000 299 0.00137 2.02252 g -1
796 257.79854 54.95000 56157.32080 21.65000 299 0.00049 1.58459 g -1
294 1.62711 -17.05000 56157.32439 21.65000 299 0.00345 2.01820 g -1
346 12.25000 -9.85000 56157.32798 21.65000 299 0.00272 2.00995 g -1
438 298.44712 -2.65000 56157.33156 21.65000 299 0.00049 1.44847 g -1
490 302.14120 4.55000 56157.33515 21.65000 299 0.00048 1.29005 g -1
491 309.15208 4.55000 56157.33874 21.65000 299 0.00047 1.23265 g -1
295 8.70904 -17.05000 56157.34233 21.65000 299 0.00311 2.03812 g -1
347 19.29919 -9.85000 56157.34592 21.65000 299 0.00114 2.03354 g -1
542 305.89962 11.75000 56157.34950 21.65000 299 0.00047 1.21887 g -1
598 346.87564 18.95000 56157.35309 21.65000 299 0.00047 1.04425 g -1
500 8.75787 11.75000 56157.35668 21.65000 299 0.00045 1.22144 g -1
439 305.47596 -2.65000 56157.36027 21.65000 299 0.00043 1.50537 g -1
296 15.79096 -17.05000 56157.36386 21.65000 299 0.00471 2.01544 g -1
245 1.16039 -24.25000 56157.36744 21.65000 299 0.00104 2.01516 g -1
544 319.86812 11.75000 56157.37103 21.65000 299 0.00043 1.16207 g -1
541 298.91537 11.75000 56157.37462 21.65000 299 0.00043 1.47122 g -1
543 312.88387 11.75000 56157.37821 21.65000 299 0.00042 1.25759 g -1
297 22.87289 -17.05000 56157.38180 21.65000 299 0.00078 2.03538 g -1
592 303.37673 18.95000 56157.38538 21.65000 299 0.00042 1.36498 g -1
246 8.55346 -24.25000 56157.38897 21.65000 299 0.00237 2.00863 g -1
441 319.53365 -2.65000 56157.39256 21.65000 299 0.00041 1.46304 g -1
389 315.85652 -9.85000 56157.39615 21.65000 299 0.00041 1.77009 g -1
493 323.17384 4.55000 56157.39974 21.65000 299 0.00040 1.31768 g -1
501 15.74212 11.75000 56157.40332 21.65000 299 0.00039 1.13791 g -1
550 1.37527 18.95000 56157.40691 21.65000 299 0.00039 1.03504 g -1
247 15.94654 -24.25000 56157.41050 21.65000 299 0.00621 2.00235 g -1
591 296.12691 18.95000 56157.41409 21.65000 299 0.00037 1.86506 g -1
593 310.62655 18.95000 56157.41768 21.65000 299 0.00037 1.45399 g -1
599 354.12545 18.95000 56157.42126 21.65000 299 0.00036 1.03972 g -1
595 325.12618 18.95000 56157.42485 21.65000 299 0.00035 1.24755 g -1
248 23.33961 -24.25000 56157.42844 21.65000 299 0.00284 2.01807 g -1
545 326.85237 11.75000 56157.43203 21.65000 299 0.00035 1.33445 g -1
597 339.62582 18.95000 56157.43562 21.65000 299 0.00035 1.13571 g -1
596 332.37600 18.95000 56157.43920 21.65000 299 0.00034 1.22137 g -1
594 317.87636 18.95000 56157.44279 21.65000 299 0.00034 1.49606 g -1
745 91.27823 47.75000 56157.44638 21.65000 299 0.00074 2.00061 g -1
249 30.73268 -24.25000 56157.44997 21.65000 299 0.00050 2.01168 g -1
704 88.84822 40.55000 56157.45356 21.65000 299 0.00038 1.93441 g -1
744 81.85354 47.75000 56157.45714 21.65000 299 0.00033 1.60025 g -1
456 68.33704 4.55000 56157.46073 21.65000 299 0.00032 1.80781 g -1
457 75.34792 4.55000 56157.46432 21.65000 299 0.00039 2.06205 g -1
546 333.83662 11.75000 56157.46791 21.65000 299 0.00032 1.44372 g -1
705 97.46504 40.55000 56157.47150 21.65000 299 0.00100 2.02488 g -1
406 71.99519 -2.65000 56157.47508 21.65000 299 0.00058 1.98953 g -1
660 94.08393 33.35000 56157.47867 21.65000 299 0.00041 1.91395 g -1
354 68.64348 -9.85000 56157.48226 21.65000 299 0.00075 2.04033 g -1
302 58.28254 -17.05000 56157.48585 21.65000 299 0.00049 1.96883 g -1
644 330.85920 26.15000 56157.48944 21.65000 299 0.00031 1.50009 g -1
661 101.93721 33.35000 56157.49302 21.65000 299 0.00084 2.03528 g -1
407 79.02404 -2.65000 56157.49661 21.65000 299 0.00035 1.95740 g -1
303 65.36446 -17.05000 56157.50020 21.65000 299 0.00039 2.02850 g -1
645 338.38480 26.15000 56157.50379 21.65000 299 0.00031 1.44588 g -1
551 8.62509 18.95000 56157.50738 21.65000 299 0.00031 1.11216 g -1
