0.1902998410 6.1850774360e-02 47.1578116903
0.1938878040 1.0482832252e-01 94.1582558221
0.1974757670 1.2463742774e-01 141.3685233653
0.2010637299 1.4089873065e-01 188.9459818782
0.2046516929 1.5238388233e-01 236.1562494213
0.2082396559 1.6319603039e-01 283.2091494059
0.2118276188 1.7258283573e-01 330.2620493906
0.2154155818 1.8158131358e-01 376.4756557300
0.2190035448 2.1978190659e-01 423.5285557147
0.2225915077 2.2789165579e-01 470.5814556993
0.2261794707 2.3579958272e-01 517.6343556840
0.2297674337 2.4280242197e-01 565.3691817554
0.2333553966 2.9732111468e-01 612.4220817400
0.2369433596 3.0350792787e-01 659.0028790492
0.2405313226 3.0916113919e-01 706.0557790339
0.2441192855 3.1746278444e-01 752.8988556072
0.2477072485 3.2207945145e-01 799.9517555919
0.2512952114 3.2633391013e-01 846.8997438709
0.2548831744 3.3038302194e-01 892.7461592406
0.2584711374 3.3382122722e-01 940.0613384893
0.2620591003 3.3709480928e-01 987.1666943268
0.2656470633 3.3914708391e-01 989.7370311153
0.2692350263 3.4023748133e-01 991.8352652283
0.2728229892 3.5048853886e-01 1015.2305755886
0.2764109522 3.5140044235e-01 1018.1156474940
0.2799989152 3.5615967431e-01 1043.8714712314
0.2835868781 3.6129067244e-01 1070.7288678781
0.2842813226 3.6129067244e-01 1070.7288678781
0.2878692855 3.6129067244e-01 1070.7288678781
0.2914572485 3.6129067244e-01 1070.7288678781
0.2950452115 3.6129067244e-01 1070.7288678781
0.2986331744 3.6129067244e-01 1070.7288678781
0.3022211374 3.6129067244e-01 1070.7288678781
0.3058091004 3.6129067244e-01 1070.7288678781
0.3093970633 3.6129067244e-01 1070.7288678781
0.3129850263 3.6129067244e-01 1070.7288678781
0.3165729893 3.6129067244e-01 1070.7288678781
0.3201609522 3.6129067244e-01 1070.7288678781
0.3237489152 3.6129067244e-01 1070.7288678781
