661 101.93721 33.35000 56005.29353 21.65000 299 0.00304 1.64136 g -1
705 97.46504 40.55000 56005.29711 21.65000 299 0.00301 1.72957 g -1
614 106.21029 26.15000 56005.30070 21.65000 299 0.00287 1.69019 g -1
706 106.08185 40.55000 56005.30429 21.65000 299 0.00281 1.56398 g -1
662 109.79050 33.35000 56005.30788 21.65000 299 0.00279 1.56719 g -1
746 100.70292 47.75000 56005.31147 21.65000 299 0.00266 1.71086 g -1
565 109.79245 18.95000 56005.31505 21.65000 299 0.00260 1.89826 g -1
615 113.69200 26.15000 56005.31864 21.65000 299 0.00258 1.65787 g -1
707 114.69867 40.55000 56005.32223 21.65000 299 0.00252 1.51425 g -1
663 117.64379 33.35000 56005.32582 21.65000 299 0.00248 1.53224 g -1
747 110.12762 47.75000 56005.32941 21.65000 299 0.00243 1.63497 g -1
782 103.90195 54.95000 56005.33299 21.65000 299 0.00229 1.76946 g -1
566 116.84562 18.95000 56005.33658 21.65000 299 0.00228 1.93117 g -1
616 121.17371 26.15000 56005.34017 21.65000 299 0.00223 1.66723 g -1
708 123.31548 40.55000 56005.34376 21.65000 299 0.00219 1.49581 g -1
664 125.49707 33.35000 56005.34735 21.65000 299 0.00213 1.53036 g -1
748 119.55231 47.75000 56005.35093 21.65000 299 0.00213 1.59597 g -1
783 114.82671 54.95000 56005.35452 21.65000 299 0.00204 1.69339 g -1
567 123.89878 18.95000 56005.35811 21.65000 299 0.00194 1.96546 g -1
617 128.65543 26.15000 56005.36170 21.65000 299 0.00190 1.67674 g -1
709 131.93230 40.55000 56005.36529 21.65000 299 0.00185 1.47797 g -1
749 128.97700 47.75000 56005.36887 21.65000 299 0.00181 1.53181 g -1
665 133.35036 33.35000 56005.37246 21.65000 299 0.00180 1.56122 g -1
814 113.33333 62.15000 56005.37605 21.65000 299 0.00179 1.85529 g -1
784 125.75146 54.95000 56005.37964 21.65000 299 0.00173 1.65219 g -1
618 136.13714 26.15000 56005.38323 21.65000 299 0.00157 1.68639 g -1
710 140.54911 40.55000 56005.38681 21.65000 299 0.00151 1.46072 g -1
815 126.66667 62.15000 56005.39040 21.65000 299 0.00149 1.68569 g -1
666 141.20364 33.35000 56005.39399 21.65000 299 0.00149 1.55926 g -1
750 138.40169 47.75000 56005.39758 21.65000 299 0.00148 1.55174 g -1
785 136.67622 54.95000 56005.40117 21.65000 299 0.00140 1.58752 g -1
619 143.61886 26.15000 56005.40475 21.65000 299 0.00130 1.69618 g -1
667 149.05693 33.35000 56005.40834 21.65000 299 0.00121 1.49402 g -1
711 149.16593 40.55000 56005.41193 21.65000 299 0.00121 1.47008 g -1
840 128.57143 69.35000 56005.41552 21.65000 299 0.00119 1.78703 g -1
426 213.52000 -2.65000 56005.41910 21.65000 299 0.00117 1.23815 g -1
816 140.00000 62.15000 56005.42269 21.65000 299 0.00116 1.65551 g -1
751 147.82638 47.75000 56005.42628 21.65000 299 0.00116 1.57238 g -1
374 209.92417 -9.85000 56005.42987 21.65000 299 0.00114 1.37965 g -1
478 219.61711 4.55000 56005.43346 21.65000 299 0.00109 1.14356 g -1
786 147.60097 54.95000 56005.43704 21.65000 299 0.00107 1.62886 g -1
620 151.10057 26.15000 56005.44063 21.65000 299 0.00107 1.90643 g -1
427 220.61000 -2.65000 56005.44422 21.65000 299 0.00104 1.23705 g -1
668 156.91021 33.35000 56005.44781 21.65000 299 0.00098 1.66429 g -1
425 206.43000 -2.65000 56005.45140 21.65000 299 0.00097 1.29161 g -1
477 212.77533 4.55000 56005.45498 21.65000 299 0.00096 1.16366 g -1
479 226.45889 4.55000 56005.45857 21.65000 299 0.00095 1.14194 g -1
531 229.07556 11.75000 56005.46216 21.65000 299 0.00094 1.07671 g -1
712 157.78274 40.55000 56005.46575 21.65000 299 0.00094 1.74881 g -1
373 202.85450 -9.85000 56005.46934 21.65000 299 0.00091 1.55810 g -1
859 132.00000 76.55000 56005.47292 21.65000 299 0.00091 1.97562 g -1
841 145.71429 69.42000 56005.47651 21.65000 299 0.00090 1.87064 g -1
752 157.25108 47.75000 56005.48010 21.65000 299 0.00087 1.84095 g -1
530 222.10044 11.75000 56005.48369 21.65000 299 0.00086 1.09863 g -1
476 205.93356 4.55000 56005.48728 21.65000 299 0.00084 1.30718 g -1
817 153.33333 62.15000 56005.49086 21.65000 299 0.00083 1.89139 g -1
424 199.34000 -2.65000 56005.49445 21.65000 299 0.00078 1.60834 g -1
787 158.52573 54.95000 56005.49804 21.65000 299 0.00076 1.90901 g -1
529 215.12533 11.75000 56005.50163 21.65000 299 0.00076 1.18016 g -1
475 199.09178 4.55000 56005.50522 21.65000 299 0.00073 1.53845 g -1
528 208.15022 11.75000 56005.50880 21.65000 299 0.00070 1.28572 g -1
582 230.77318 18.95000 56005.51239 21.65000 299 0.00067 1.05881 g -1
860 156.00000 76.55000 56005.51598 21.65000 299 0.00066 1.87098 g -1
527 201.02511 11.75000 56005.51957 21.65000 299 0.00065 1.48167 g -1
474 192.25000 4.55000 56005.52316 21.65000 299 0.00063 1.99057 g -1
526 193.90000 11.75000 56005.52674 21.65000 299 0.00061 1.76432 g -1
842 162.85714 69.35000 56005.53033 21.65000 299 0.00061 1.91439 g -1
581 223.50463 18.95000 56005.53392 21.65000 299 0.00058 1.15187 g -1
818 166.66667 62.15000 56005.53751 21.65000 299 0.00054 1.98153 g -1
745 91.27823 47.75000 56006.12065 21.65000 299 0.00278 1.04822 g -1
613 98.72857 26.15000 56006.12424 21.65000 299 0.00268 1.01368 g -1
564 102.73929 18.95000 56006.12783 21.65000 299 0.00256 1.03490 g -1
781 92.97719 54.95000 56006.13141 21.65000 299 0.00243 1.09541 g -1
660 94.08393 33.35000 56006.13500 21.65000 299 0.00239 1.02606 g -1
515 114.02378 11.75000 56006.13859 21.65000 299 0.00221 1.07719 g -1
812 86.66667 62.15000 56006.14218 21.65000 299 0.00212 1.19259 g -1
514 106.74867 11.75000 56006.14577 21.65000 299 0.00212 1.08236 g -1
813 100.00000 62.15000 56006.14935 21.65000 299 0.00201 1.15782 g -1
516 121.29889 11.75000 56006.15294 21.65000 299 0.00184 1.07977 g -1
463 116.99044 4.55000 56006.15653 21.65000 299 0.00176 1.14163 g -1
704 88.84822 40.55000 56006.16012 21.65000 299 0.00167 1.10105 g -1
838 94.28571 69.35000 56006.16371 21.65000 299 0.00164 1.28148 g -1
568 130.95195 18.95000 56006.16729 21.65000 299 0.00161 1.04482 g -1
517 128.57400 11.75000 56006.17088 21.65000 299 0.00149 1.08113 g -1
839 111.42857 69.35000 56006.17447 21.65000 299 0.00146 1.24600 g -1
780 82.05244 54.95000 56006.17806 21.65000 299 0.00144 1.24883 g -1
464 123.83222 4.55000 56006.18165 21.65000 299 0.00142 1.14283 g -1
462 110.14867 4.55000 56006.18523 21.65000 299 0.00136 1.19476 g -1
837 77.14286 69.35000 56006.18882 21.65000 299 0.00135 1.43511 g -1
569 138.00511 18.95000 56006.19241 21.65000 299 0.00132 1.04030 g -1
413 121.35000 -2.65000 56006.19600 21.65000 299 0.00126 1.25772 g -1
857 84.00000 76.55000 56006.19959 21.65000 299 0.00125 1.50827 g -1
518 135.84911 11.75000 56006.20317 21.65000 299 0.00117 1.07634 g -1
858 108.00000 76.55000 56006.20676 21.65000 299 0.00112 1.41311 g -1
465 130.67400 4.55000 56006.21035 21.65000 299 0.00109 1.14804 g -1
570 145.05827 18.95000 56006.21394 21.65000 299 0.00108 1.03896 g -1
414 128.44000 -2.65000 56006.21753 21.65000 299 0.00093 1.26074 g -1
519 143.12422 11.75000 56006.22111 21.65000 299 0.00091 1.07685 g -1
571 152.11144 18.95000 56006.22470 21.65000 299 0.00089 1.04602 g -1
621 158.58229 26.15000 56006.22829 21.65000 299 0.00089 1.03583 g -1
466 137.51578 4.55000 56006.23188 21.65000 299 0.00082 1.15016 g -1
669 164.76350 33.35000 56006.23547 21.65000 299 0.00078 1.03903 g -1
572 159.16460 18.95000 56006.23905 21.65000 299 0.00076 1.05147 g -1
622 166.06400 26.15000 56006.24264 21.65000 299 0.00074 1.04505 g -1
520 150.39933 11.75000 56006.24623 21.65000 299 0.00073 1.07610 g -1
713 166.39956 40.55000 56006.24982 21.65000 299 0.00070 1.03129 g -1
362 125.08817 -9.85000 56006.25341 21.65000 299 0.00069 1.57051 g -1
372 195.78483 -9.85000 56006.25699 21.65000 299 0.00068 1.93956 g -1
573 166.21777 18.95000 56006.26058 21.65000 299 0.00067 1.04927 g -1
415 135.53000 -2.65000 56006.26417 21.65000 299 0.00065 1.32559 g -1
871 100.00000 83.75000 56006.26776 21.65000 299 0.00063 1.67712 g -1
412 114.26000 -2.65000 56006.27135 21.65000 299 0.00063 1.75932 g -1
623 173.54571 26.15000 56006.27493 21.65000 299 0.00062 1.02933 g -1
467 144.35756 4.55000 56006.27852 21.65000 299 0.00062 1.19185 g -1
670 172.61679 33.35000 56006.28211 21.65000 299 0.00061 1.01048 g -1
322 199.28070 -17.05000 56006.28570 21.65000 299 0.00072 2.04081 g -1
574 173.27093 18.95000 56006.28928 21.65000 299 0.00061 1.04096 g -1
521 157.67444 11.75000 56006.29287 21.65000 299 0.00061 1.08771 g -1
