665 133.35036 33.35000 55996.11527 21.65000 299 0.00577 1.20352 g -1
664 125.49707 33.35000 55996.11885 21.65000 299 0.00508 1.11535 g -1
666 141.20364 33.35000 55996.12244 21.65000 299 0.00484 1.27081 g -1
782 103.90195 54.95000 55996.12603 21.65000 299 0.00468 1.08009 g -1
618 136.13714 26.15000 55996.12962 21.65000 299 0.00449 1.20436 g -1
749 128.97700 47.75000 55996.13321 21.65000 299 0.00448 1.11865 g -1
748 119.55231 47.75000 55996.13679 21.65000 299 0.00442 1.06666 g -1
783 114.82671 54.95000 55996.14038 21.65000 299 0.00441 1.09014 g -1
619 143.61886 26.15000 55996.14397 21.65000 299 0.00439 1.23279 g -1
750 138.40169 47.75000 55996.14756 21.65000 299 0.00417 1.14689 g -1
747 110.12762 47.75000 55996.15115 21.65000 299 0.00412 1.03423 g -1
616 121.17371 26.15000 55996.15473 21.65000 299 0.00397 1.03224 g -1
784 125.75146 54.95000 55996.15832 21.65000 299 0.00388 1.10193 g -1
709 131.93230 40.55000 55996.16191 21.65000 299 0.00378 1.05939 g -1
710 140.54911 40.55000 55996.16550 21.65000 299 0.00368 1.10104 g -1
617 128.65543 26.15000 55996.16909 21.65000 299 0.00365 1.04087 g -1
840 128.57143 69.35000 55996.17267 21.65000 299 0.00352 1.25158 g -1
663 117.64379 33.35000 55996.17626 21.65000 299 0.00349 1.00097 g -1
708 123.31548 40.55000 55996.17985 21.65000 299 0.00339 1.01325 g -1
839 111.42857 69.35000 55996.18344 21.65000 299 0.00320 1.23780 g -1
570 145.05827 18.95000 55996.18703 21.65000 299 0.00320 1.12973 g -1
841 145.71429 69.42000 55996.19061 21.65000 299 0.00317 1.28335 g -1
711 149.16593 40.55000 55996.19420 21.65000 299 0.00312 1.08976 g -1
751 147.82638 47.75000 55996.19779 21.65000 299 0.00310 1.09361 g -1
858 108.00000 76.55000 55996.20138 21.65000 299 0.00308 1.38460 g -1
667 149.05693 33.35000 55996.20496 21.65000 299 0.00305 1.06452 g -1
567 123.89878 18.95000 55996.20855 21.65000 299 0.00302 1.03340 g -1
707 114.69867 40.55000 55996.21214 21.65000 299 0.00282 1.02434 g -1
785 136.67622 54.95000 55996.21573 21.65000 299 0.00273 1.08031 g -1
568 130.95195 18.95000 55996.21932 21.65000 299 0.00256 1.03276 g -1
814 113.33333 62.15000 55996.22290 21.65000 299 0.00253 1.16638 g -1
817 153.33333 62.15000 55996.22649 21.65000 299 0.00252 1.17385 g -1
838 94.28571 69.35000 55996.23008 21.65000 299 0.00246 1.34879 g -1
620 151.10057 26.15000 55996.23367 21.65000 299 0.00241 1.03746 g -1
859 132.00000 76.55000 55996.23726 21.65000 299 0.00241 1.37176 g -1
712 157.78274 40.55000 55996.24084 21.65000 299 0.00229 1.04753 g -1
569 138.00511 18.95000 55996.24443 21.65000 299 0.00226 1.03292 g -1
816 140.00000 62.15000 55996.24802 21.65000 299 0.00221 1.14052 g -1
813 100.00000 62.15000 55996.25161 21.65000 299 0.00221 1.28639 g -1
517 128.57400 11.75000 55996.25520 21.65000 299 0.00217 1.10729 g -1
815 126.66667 62.15000 55996.25878 21.65000 299 0.00214 1.16518 g -1
857 84.00000 76.55000 55996.26237 21.65000 299 0.00211 1.59358 g -1
818 166.66667 62.15000 55996.26596 21.65000 299 0.00208 1.17074 g -1
668 156.91021 33.35000 55996.26955 21.65000 299 0.00202 1.00788 g -1
842 162.85714 69.35000 55996.27314 21.65000 299 0.00191 1.24708 g -1
520 150.39933 11.75000 55996.27672 21.65000 299 0.00187 1.07608 g -1
615 113.69200 26.15000 55996.28031 21.65000 299 0.00180 1.20637 g -1
571 152.11144 18.95000 55996.28390 21.65000 299 0.00179 1.03301 g -1
518 135.84911 11.75000 55996.28749 21.65000 299 0.00170 1.12993 g -1
519 143.12422 11.75000 55996.29108 21.65000 299 0.00163 1.10077 g -1
788 169.45049 54.95000 55996.29466 21.65000 299 0.00161 1.08736 g -1
752 157.25108 47.75000 55996.29825 21.65000 299 0.00158 1.03229 g -1
786 147.60097 54.95000 55996.30184 21.65000 299 0.00152 1.08803 g -1
621 158.58229 26.15000 55996.30543 21.65000 299 0.00151 1.00896 g -1
631 233.39943 26.15000 55996.30902 21.65000 299 0.00150 2.04543 g -1
582 230.77318 18.95000 55996.31260 21.65000 299 0.00154 2.04662 g -1
746 100.70292 47.75000 55996.31619 21.65000 299 0.00150 1.53943 g -1
566 116.84562 18.95000 55996.31978 21.65000 299 0.00148 1.44877 g -1
669 164.76350 33.35000 55996.32337 21.65000 299 0.00144 1.00096 g -1
706 106.08185 40.55000 55996.32696 21.65000 299 0.00144 1.54746 g -1
468 151.19933 4.55000 55996.33054 21.65000 299 0.00142 1.20542 g -1
787 158.52573 54.95000 55996.33413 21.65000 299 0.00139 1.08962 g -1
678 235.44307 33.35000 55996.33772 21.65000 299 0.00137 1.60047 g -1
531 229.07556 11.75000 55996.34131 21.65000 299 0.00131 1.71576 g -1
583 238.04173 18.95000 55996.34490 21.65000 299 0.00127 1.84033 g -1
466 137.51578 4.55000 55996.34848 21.65000 299 0.00124 1.45499 g -1
532 236.05067 11.75000 55996.35207 21.65000 299 0.00121 1.83085 g -1
630 225.91771 26.15000 55996.35566 21.65000 299 0.00121 1.31824 g -1
465 130.67400 4.55000 55996.35925 21.65000 299 0.00121 1.73049 g -1
860 156.00000 76.55000 55996.36284 21.65000 299 0.00120 1.40802 g -1
632 240.88114 26.15000 55996.36642 21.65000 299 0.00119 1.55128 g -1
480 233.30067 4.55000 55996.37001 21.65000 299 0.00118 1.68645 g -1
680 251.14964 33.35000 55996.37360 21.65000 299 0.00117 1.68107 g -1
721 235.33407 40.55000 55996.37719 21.65000 299 0.00117 1.27972 g -1
581 223.50463 18.95000 55996.38078 21.65000 299 0.00117 1.21141 g -1
677 227.58979 33.35000 55996.38436 21.65000 299 0.00116 1.17126 g -1
572 159.16460 18.95000 55996.38795 21.65000 299 0.00115 1.17812 g -1
633 248.36286 26.15000 55996.39154 21.65000 299 0.00114 1.51047 g -1
622 166.06400 26.15000 55996.39513 21.65000 299 0.00113 1.10308 g -1
789 180.37888 54.95000 55996.39871 21.65000 299 0.00112 1.09316 g -1
584 245.31027 18.95000 55996.40230 21.65000 299 0.00110 1.43581 g -1
679 243.29636 33.35000 55996.40589 21.65000 299 0.00109 1.26649 g -1
754 176.10046 47.75000 55996.40948 21.65000 299 0.00108 1.08089 g -1
530 222.10044 11.75000 55996.41307 21.65000 299 0.00106 1.14920 g -1
713 166.39956 40.55000 55996.41665 21.65000 299 0.00105 1.14003 g -1
723 252.56770 40.55000 55996.42024 21.65000 299 0.00102 1.30311 g -1
521 157.67444 11.75000 55996.42383 21.65000 299 0.00100 1.47961 g -1
479 226.45889 4.55000 55996.42742 21.65000 299 0.00100 1.21965 g -1
819 180.00000 62.15000 55996.43101 21.65000 299 0.00099 1.19690 g -1
722 243.95089 40.55000 55996.43459 21.65000 299 0.00099 1.14794 g -1
429 234.79000 -2.65000 55996.43818 21.65000 299 0.00098 1.37588 g -1
753 166.67577 47.75000 55996.44177 21.65000 299 0.00098 1.23105 g -1
533 243.02578 11.75000 55996.44536 21.65000 299 0.00096 1.23270 g -1
761 243.82331 47.75000 55996.44895 21.65000 299 0.00095 1.12325 g -1
724 261.18452 40.55000 55996.45253 21.65000 299 0.00094 1.26174 g -1
760 234.04862 47.75000 55996.45612 21.65000 299 0.00094 1.06336 g -1
720 226.71726 40.55000 55996.45971 21.65000 299 0.00093 1.01709 g -1
478 219.61711 4.55000 55996.46330 21.65000 299 0.00093 1.14212 g -1
580 216.23608 18.95000 55996.46689 21.65000 299 0.00093 1.03419 g -1
529 215.12533 11.75000 55996.47047 21.65000 299 0.00093 1.08082 g -1
477 212.77533 4.55000 55996.47406 21.65000 299 0.00091 1.15666 g -1
426 213.52000 -2.65000 55996.47765 21.65000 299 0.00091 1.25660 g -1
481 240.14244 4.55000 55996.48124 21.65000 299 0.00089 1.18182 g -1
629 218.43600 26.15000 55996.48483 21.65000 299 0.00087 1.01491 g -1
573 166.21777 18.95000 55996.48841 21.65000 299 0.00087 1.78721 g -1
428 227.70000 -2.65000 55996.49200 21.65000 299 0.00086 1.23710 g -1
763 263.37269 47.75000 55996.49559 21.65000 299 0.00086 1.14133 g -1
795 246.70105 54.95000 55996.49918 21.65000 299 0.00085 1.09546 g -1
681 259.00293 33.35000 55996.50277 21.65000 299 0.00084 1.07862 g -1
427 220.61000 -2.65000 55996.50635 21.65000 299 0.00081 1.27180 g -1
375 216.99383 -9.85000 55996.50994 21.65000 299 0.00081 1.45477 g -1
755 185.52515 47.75000 55996.51353 21.65000 299 0.00080 1.31367 g -1
634 255.84457 26.15000 55996.51712 21.65000 299 0.00080 1.04715 g -1
715 183.63319 40.55000 55996.52071 21.65000 299 0.00080 1.39293 g -1
528 208.15022 11.75000 55996.52429 21.65000 299 0.00080 1.24408 g -1
762 253.59800 47.75000 55996.52788 21.65000 299 0.00080 1.04537 g -1
676 219.73650 33.35000 55996.53147 21.65000 299 0.00079 1.05978 g -1
714 175.01637 40.55000 55996.53506 21.65000 299 0.00078 1.71558 g -1
579 208.96753 18.95000 55996.53865 21.65000 299 0.00076 1.22998 g -1
794 235.60357 54.95000 55996.54223 21.65000 299 0.00076 1.08595 g -1
825 260.00000 62.15000 55996.54582 21.65000 299 0.00075 1.15172 g -1
