0.0000000000 9.3324433054e-02 47.5250026601
0.0035879630 1.7496675924e-01 94.8401819089
0.0071759259 2.4290008283e-01 138.7981865768
0.0107638889 2.9763424343e-01 181.8119858939
0.0143518519 3.4682167923e-01 229.1796209955
0.0179398148 3.8952707703e-01 272.7179788408
0.0215277778 4.2498004803e-01 316.3612483918
0.0251157408 4.5765484586e-01 360.0045179428
0.0287037037 4.8347269253e-01 402.2314794675
0.0322916667 5.0989450150e-01 449.4942028634
0.0358796296 5.2905253290e-01 492.9801048559
0.0394675926 5.4707660448e-01 535.9939041730
0.0430555556 5.6491988276e-01 581.2108493087
0.0466435185 5.7972053948e-01 626.4277944445
0.0502314815 5.9266087591e-01 673.7429736933
0.0538194445 6.0278442577e-01 715.3404649840
0.0574074074 6.1182053536e-01 760.4524984141
0.0609953704 6.1972409201e-01 807.1382074290
0.0645833334 6.2743851477e-01 854.9254893532
0.0681712963 6.3466064905e-01 900.1424344890
0.0717592593 6.4186459941e-01 945.4118354776
0.0753472223 6.4760201334e-01 947.6674371491
0.0789351852 6.5310020753e-01 993.4089408131
0.7017607344 6.6413186459e-01 1036.1080050132
0.7053486974 6.7519143808e-01 1079.9086421226
0.7089366603 6.9258368736e-01 1127.1189096658
0.7125246233 7.0549111543e-01 1172.2309430959
0.7161125863 7.1589042527e-01 1217.2380648203
0.7197005492 7.2415662731e-01 1264.3958765106
0.7232885122 7.3166804926e-01 1312.1307025820
0.7268764752 7.3954588552e-01 1357.8197503932
0.7304644381 7.4534330577e-01 1403.9809008798
0.7340524011 7.5108765242e-01 1451.7157269512
0.7376403641 7.5636217297e-01 1497.6145981737
0.7412283270 7.6171006947e-01 1543.3561018377
0.7448162900 7.6653206433e-01 1586.8944596830
0.7484042529 7.7161577820e-01 1632.7408750527
0.7519922159 7.7648428418e-01 1680.4757011241
0.7555801789 7.8105824347e-01 1724.5910733505
0.7591681418 7.8513754807e-01 1771.5390616295
0.7627561048 7.8892426994e-01 1815.1298753276
0.7663440678 7.9287016273e-01 1861.2910258142
0.7699320307 7.9650142360e-01 1907.3997204480
0.7735199937 8.0016308016e-01 1954.8722672553
0.7771079567 8.0372369682e-01 2001.7677996815
0.7806959196 8.0678137291e-01 2003.8135779417
0.7842838826 8.0972483902e-01 2048.8731555189
0.7878718456 8.1261771797e-01 2096.1883347677
0.7914598085 8.1536057039e-01 2143.1887788995
0.7950477715 8.1786106227e-01 2190.3990464427
0.7986357345 8.2044760920e-01 2237.7666815443
0.8022236974 8.2290420437e-01 2279.2592611294
0.8058116604 8.2551408283e-01 2281.3050393896
0.8093996234 8.2775870385e-01 2283.2459059442
0.8129875863 8.2979738760e-01 2328.9874096082
0.8165755493 8.3211134737e-01 2375.8304861815
0.8201635122 8.3433688106e-01 2418.8967413514
0.8237514752 8.3666090788e-01 2466.6840232756
0.8273394382 8.3877529668e-01 2513.8942908187
0.8309274011 8.4085570088e-01 2561.0521025090
0.8345153641 8.4311942989e-01 2563.2552483277
0.8381033271 8.4504474830e-01 2610.3081483124
0.8416912900 8.4684436275e-01 2612.4588382782
0.8452792530 8.4869690285e-01 2659.8789292327
0.8488672160 8.5041251201e-01 2705.3056977797
0.8524551789 8.5208961341e-01 2707.1416526286
0.8560431419 8.5370891740e-01 2752.7782445870
0.8596311049 8.5534917102e-01 2754.8240228472
0.8632190678 8.5678528388e-01 2800.5655265112
0.8668070308 8.5795752171e-01 2841.7958268322
0.8703949938 8.5921863992e-01 2887.4848746434
0.8739829567 8.6046449791e-01 2934.5377746280
0.8775709197 8.6170235256e-01 2936.4786411826
0.8811588827 8.6292916855e-01 2984.2659231068
0.8847468456 8.6426276356e-01 2994.6521819663
0.8883348086 8.6542546139e-01 3041.7050819509
0.8919227715 8.6634118353e-01 3043.6984043583
0.8926172160 8.6634118353e-01 3043.6984043583
0.8962051790 8.6634118353e-01 3043.6984043583
0.8997931419 8.6634118353e-01 3043.6984043583
0.9033811049 8.6634118353e-01 3043.6984043583
0.9069690679 8.6634118353e-01 3043.6984043583
0.9105570308 8.6634118353e-01 3043.6984043583
0.9141449938 8.6634118353e-01 3043.6984043583
0.9177329567 8.6634118353e-01 3043.6984043583
0.9213209197 8.6634118353e-01 3043.6984043583
0.9249088827 8.6634118353e-01 3043.6984043583
0.9284968456 8.6634118353e-01 3043.6984043583
0.9320848086 8.6634118353e-01 3043.6984043583
0.9356727716 8.6634118353e-01 3043.6984043583
0.9392607345 8.6634118353e-01 3043.6984043583
0.9428486975 8.6634118353e-01 3043.6984043583
0.9464366605 8.6634118353e-01 3043.6984043583
0.9500246234 8.6634118353e-01 3043.6984043583
0.9536125864 8.6634118353e-01 3043.6984043583
0.9572005494 8.6634118353e-01 3043.6984043583
0.9607885123 8.6634118353e-01 3043.6984043583
0.9643764753 8.6634118353e-01 3043.6984043583
0.9679644383 8.6634118353e-01 3043.6984043583
0.9715524012 8.6634118353e-01 3043.6984043583
0.9751403642 8.6634118353e-01 3043.6984043583
0.9787283272 8.6634118353e-01 3043.6984043583
0.9823162901 8.6634118353e-01 3043.6984043583
0.9859042531 8.6634118353e-01 3043.6984043583
0.9894922160 8.6634118353e-01 3043.6984043583
0.9930801790 8.6634118353e-01 3043.6984043583
0.9966681420 8.6634118353e-01 3043.6984043583
