0.4415902048 5.3962370281e-03 27.1721317637
0.4451781677 7.6414999498e-03 75.0118695407
0.4487661307 9.5099528716e-03 102.2364571573
0.4523540937 1.1359161938e-02 129.3036772153
0.4559420566 1.3023830498e-02 176.4614889056
0.4595300196 1.4589692427e-02 224.3012266827
0.4631179826 1.6097537621e-02 251.2110791823
0.4667059455 1.9858154808e-02 297.7394206387
0.4702939085 2.0999464684e-02 345.3168791516
0.4738818715 2.2055723946e-02 392.3697791362
0.4846457604 2.4310652149e-02 438.6358413285
0.5097615011 2.6712239452e-02 485.8985647244
0.5277013159 3.0257263596e-02 532.2170827695
0.6281642790 3.1628824025e-02 579.4798061655
0.6461040938 3.4183192147e-02 626.8998971199
0.6604559456 4.1863060939e-02 674.2150763687
0.6640439086 4.8347201249e-02 722.5269168212
0.6748077975 8.0432767847e-02 764.0719522591
0.6783957605 8.8532036617e-02 811.4395873607
0.6819837234 1.7460363527e-01 854.4533866778
0.6855716864 2.0222332943e-01 901.6111983681
0.6891596494 2.8645603594e-01 944.6774535380
0.6927476123 2.9791828251e-01 949.7132154093
0.6963355753 3.2156768830e-01 997.5004973335
0.6999235383 3.3348346333e-01 1044.3960297596
0.7035115012 3.5856526503e-01 1089.4031514841
0.7070994642 3.6258093100e-01 1137.1379775555
0.7106874271 3.8248879519e-01 1180.8337029593
0.7142753901 4.3071209538e-01 1227.1522210044
0.7178633531 4.7278559261e-01 1269.6939176460
0.7214513160 5.2201973796e-01 1311.6585999066
0.7250392790 5.5845173242e-01 1357.2951918649
0.7286272420 5.7819653799e-01 1398.2632129218
0.7322152049 6.0035847007e-01 1445.4734804649
0.7358031679 6.2439949153e-01 1491.6870868044
0.7393911309 6.5259764538e-01 1538.7399867890
0.7429790938 6.6860573069e-01 1584.3765787474
0.7465670568 6.8350501404e-01 1623.1939098384
0.7501550198 6.9327524087e-01 1671.2959268796
0.7537429827 7.0072089150e-01 1717.8242683360
0.7573309457 7.0646817748e-01 1764.8771683206
0.7609189087 7.1209881253e-01 1810.7235836903
0.7645068716 7.1685594212e-01 1855.9405288260
0.7680948346 7.2085716879e-01 1899.6362542298
0.7716827976 7.2464081881e-01 1946.5842425088
0.7752707605 7.2802108142e-01 1993.1650398180
0.7788587235 7.3145563261e-01 2040.3753073612
0.7824466864 7.3418926622e-01 2083.5989300895
0.7860346494 7.3671929918e-01 2085.8545317611
0.7896226124 7.3928433681e-01 2132.1205939533
0.7932105753 7.4178158269e-01 2134.4286514776
0.7967985383 7.4421583658e-01 2136.3695180322
0.8003865013 7.4656157985e-01 2139.2545899376
0.8039744642 7.4881008472e-01 2184.9436377488
0.8075624272 7.5100625518e-01 2231.9965377334
0.8111503902 7.5415397520e-01 2273.5415731714
0.8147383531 7.5651334659e-01 2316.6078283413
0.8183263161 7.5866204525e-01 2363.9230075901
0.8219142791 7.6061310678e-01 2411.1332751332
0.8255022420 7.6300996972e-01 2420.6802403475
0.8290902050 7.6462449822e-01 2423.3554888416
0.8326781680 7.6621726533e-01 2425.6110905131
0.8362661309 7.6780112149e-01 2473.8180192599
0.8398540939 7.6871651225e-01 2514.4188493470
0.8434420569 7.7023308884e-01 2516.5170834600
0.8470300198 7.7152697727e-01 2518.6677734259
0.8506179828 7.7277439833e-01 2521.0282868030
0.8542059457 7.7384396549e-01 2566.1403202331
0.8577939087 7.7495798092e-01 2571.2285379572
0.8613818717 7.7592677101e-01 2572.8022135420
0.8649698346 7.7666371602e-01 2618.5437172060
0.8685577976 7.7744936512e-01 2620.7468630247
0.8692522421 7.7744936512e-01 2620.7468630247
0.8728402050 7.7744936512e-01 2620.7468630247
0.8764281680 7.7744936512e-01 2620.7468630247
0.8800161309 7.7744936512e-01 2620.7468630247
0.8836040939 7.7744936512e-01 2620.7468630247
0.8871920569 7.7744936512e-01 2620.7468630247
0.8907800198 7.7744936512e-01 2620.7468630247
0.8943679828 7.7744936512e-01 2620.7468630247
0.8979559458 7.7744936512e-01 2620.7468630247
0.9015439087 7.7744936512e-01 2620.7468630247
0.9051318717 7.7744936512e-01 2620.7468630247
0.9087198347 7.7744936512e-01 2620.7468630247
