0.0000000000 4.7763341175e-03 47.7872819242
0.0035879630 9.5098002984e-03 95.1024611730
0.0071759259 1.3931649774e-02 140.3194063087
0.0107638889 1.8281439518e-02 187.5296738519
0.0143518519 2.2067262869e-02 229.5468119653
0.0179398148 2.5929359344e-02 276.9144470669
0.0215277778 2.9602191413e-02 324.2296263156
0.0251157408 3.2799477189e-02 371.1776145946
0.0287037037 3.6173290828e-02 418.4927938434
0.0322916667 3.9701669926e-02 465.8079730922
0.0358796296 4.2767247682e-02 513.1231523410
0.0394675926 4.5775599239e-02 560.7530667067
0.0430555556 5.1495916636e-02 606.8617613405
0.0466435185 5.4169948360e-02 652.9180001215
0.0502314815 5.6893428014e-02 699.9709001061
0.0538194445 5.9861533575e-02 744.8206542721
0.0574074074 6.2255195077e-02 791.8735542567
0.0609953704 6.4633453985e-02 833.7333248116
0.0645833334 6.6906245697e-02 878.6355348304
0.0681712963 6.8936077001e-02 922.8033629097
0.0717592593 7.1324933169e-02 969.4890719245
0.0753472223 7.3497035001e-02 1016.8042511733
0.0789351852 7.5411923329e-02 1063.8571511580
0.0825231482 7.7355033069e-02 1111.6968889350
0.0861111112 7.8951622765e-02 1153.6091153427
0.0896990741 8.0936008757e-02 1201.0292062972
0.0932870371 8.2746237658e-02 1248.3443855460
0.0968750001 8.4436303320e-02 1293.6137865345
0.1004629630 8.6155560838e-02 1330.0181483956
0.1040509260 8.7753297267e-02 1371.5107279807
0.1076388889 8.9413827695e-02 1417.5145109088
0.1112268519 9.1154892097e-02 1464.7772343048
0.1148148149 9.2727548606e-02 1511.8301342894
0.1184027778 9.4283657319e-02 1558.8830342741
0.1219907408 9.5838246464e-02 1605.9359342587
0.1255787038 9.7392444829e-02 1651.9921730397
0.1291666667 9.8946781339e-02 1699.2024405828
0.1327546297 1.0033205290e-01 1744.2095623073
0.1363425927 1.0177391039e-01 1791.8919325258
0.1399305556 1.0319499362e-01 1833.8041589336
0.1435185186 1.0459748759e-01 1879.8603977145
0.1471064816 1.0604669138e-01 1927.4903120803
0.1506944445 1.0740605864e-01 1975.0677705932
0.1542824075 1.0876030856e-01 2022.5927732533
0.1578703705 1.1008725207e-01 2069.5407615323
0.1614583334 1.1140760654e-01 2114.8626183737
0.1650462964 1.1269924801e-01 2160.0795635094
0.1686342594 1.1391981311e-01 2203.1982745321
0.1722222223 1.1518626823e-01 2248.5201313735
0.1758101853 1.1640370004e-01 2294.6288260073
0.1793981482 1.1749245073e-01 2330.9807320155
0.1829861112 1.1871295787e-01 2378.0336320002
0.1865740742 1.1974934965e-01 2420.7851520531
0.1901620371 1.2096778968e-01 2468.6248898302
0.1937500001 1.2215853822e-01 2515.6777898148
0.1973379631 1.2334815571e-01 2561.7340285958
0.2009259260 1.2453522614e-01 2609.1016636974
0.2045138890 1.2570267251e-01 2653.2694917766
0.2081018520 1.2684329740e-01 2696.2832910937
0.2116898149 1.2787349126e-01 2740.3462074673
0.2152777779 1.2898236970e-01 2787.3991074519
0.2188657409 1.3008222400e-01 2834.6093749951
0.2224537038 1.3116856205e-01 2881.6622749797
0.2260416668 1.3224373064e-01 2927.7709696135
0.2296296298 1.3435239409e-01 2975.2959722736
0.2332175927 1.3557344037e-01 3023.4504451676
0.2368055557 1.3653861024e-01 3068.6673903033
0.2403935187 1.3757063234e-01 3115.8776578465
0.2439814816 1.3858712634e-01 3162.5633668613
0.2475694446 1.3966146006e-01 3209.6162668460
0.2511574075 1.4065591267e-01 3250.8990230198
0.2547453705 1.4163719266e-01 3297.9519230045
0.2583333335 1.4261044214e-01 3345.3195581061
0.8611843303 1.4479111005e-01 3392.3724580907
0.8647722933 1.4696446132e-01 3439.4253580754
0.8683602563 1.4885137455e-01 3486.4782580600
0.8719482192 1.5066759769e-01 3533.5311580447
0.8755361822 1.5246547618e-01 3580.5840580293
0.8791241452 1.5426913838e-01 3627.7943255724
0.8827121081 1.5608299144e-01 3674.9521372627
0.8863000711 1.5786083558e-01 3722.0050372474
0.8898880341 1.5969557138e-01 3769.7923191716
0.8934759970 1.6147370200e-01 3817.0550425676
0.8970639600 1.6324390295e-01 3864.1603984050
0.9006519230 1.6499345607e-01 3912.0001361821
0.9042398859 1.6673157576e-01 3959.7349622535
0.9078278489 1.6846389059e-01 4006.8927739438
0.9114158119 1.7048497351e-01 4053.9456739284
0.9150037748 1.7220926602e-01 4101.4182207357
0.9185917378 1.7388273832e-01 4147.9990180449
0.9221797007 1.7554305571e-01 4195.2092855880
0.9257676637 1.7714321527e-01 4242.9965675122
0.9293556267 1.7867642430e-01 4290.0494674969
0.9329435896 1.8017395137e-01 4336.4728972476
0.9365315526 1.8166299379e-01 4384.1028116134
0.9401195156 1.8309314353e-01 4431.0507998924
0.9437074785 1.8452075679e-01 4478.7856259637
0.9472954415 1.8592433692e-01 4525.6287025371
0.9508834045 1.8731373133e-01 4572.2094998463
0.9544713674 1.8921553861e-01 4619.4722232423
0.9580593304 1.9084100554e-01 4665.7907412874
0.9616472934 1.9221072320e-01 4712.9485529777
0.9652352563 1.9353705834e-01 4760.0014529623
0.9688232193 1.9483804863e-01 4806.6347061244
0.9724111823 1.9611778118e-01 4853.7400619618
0.9759991452 1.9737524427e-01 4900.2684034182
0.9795871082 1.9865532753e-01 4946.6918331690
0.9831750712 1.9983287219e-01 4993.1677187725
0.9867630341 2.0100974918e-01 5039.9583394931
0.9903509971 2.0216319711e-01 5087.2210628890
0.9939389600 2.0332413698e-01 5135.0608006660
0.9975269230 2.0447711198e-01 5183.3201852657
