281 265.10429 -24.25000 56153.14851 21.65000 299 0.01029 1.88025 g -1
331 262.55696 -17.05000 56153.15210 21.65000 299 0.00667 1.57034 g -1
283 279.83661 -24.25000 56153.15569 21.65000 299 0.00432 2.00340 g -1
334 283.72589 -17.05000 56153.15928 21.65000 299 0.00421 1.70300 g -1
280 257.81886 -24.25000 56153.16286 21.65000 299 0.00363 1.88581 g -1
332 269.58765 -17.05000 56153.16645 21.65000 299 0.00296 1.57317 g -1
336 297.88975 -17.05000 56153.17004 21.65000 299 0.00294 1.90260 g -1
284 287.22968 -24.25000 56153.17363 21.65000 299 0.00384 2.01836 g -1
337 304.97168 -17.05000 56153.17722 21.65000 299 0.00295 2.03407 g -1
282 272.44354 -24.25000 56153.18080 21.65000 299 0.00282 1.86719 g -1
387 301.75815 -9.85000 56153.18439 21.65000 299 0.00255 1.60451 g -1
333 276.64396 -17.05000 56153.18798 21.65000 299 0.00254 1.57142 g -1
382 266.48150 -9.85000 56153.19157 21.65000 299 0.00238 1.38901 g -1
330 255.52626 -17.05000 56153.19516 21.65000 299 0.00233 1.70759 g -1
384 280.61059 -9.85000 56153.19874 21.65000 299 0.00229 1.37385 g -1
381 259.41183 -9.85000 56153.20233 21.65000 299 0.00194 1.46623 g -1
388 308.80733 -9.85000 56153.20592 21.65000 299 0.00173 1.59142 g -1
439 305.47596 -2.65000 56153.20951 21.65000 299 0.00150 1.35704 g -1
438 298.44712 -2.65000 56153.21310 21.65000 299 0.00136 1.28526 g -1
386 294.70896 -9.85000 56153.21668 21.65000 299 0.00135 1.39873 g -1
389 315.85652 -9.85000 56153.22027 21.65000 299 0.00115 1.62553 g -1
440 312.50481 -2.65000 56153.22386 21.65000 299 0.00106 1.37817 g -1
491 309.15208 4.55000 56153.22745 21.65000 299 0.00104 1.21948 g -1
383 273.55117 -9.85000 56153.23104 21.65000 299 0.00098 1.43151 g -1
490 302.14120 4.55000 56153.23462 21.65000 299 0.00092 1.16355 g -1
441 319.53365 -2.65000 56153.23821 21.65000 299 0.00085 1.40151 g -1
543 312.88387 11.75000 56153.24180 21.65000 299 0.00085 1.13414 g -1
433 263.15000 -2.65000 56153.24539 21.65000 299 0.00084 1.45331 g -1
390 322.90570 -9.85000 56153.24898 21.65000 299 0.00082 1.56676 g -1
807 20.00000 62.15000 56153.25256 21.65000 299 0.00080 1.87518 g -1
492 316.16296 4.55000 56153.25615 21.65000 299 0.00080 1.19562 g -1
335 290.80782 -17.05000 56153.25974 21.65000 299 0.00080 1.59114 g -1
544 319.86812 11.75000 56153.26333 21.65000 299 0.00079 1.12932 g -1
338 312.05361 -17.05000 56153.26692 21.65000 299 0.00077 1.59731 g -1
436 284.38942 -2.65000 56153.27050 21.65000 299 0.00075 1.30975 g -1
385 287.65978 -9.85000 56153.27409 21.65000 299 0.00073 1.44305 g -1
493 323.17384 4.55000 56153.27768 21.65000 299 0.00061 1.19082 g -1
545 326.85237 11.75000 56153.28127 21.65000 299 0.00061 1.13234 g -1
285 294.62275 -24.25000 56153.28486 21.65000 299 0.00061 1.94668 g -1
835 42.85714 69.35000 56153.28844 21.65000 299 0.00069 2.00439 g -1
697 28.87947 40.55000 56153.29203 21.65000 299 0.00155 2.02856 g -1
739 32.32418 47.75000 56153.29562 21.65000 299 0.00081 1.97590 g -1
343 347.46325 -17.05000 56153.29921 21.65000 299 0.00079 1.98297 g -1
435 277.33000 -2.65000 56153.30280 21.65000 299 0.00060 1.57642 g -1
595 325.12618 18.95000 56153.30638 21.65000 299 0.00059 1.04201 g -1
652 31.70944 33.35000 56153.30997 21.65000 299 0.00130 2.02285 g -1
856 60.00000 76.55000 56153.31356 21.65000 299 0.00093 2.01240 g -1
698 37.42753 40.55000 56153.31715 21.65000 299 0.00404 2.00619 g -1
740 42.36127 47.75000 56153.32073 21.65000 299 0.00199 2.01370 g -1
809 46.66667 62.15000 56153.32432 21.65000 299 0.00080 1.89482 g -1
777 49.31587 54.95000 56153.32791 21.65000 299 0.00135 2.04002 g -1
653 39.49322 33.35000 56153.33150 21.65000 299 0.00096 2.02380 g -1
836 60.00000 69.35000 56153.33509 21.65000 299 0.00081 2.01160 g -1
699 45.97560 40.55000 56153.33867 21.65000 299 0.00157 2.04099 g -1
292 346.37425 -24.25000 56153.34226 21.65000 299 0.00090 1.98671 g -1
442 326.56250 -2.65000 56153.34585 21.65000 299 0.00056 1.23840 g -1
741 52.39836 47.75000 56153.34944 21.65000 299 0.00468 2.00154 g -1
810 60.00000 62.15000 56153.35303 21.65000 299 0.00153 1.97061 g -1
654 47.27700 33.35000 56153.35661 21.65000 299 0.00100 1.96465 g -1
778 60.11656 54.95000 56153.36020 21.65000 299 0.00450 2.01127 g -1
700 54.52367 40.55000 56153.36379 21.65000 299 0.00201 2.01828 g -1
293 353.76732 -24.25000 56153.36738 21.65000 299 0.00111 1.96234 g -1
606 46.11520 26.15000 56153.37097 21.65000 299 0.00077 1.84381 g -1
742 62.43545 47.75000 56153.37455 21.65000 299 0.00541 2.04033 g -1
655 55.06078 33.35000 56153.37814 21.65000 299 0.00211 1.96552 g -1
857 84.00000 76.55000 56153.38173 21.65000 299 0.00139 2.00515 g -1
701 63.07173 40.55000 56153.38532 21.65000 299 0.00370 2.05349 g -1
779 71.12768 54.95000 56153.38891 21.65000 299 0.00778 2.03384 g -1
811 73.33333 62.15000 56153.39249 21.65000 299 0.00248 1.94725 g -1
656 62.84456 33.35000 56153.39608 21.65000 299 0.00304 2.02660 g -1
608 61.16640 26.15000 56153.39967 21.65000 299 0.00224 2.06169 g -1
743 72.25385 47.75000 56153.40326 21.65000 299 0.00636 2.01903 g -1
558 59.37382 18.95000 56153.40685 21.65000 299 0.00470 2.03740 g -1
702 71.61980 40.55000 56153.41043 21.65000 299 0.00521 2.03041 g -1
507 57.64762 11.75000 56153.41402 21.65000 299 0.00433 2.03670 g -1
657 70.62833 33.35000 56153.41761 21.65000 299 0.00394 2.02750 g -1
780 82.05244 54.95000 56153.42120 21.65000 299 0.00899 2.00923 g -1
609 68.69200 26.15000 56153.42479 21.65000 299 0.00447 1.98430 g -1
559 66.62364 18.95000 56153.42837 21.65000 299 0.00793 2.01067 g -1
744 81.85354 47.75000 56153.43196 21.65000 299 0.00770 1.98972 g -1
703 80.23141 40.55000 56153.43555 21.65000 299 0.00564 2.01061 g -1
508 64.63187 11.75000 56153.43914 21.65000 299 0.00522 1.93421 g -1
658 78.41211 33.35000 56153.44273 21.65000 299 0.00371 1.96801 g -1
560 73.87345 18.95000 56153.44631 21.65000 299 0.00362 2.05132 g -1
812 86.66667 62.15000 56153.44990 21.65000 299 0.00351 1.77523 g -1
610 76.21760 26.15000 56153.45349 21.65000 299 0.00281 1.85758 g -1
455 61.32616 4.55000 56153.45708 21.65000 299 0.00262 1.74491 g -1
454 54.31528 4.55000 56153.46067 21.65000 299 0.00238 1.51407 g -1
781 92.97719 54.95000 56153.46425 21.65000 299 0.00235 1.86590 g -1
837 77.14286 69.35000 56153.46784 21.65000 299 0.00135 1.53887 g -1
838 94.28571 69.35000 56153.47143 21.65000 299 0.00135 1.74439 g -1
607 53.64080 26.15000 56153.47502 21.65000 299 0.00120 1.18213 g -1
404 57.93750 -2.65000 56153.47861 21.65000 299 0.00103 1.61297 g -1
506 50.66337 11.75000 56153.48219 21.65000 299 0.00103 1.22764 g -1
509 71.61613 11.75000 56153.48578 21.65000 299 0.00094 1.58089 g -1
557 52.12400 18.95000 56153.48937 21.65000 299 0.00089 1.15606 g -1
745 91.27823 47.75000 56153.49296 21.65000 299 0.00074 1.61053 g -1
403 50.90865 -2.65000 56153.49655 21.65000 299 0.00070 1.37776 g -1
605 38.58960 26.15000 56153.50013 21.65000 299 0.00054 1.02557 g -1
858 108.00000 76.55000 56153.50372 21.65000 299 0.00051 1.76562 g -1
776 38.72562 54.95000 56153.50731 21.65000 299 0.00049 1.08414 g -1
