0.5246643010 6.4067051193e-02 47.4725468073
0.5282522640 6.7549181688e-01 94.7877260560
0.5318402270 7.8175348456e-01 142.2078170105
0.5354281899 9.1457702801e-01 154.0628397491
0.5390161529 9.3344543616e-01 201.7976658205
0.5461920788 9.4367774946e-01 247.4867136316
0.5533680048 9.4554973190e-01 282.7370467305
0.5605439307 9.5898453289e-01 325.8033019004
0.5612383751 9.5898453289e-01 325.8033019004
0.5648263381 9.5898453289e-01 325.8033019004
0.5684143011 9.5898453289e-01 325.8033019004
0.5720022640 9.5898453289e-01 325.8033019004
0.5755902270 9.5898453289e-01 325.8033019004
0.5791781900 9.5898453289e-01 325.8033019004
0.5827661529 9.5898453289e-01 325.8033019004
0.5863541159 9.5898453289e-01 325.8033019004
