604 31.06400 26.15000 55938.08191 21.65000 299 0.13937 1.01462 g -1
554 30.37455 18.95000 55938.08550 21.65000 299 0.11245 1.03628 g -1
502 22.72637 11.75000 55938.08908 21.65000 299 0.04521 1.07668 g -1
553 23.12473 18.95000 55938.09267 21.65000 299 0.03850 1.03443 g -1
605 38.58960 26.15000 55938.09626 21.65000 299 0.03317 1.01950 g -1
503 29.71062 11.75000 55938.09985 21.65000 299 0.02663 1.07514 g -1
603 23.53840 26.15000 55938.10344 21.65000 299 0.02584 1.01467 g -1
555 37.62436 18.95000 55938.10702 21.65000 299 0.02266 1.03559 g -1
652 31.70944 33.35000 55938.11061 21.65000 299 0.01996 1.00046 g -1
501 15.74212 11.75000 55938.11420 21.65000 299 0.01620 1.13131 g -1
450 26.27176 4.55000 55938.11779 21.65000 299 0.01111 1.15768 g -1
699 45.97560 40.55000 55938.12138 21.65000 299 0.01062 1.01488 g -1
703 80.23141 40.55000 55938.12496 21.65000 299 0.01060 1.19870 g -1
449 19.26088 4.55000 55938.12855 21.65000 299 0.01057 1.21748 g -1
653 39.49322 33.35000 55938.13214 21.65000 299 0.00943 1.00045 g -1
658 78.41211 33.35000 55938.13573 21.65000 299 0.00924 1.14979 g -1
552 15.87491 18.95000 55938.13932 21.65000 299 0.00907 1.14349 g -1
1600 30.71929 22.55000 55938.14290 21.65000 299 0.00817 1.04481 g -1
654 47.27700 33.35000 55938.14649 21.65000 299 0.00772 1.00003 g -1
701 63.07173 40.55000 55938.15008 21.65000 299 0.00661 1.03068 g -1
659 86.23064 33.35000 55938.15367 21.65000 299 0.00636 1.16275 g -1
702 71.61980 40.55000 55938.15726 21.65000 299 0.00617 1.05285 g -1
700 54.52367 40.55000 55938.16084 21.65000 299 0.00557 1.00871 g -1
655 55.06078 33.35000 55938.16443 21.65000 299 0.00476 1.00037 g -1
651 23.92567 33.35000 55938.16802 21.65000 299 0.00465 1.10745 g -1
504 36.69487 11.75000 55938.17161 21.65000 299 0.00465 1.12999 g -1
696 20.38973 40.55000 55938.17520 21.65000 299 0.00349 1.15445 g -1
1649 31.39921 29.75000 55938.17878 21.65000 299 0.00339 1.08802 g -1
650 16.14189 33.35000 55938.18237 21.65000 299 0.00334 1.23758 g -1
742 62.43545 47.75000 55938.18596 21.65000 299 0.00313 1.03277 g -1
1549 30.03696 15.35000 55938.18955 21.65000 299 0.00297 1.20910 g -1
611 83.74320 26.15000 55938.19314 21.65000 299 0.00282 1.05699 g -1
743 72.25385 47.75000 55938.19672 21.65000 299 0.00280 1.03757 g -1
602 16.01280 26.15000 55938.20031 21.65000 299 0.00270 1.38335 g -1
704 88.84822 40.55000 55938.20390 21.65000 299 0.00251 1.05457 g -1
1496 22.53916 8.15000 55938.20749 21.65000 299 0.00203 1.53764 g -1
1601 38.10700 22.55000 55938.21108 21.65000 299 0.00185 1.15522 g -1
649 8.35811 33.35000 55938.21466 21.65000 299 0.00185 1.61483 g -1
1548 22.92217 15.35000 55938.21825 21.65000 299 0.00185 1.50025 g -1
451 33.28264 4.55000 55938.22184 21.65000 299 0.00184 1.48018 g -1
697 28.87947 40.55000 55938.22543 21.65000 299 0.00159 1.25690 g -1
657 70.62833 33.35000 55938.22902 21.65000 299 0.00153 1.00368 g -1
1599 23.33157 22.55000 55938.23260 21.65000 299 0.00146 1.51715 g -1
656 62.84456 33.35000 55938.23619 21.65000 299 0.00142 1.02867 g -1
315 150.06583 -17.05000 55938.33665 21.65000 299 0.00287 2.02046 g -1
316 157.09652 -17.05000 55938.35459 21.65000 299 0.00315 2.03893 g -1
266 155.82286 -24.25000 55938.39765 21.65000 299 0.00430 2.01633 g -1
703 80.23141 40.55000 55938.39834 21.65000 299 0.01060 1.42939 r -1
658 78.41211 33.35000 55938.40193 21.65000 299 0.00924 1.54848 r -1
659 86.23064 33.35000 55938.40552 21.65000 299 0.00636 1.40343 r -1
702 71.61980 40.55000 55938.40911 21.65000 299 0.00617 1.73656 r -1
266 155.82286 -24.25000 55938.41270 21.65000 299 0.00430 1.94010 r -1
316 157.09652 -17.05000 55938.41628 21.65000 299 0.00315 1.62280 r -1
315 150.06583 -17.05000 55938.41987 21.65000 299 0.00287 1.57741 r -1
611 83.74320 26.15000 55938.42346 21.65000 299 0.00282 1.71467 r -1
743 72.25385 47.75000 55938.42705 21.65000 299 0.00280 1.83236 r -1
704 88.84822 40.55000 55938.43064 21.65000 299 0.00251 1.49086 r -1
