739 32.32418 47.75000 55878.07247 21.65000 299 0.00358 1.70736 g -1
738 22.28709 47.75000 55878.07606 21.65000 299 0.00355 1.45593 g -1
740 42.36127 47.75000 55878.07965 21.65000 299 0.00349 1.94128 g -1
697 28.87947 40.55000 55878.08324 21.65000 299 0.00342 1.57567 g -1
698 37.42753 40.55000 55878.08682 21.65000 299 0.00339 1.78474 g -1
737 12.25000 47.75000 55878.09041 21.65000 299 0.00337 1.24255 g -1
696 20.38973 40.55000 55878.09400 21.65000 299 0.00334 1.33232 g -1
652 31.70944 33.35000 55878.09759 21.65000 299 0.00328 1.58079 g -1
741 52.39836 47.75000 55878.10118 21.65000 299 0.00326 2.02782 g -1
773 6.95487 54.95000 55878.10476 21.65000 299 0.00326 1.18264 g -1
699 45.97560 40.55000 55878.10835 21.65000 299 0.00326 1.81147 g -1
651 23.92567 33.35000 55878.11194 21.65000 299 0.00325 1.31222 g -1
653 39.49322 33.35000 55878.11553 21.65000 299 0.00321 1.61705 g -1
775 28.13537 54.95000 55878.11912 21.65000 299 0.00316 1.32369 g -1
736 2.21291 47.75000 55878.12270 21.65000 299 0.00313 1.08341 g -1
650 16.14189 33.35000 55878.12629 21.65000 299 0.00313 1.15195 g -1
695 11.90000 40.40000 55878.12988 21.65000 299 0.00313 1.10428 g -1
776 38.72562 54.95000 55878.13347 21.65000 299 0.00312 1.39044 g -1
694 3.46860 40.55000 55878.13706 21.65000 299 0.00309 1.04548 g -1
774 17.54512 54.95000 55878.14064 21.65000 299 0.00309 1.16780 g -1
806 6.66667 62.15000 55878.14423 21.65000 299 0.00308 1.17294 g -1
654 47.27700 33.35000 55878.14782 21.65000 299 0.00306 1.51605 g -1
808 33.33333 62.15000 55878.15141 21.65000 299 0.00302 1.30464 g -1
700 54.52367 40.55000 55878.15500 21.65000 299 0.00301 1.56992 g -1
604 31.06400 26.15000 55878.15858 21.65000 299 0.00300 1.21295 g -1
807 20.00000 62.15000 55878.16217 21.65000 299 0.00298 1.19894 g -1
777 49.31587 54.95000 55878.16576 21.65000 299 0.00297 1.37655 g -1
603 23.53840 26.15000 55878.16935 21.65000 299 0.00297 1.10317 g -1
605 38.58960 26.15000 55878.17294 21.65000 299 0.00295 1.24291 g -1
742 62.43545 47.75000 55878.17652 21.65000 299 0.00295 1.53169 g -1
649 8.35811 33.35000 55878.18011 21.65000 299 0.00293 1.00791 g -1
809 46.66667 62.15000 55878.18370 21.65000 299 0.00289 1.31858 g -1
602 16.01280 26.15000 55878.18729 21.65000 299 0.00286 1.02986 g -1
606 46.11520 26.15000 55878.19088 21.65000 299 0.00282 1.25734 g -1
655 55.06078 33.35000 55878.19446 21.65000 299 0.00281 1.33445 g -1
648 0.57433 33.35000 55878.19805 21.65000 299 0.00280 1.00341 g -1
833 8.57143 69.35000 55878.20164 21.65000 299 0.00279 1.23716 g -1
778 60.11656 54.95000 55878.20523 21.65000 299 0.00278 1.33431 g -1
701 63.07173 40.55000 55878.20881 21.65000 299 0.00270 1.35245 g -1
810 60.00000 62.15000 55878.21240 21.65000 299 0.00267 1.34493 g -1
601 8.48720 26.15000 55878.21599 21.65000 299 0.00267 1.00987 g -1
554 30.37455 18.95000 55878.21958 21.65000 299 0.00265 1.06752 g -1
555 37.62436 18.95000 55878.22317 21.65000 299 0.00264 1.09948 g -1
772 352.17582 47.75000 55878.22675 21.65000 299 0.00264 1.08922 g -1
607 53.64080 26.15000 55878.23034 21.65000 299 0.00262 1.17544 g -1
553 23.12473 18.95000 55878.23393 21.65000 299 0.00260 1.03417 g -1
834 25.71429 69.35000 55878.23752 21.65000 299 0.00257 1.23891 g -1
556 44.87418 18.95000 55878.24111 21.65000 299 0.00255 1.10453 g -1
835 42.85714 69.35000 55878.24469 21.65000 299 0.00253 1.26425 g -1
743 72.25385 47.75000 55878.24828 21.65000 299 0.00252 1.27705 g -1
552 15.87491 18.95000 55878.25187 21.65000 299 0.00252 1.04453 g -1
779 71.12768 54.95000 55878.25546 21.65000 299 0.00251 1.26013 g -1
600 0.96160 26.15000 55878.25905 21.65000 299 0.00246 1.10029 g -1
854 12.00000 76.55000 55878.26263 21.65000 299 0.00245 1.39026 g -1
735 355.03720 40.55000 55878.26622 21.65000 299 0.00240 1.14663 g -1
557 52.12400 18.95000 55878.26981 21.65000 299 0.00237 1.08568 g -1
551 8.62509 18.95000 55878.27340 21.65000 299 0.00236 1.11607 g -1
811 73.33333 62.15000 55878.27699 21.65000 299 0.00236 1.26512 g -1
836 60.00000 69.35000 55878.28057 21.65000 299 0.00233 1.27712 g -1
804 345.77437 54.95000 55878.28416 21.65000 299 0.00231 1.33661 g -1
805 356.36462 54.95000 55878.28775 21.65000 299 0.00228 1.24233 g -1
771 342.13873 47.75000 55878.29134 21.65000 299 0.00227 1.41570 g -1
832 353.33333 62.15000 55878.29493 21.65000 299 0.00227 1.33772 g -1
831 340.00000 62.15000 55878.29851 21.65000 299 0.00221 1.50157 g -1
734 346.60580 40.55000 55878.30210 21.65000 299 0.00220 1.42575 g -1
693 352.79056 33.35000 55878.30569 21.65000 299 0.00219 1.37152 g -1
550 1.37527 18.95000 55878.30928 21.65000 299 0.00217 1.35598 g -1
780 82.05244 54.95000 55878.31287 21.65000 299 0.00214 1.18265 g -1
504 36.69487 11.75000 55878.31645 21.65000 299 0.00212 1.09720 g -1
503 29.71062 11.75000 55878.32004 21.65000 299 0.00212 1.13884 g -1
505 43.67912 11.75000 55878.32363 21.65000 299 0.00211 1.08419 g -1
744 81.85354 47.75000 55878.32722 21.65000 299 0.00211 1.11378 g -1
502 22.72637 11.75000 55878.33081 21.65000 299 0.00209 1.23421 g -1
647 353.43600 26.15000 55878.33439 21.65000 299 0.00208 1.68213 g -1
837 77.14286 69.35000 55878.33798 21.65000 299 0.00204 1.26556 g -1
501 15.74212 11.75000 55878.34157 21.65000 299 0.00201 1.39405 g -1
855 36.00000 76.55000 55878.34516 21.65000 299 0.00201 1.40293 g -1
812 86.66667 62.15000 55878.34875 21.65000 299 0.00201 1.19566 g -1
506 50.66337 11.75000 55878.35233 21.65000 299 0.00200 1.09373 g -1
852 334.28571 69.35000 55878.35592 21.65000 299 0.00195 1.92385 g -1
853 351.42857 69.35000 55878.35951 21.65000 299 0.00193 1.66653 g -1
500 8.75787 11.75000 55878.36310 21.65000 299 0.00188 1.79452 g -1
856 60.00000 76.55000 55878.36669 21.65000 299 0.00187 1.37500 g -1
507 57.64762 11.75000 55878.37027 21.65000 299 0.00180 1.09213 g -1
781 92.97719 54.95000 55878.37386 21.65000 299 0.00179 1.12300 g -1
745 91.27823 47.75000 55878.37745 21.65000 299 0.00173 1.07120 g -1
838 94.28571 69.35000 55878.38104 21.65000 299 0.00170 1.27006 g -1
452 40.29352 4.55000 55878.38463 21.65000 299 0.00167 1.35117 g -1
451 33.28264 4.55000 55878.38821 21.65000 299 0.00166 1.49964 g -1
813 100.00000 62.15000 55878.39180 21.65000 299 0.00166 1.18643 g -1
704 88.84822 40.55000 55878.39539 21.65000 299 0.00165 1.02090 g -1
453 47.30440 4.55000 55878.39898 21.65000 299 0.00164 1.32575 g -1
450 26.27176 4.55000 55878.40256 21.65000 299 0.00164 1.86535 g -1
857 84.00000 76.55000 55878.40615 21.65000 299 0.00161 1.37222 g -1
454 54.31528 4.55000 55878.40974 21.65000 299 0.00155 1.28722 g -1
782 103.90195 54.95000 55878.41333 21.65000 299 0.00149 1.11006 g -1
746 100.70292 47.75000 55878.41692 21.65000 299 0.00145 1.05468 g -1
868 348.00000 76.55000 55878.42050 21.65000 299 0.00139 1.97603 g -1
455 61.32616 4.55000 55878.42409 21.65000 299 0.00139 1.26734 g -1
705 97.46504 40.55000 55878.42768 21.65000 299 0.00135 1.01487 g -1
839 111.42857 69.35000 55878.43127 21.65000 299 0.00135 1.26668 g -1
814 113.33333 62.15000 55878.43486 21.65000 299 0.00133 1.17806 g -1
858 108.00000 76.55000 55878.43844 21.65000 299 0.00130 1.38411 g -1
402 43.87981 -2.65000 55878.44203 21.65000 299 0.00125 1.97396 g -1
403 50.90865 -2.65000 55878.44562 21.65000 299 0.00125 1.76016 g -1
783 114.82671 54.95000 55878.44921 21.65000 299 0.00122 1.10316 g -1
747 110.12762 47.75000 55878.45280 21.65000 299 0.00121 1.04554 g -1
404 57.93750 -2.65000 55878.45638 21.65000 299 0.00119 1.66848 g -1
456 68.33704 4.55000 55878.45997 21.65000 299 0.00116 1.33952 g -1
869 20.00000 83.75000 55878.46356 21.65000 299 0.00114 1.78748 g -1
706 106.08185 40.55000 55878.46715 21.65000 299 0.00113 1.00864 g -1
870 60.00000 83.75000 55878.47074 21.65000 299 0.00105 1.63507 g -1
405 64.96635 -2.65000 55878.47432 21.65000 299 0.00105 1.65403 g -1
840 128.57143 69.35000 55878.47791 21.65000 299 0.00103 1.26723 g -1
815 126.66667 62.15000 55878.48150 21.65000 299 0.00103 1.16664 g -1
859 132.00000 76.55000 55878.48509 21.65000 299 0.00101 1.39861 g -1
748 119.55231 47.75000 55878.48868 21.65000 299 0.00100 1.03881 g -1
419 163.89000 -2.65000 55878.49226 21.65000 299 0.00099 2.02424 g -1
784 125.75146 54.95000 55878.49585 21.65000 299 0.00097 1.08761 g -1
661 101.93721 33.35000 55878.49944 21.65000 299 0.00096 1.01836 g -1
367 160.43650 -9.85000 55878.50303 21.65000 299 0.00105 2.01521 g -1
707 114.69867 40.55000 55878.50662 21.65000 299 0.00096 1.00868 g -1
420 170.98000 -2.65000 55878.51020 21.65000 299 0.00091 2.05349 g -1
871 100.00000 83.75000 55878.51379 21.65000 299 0.00090 1.58111 g -1
471 171.72467 4.55000 55878.51738 21.65000 299 0.00089 1.73645 g -1
406 71.99519 -2.65000 55878.52097 21.65000 299 0.00085 1.99188 g -1
470 164.88289 4.55000 55878.52456 21.65000 299 0.00083 1.48468 g -1
749 128.97700 47.75000 55878.52814 21.65000 299 0.00083 1.03340 g -1
708 123.31548 40.55000 55878.53173 21.65000 299 0.00082 1.00893 g -1
366 153.36683 -9.85000 55878.53532 21.65000 299 0.00082 1.54125 g -1
418 156.80000 -2.65000 55878.53891 21.65000 299 0.00081 1.40064 g -1
662 109.79050 33.35000 55878.54250 21.65000 299 0.00080 1.04738 g -1
860 156.00000 76.55000 55878.54608 21.65000 299 0.00076 1.40323 g -1
841 145.71429 69.42000 55878.54967 21.65000 299 0.00076 1.24712 g -1
816 140.00000 62.15000 55878.55326 21.65000 299 0.00076 1.14291 g -1
