0.0000000000 2.1735012157e-03 47.4200909544
0.0035879630 5.4913016607e-03 95.2073728786
0.0071759259 6.8888436658e-03 142.6274638331
0.0107638889 9.8632522085e-03 190.2049223460
0.0143518519 1.1499478887e-02 237.4676457419
0.0179398148 1.3268870400e-02 283.7861637870
0.0215277778 1.7967587779e-02 331.6259015641
0.0251157408 1.9213238984e-02 378.9410808128
0.0287037037 2.0933799798e-02 425.2595988579
0.0322916667 2.2406412208e-02 472.9944249293
0.0358796296 2.3571183028e-02 519.3129429744
0.0394675926 2.8230041260e-02 565.8937402836
0.0430555556 3.2757725890e-02 613.7334780607
0.0466435185 3.3889639997e-02 660.7863780453
0.0502314815 3.4965079823e-02 707.4196312074
0.0538194445 3.5992492923e-02 754.9970897203
0.0574074074 3.7796385593e-02 801.2631519125
0.0609953704 4.6841198111e-02 848.4734194557
0.0645833334 4.7751702201e-02 895.0542167649
0.0681712963 4.8594979564e-02 942.3169401608
0.0717592593 4.9352882578e-02 989.6321194096
0.0753472223 5.0095874643e-02 1036.6325635414
0.0789351852 5.0760956899e-02 1082.7937140281
0.0825231482 5.1428284220e-02 1129.8466140127
0.0861111112 5.2060652167e-02 1176.6896905861
0.0896990741 5.2632039399e-02 1223.8475022764
0.0932870371 5.3140810548e-02 1270.8479464082
0.0968750001 5.3601953305e-02 1317.9008463928
0.1004629630 5.4050749201e-02 1365.1111139360
0.1040509260 5.4454701078e-02 1412.3213814791
0.1076388889 5.5069578562e-02 1460.6332219316
0.1112268519 5.5488890430e-02 1507.2140192408
0.1148148149 5.5870903411e-02 1554.1095516670
0.1184027778 5.6501020097e-02 1601.4247309157
0.1219907408 5.6876055061e-02 1648.4776309004
0.1255787038 5.7245200317e-02 1695.7928101492
0.1291666667 5.7603002526e-02 1742.8457101338
0.1327546297 5.7887511026e-02 1789.8986101185
0.1363425927 5.8169065535e-02 1836.9515101031
0.1399305556 5.8445366411e-02 1885.1059829971
0.1435185186 5.8718658450e-02 1887.2042171101
0.1471064816 6.0410203181e-02 1934.5718522117
0.1506944445 6.0672797600e-02 1981.6247521964
0.1542824075 6.1682113985e-02 2028.8874755923
0.1578703705 6.1907393709e-02 2075.5731846072
0.1614583334 6.2110227480e-02 2122.6260845919
0.1650462964 6.4185219885e-02 2139.0972223791
0.1686342594 6.4380192744e-02 2141.5626474619
0.1722222223 6.5540897058e-02 2189.0876501220
0.1758101853 6.5716452910e-02 2234.8291537860
0.1793981482 6.5898957580e-02 2282.4590681518
0.1829861112 6.6063174058e-02 2321.2239433900
0.1865740742 6.6221134529e-02 2367.6473731407
0.1901620371 6.6401965851e-02 2384.1185109280
0.1937500001 6.6647761883e-02 2425.3488112490
0.1973379631 7.2945360388e-02 2472.4541670864
0.2009259260 7.3188151697e-02 2506.0783687477
0.2045138890 7.3530082005e-02 2536.1355724168
0.2081018520 7.3998888053e-02 2578.3625339415
0.2116898149 7.4157229053e-02 2581.0902382885
0.2152777779 7.4309125424e-02 2583.7654867826
0.2188657409 7.6154941494e-02 2631.0806660314
0.2224537038 7.6675127535e-02 2678.3958452801
0.2260416668 7.9569026359e-02 2723.3505111518
0.2296296298 8.0159148508e-02 2768.9871031101
0.2332175927 8.0459532991e-02 2815.8301796835
0.2368055557 8.0467593681e-02 2845.9398392054
0.2403935187 8.3076271901e-02 2887.7471539075
0.2439814816 8.5174643651e-02 2931.4428793113
0.2475694446 8.8021222680e-02 2976.5549127414
0.2511574075 9.0378914833e-02 3022.2439605526
0.2547453705 9.1609645483e-02 3065.8347742507
0.2583333335 9.3071155016e-02 3104.8619287531
0.2619212964 9.4356601694e-02 3151.7574611792
0.2655092594 9.4740857911e-02 3195.7154658472
0.2690972224 9.5033785482e-02 3240.3029407490
0.2726851853 9.5291732073e-02 3242.3487190092
0.2762731483 9.5493989758e-02 3290.1360009334
0.2798611113 9.5647626430e-02 3292.1817791936
0.2834490742 9.5650834865e-02 3328.6385969075
0.2870370372 9.5792457108e-02 3331.7859480770
0.2906250002 9.5931585759e-02 3379.1011273258
0.2942129631 9.6065300479e-02 3427.1506885141
0.2978009261 9.6194922731e-02 3474.8855145855
0.3013888891 9.6320818428e-02 3522.4629730984
0.3049768520 9.6445377757e-02 3569.5683289359
0.3085648150 9.7205308791e-02 3615.3098325999
0.3121527780 9.7321069530e-02 3629.0532660403
0.3157407409 9.7325778854e-02 3660.6316894413
0.3193287039 9.8438048719e-02 3704.2749589923
0.3229166668 9.8556426490e-02 3748.0755961018
0.3265046298 9.8656152527e-02 3795.9677897316
0.3300925928 9.8743248936e-02 3797.9086562862
0.3336805557 9.8841246520e-02 3844.1747184784
0.3372685187 9.8924612778e-02 3891.2800743159
0.3408564817 9.9003630214e-02 3893.4832201346
0.3444444446 9.9099855911e-02 3936.1822843347
0.3480324076 9.9176059070e-02 3938.4378860062
0.3516203706 9.9250207334e-02 3940.7983993834
0.3552083335 9.9321124288e-02 3989.0053281302
0.3587962965 9.9391749235e-02 4035.3238461753
0.3623842595 9.9462023525e-02 4082.0620110430
0.3659722224 9.9504041267e-02 4125.1807220657
0.3695601854 1.0042734829e-01 4170.3976672015
0.3731481484 1.0049072371e-01 4217.7128464502
0.3767361113 1.0065365248e-01 4263.9264527897
0.8840146042 1.0103522217e-01 4310.5072500989
0.8876025672 1.0137901692e-01 4357.8224293477
0.8911905302 1.0162988778e-01 4403.5639330117
0.8947784931 1.0186226564e-01 4451.1938473774
0.8983664561 1.0340399181e-01 4498.4565707734
0.9019544191 1.0358196016e-01 4545.5094707580
0.9055423820 1.0476105656e-01 4591.8279888031
0.9091303450 1.0489544852e-01 4639.1431680519
0.9127183079 1.0500671594e-01 4686.9304499761
0.9163062709 1.0511341662e-01 4733.9833499608
0.9198942339 1.0521780923e-01 4781.1936175039
0.9234821968 1.0586038819e-01 4827.5121355490
0.9270701598 1.0596384139e-01 4875.3518733260
0.9306581228 1.0607000024e-01 4923.0342435446
0.9342460857 1.0615155607e-01 4971.0838047329
0.9378340487 1.0621660022e-01 5018.3465281289
0.9414220117 1.0627918794e-01 5065.4518839663
0.9450099746 1.0749011212e-01 5110.8261966606
0.9485979376 1.0755173284e-01 5112.9768866264
0.9521859006 1.0761510345e-01 5160.4494334337
0.9557738635 1.0767064149e-01 5207.5023334183
0.9593618265 1.0773716328e-01 5253.8733073163
0.9629497895 1.0778940990e-01 5256.0764531349
0.9665377524 1.0785969338e-01 5258.3320548064
0.9701257154 1.0791299169e-01 5261.5318618288
0.9737136784 1.0796391763e-01 5264.9939481153
0.9773016413 1.0802132668e-01 5268.0363875792
0.9808896043 1.0807132013e-01 5270.6067243677
0.9844775672 1.0811984347e-01 5272.8623260392
0.9880655302 1.0823066986e-01 5276.0621330615
0.9916534932 1.0862021812e-01 5287.3925972719
0.9952414561 1.0867382935e-01 5289.4383755321
0.9988294191 1.0872637773e-01 5336.8584664865
