615 113.69200 26.15000 55955.09193 21.65000 299 0.16995 2.00102 g -1
663 117.64379 33.35000 55955.09552 21.65000 299 0.11369 1.95668 g -1
708 123.31548 40.55000 55955.09911 21.65000 299 0.08145 1.99807 g -1
565 109.79245 18.95000 55955.10270 21.65000 299 0.06240 1.82509 g -1
749 128.97700 47.75000 55955.10629 21.65000 299 0.06120 1.98436 g -1
748 119.55231 47.75000 55955.10987 21.65000 299 0.03968 1.65239 g -1
784 125.75146 54.95000 55955.11346 21.65000 299 0.03939 1.72330 g -1
707 114.69867 40.55000 55955.11705 21.65000 299 0.03730 1.52296 g -1
785 136.67622 54.95000 55955.12064 21.65000 299 0.02670 1.95320 g -1
614 106.21029 26.15000 55955.12423 21.65000 299 0.02534 1.39579 g -1
566 116.84562 18.95000 55955.12781 21.65000 299 0.02309 1.74770 g -1
662 109.79050 33.35000 55955.13140 21.65000 299 0.02170 1.36243 g -1
816 140.00000 62.15000 55955.13499 21.65000 299 0.01320 1.82184 g -1
616 121.17371 26.15000 55955.13858 21.65000 299 0.00984 1.63722 g -1
1611 111.60116 22.55000 55955.14217 21.65000 299 0.00895 1.40866 g -1
564 102.73929 18.95000 55955.14575 21.65000 299 0.00644 1.26918 g -1
1660 115.64660 29.75000 55955.14934 21.65000 299 0.00570 1.37419 g -1
664 125.49707 33.35000 55955.15293 21.65000 299 0.00536 1.52870 g -1
1706 121.13459 36.95000 55955.15652 21.65000 299 0.00354 1.38441 g -1
841 145.71429 69.42000 55955.16011 21.65000 299 0.00308 1.72774 g -1
842 162.85714 69.35000 55955.16369 21.65000 299 0.00617 2.00876 g -1
817 153.33333 62.15000 55955.16728 21.65000 299 0.00296 1.85966 g -1
1747 118.27338 44.15000 55955.17087 21.65000 299 0.00268 1.25132 g -1
1786 124.44044 51.35000 55955.17446 21.65000 299 0.00243 1.31852 g -1
815 126.66667 62.15000 55955.17805 21.65000 299 0.00208 1.37511 g -1
1748 127.52046 44.15000 55955.18163 21.65000 299 0.00191 1.32091 g -1
709 131.93230 40.55000 55955.18522 21.65000 299 0.00188 1.37727 g -1
750 138.40169 47.75000 55955.18881 21.65000 299 0.00182 1.44803 g -1
1705 112.76807 36.95000 55955.19240 21.65000 299 0.00179 1.12105 g -1
615 113.69200 26.15000 55955.19309 21.65000 299 0.16995 1.15173 r -1
663 117.64379 33.35000 55955.19668 21.65000 299 0.11369 1.15433 r -1
708 123.31548 40.55000 55955.20027 21.65000 299 0.08145 1.18979 r -1
565 109.79245 18.95000 55955.20386 21.65000 299 0.06240 1.12244 r -1
749 128.97700 47.75000 55955.20744 21.65000 299 0.06120 1.22807 r -1
748 119.55231 47.75000 55955.21103 21.65000 299 0.03968 1.13751 r -1
784 125.75146 54.95000 55955.21462 21.65000 299 0.03939 1.20527 r -1
707 114.69867 40.55000 55955.21821 21.65000 299 0.03730 1.07407 r -1
785 136.67622 54.95000 55955.22180 21.65000 299 0.02670 1.27683 r -1
614 106.21029 26.15000 55955.22538 21.65000 299 0.02534 1.03202 r -1
566 116.84562 18.95000 55955.22897 21.65000 299 0.02309 1.10811 r -1
662 109.79050 33.35000 55955.23256 21.65000 299 0.02170 1.02520 r -1
816 140.00000 62.15000 55955.23615 21.65000 299 0.01320 1.30530 r -1
616 121.17371 26.15000 55955.23974 21.65000 299 0.00984 1.07873 r -1
1611 111.60116 22.55000 55955.24332 21.65000 299 0.00895 1.03959 r -1
564 102.73929 18.95000 55955.24691 21.65000 299 0.00644 1.03370 r -1
842 162.85714 69.35000 55955.25050 21.65000 299 0.00617 1.52983 r -1
1660 115.64660 29.75000 55955.25409 21.65000 299 0.00570 1.02203 r -1
664 125.49707 33.35000 55955.25768 21.65000 299 0.00536 1.05298 r -1
1706 121.13459 36.95000 55955.26126 21.65000 299 0.00354 1.02940 r -1
841 145.71429 69.42000 55955.26485 21.65000 299 0.00308 1.34870 r -1
817 153.33333 62.15000 55955.26844 21.65000 299 0.00296 1.31894 r -1
1747 118.27338 44.15000 55955.27203 21.65000 299 0.00268 1.02650 r -1
1786 124.44044 51.35000 55955.27562 21.65000 299 0.00243 1.06960 r -1
815 126.66667 62.15000 55955.27920 21.65000 299 0.00208 1.15906 r -1
1748 127.52046 44.15000 55955.28279 21.65000 299 0.00191 1.03908 r -1
709 131.93230 40.55000 55955.28638 21.65000 299 0.00188 1.04030 r -1
750 138.40169 47.75000 55955.28997 21.65000 299 0.00182 1.08274 r -1
1705 112.76807 36.95000 55955.29356 21.65000 299 0.00179 1.00340 r -1
