0.3332924726 2.0178465263e-02 47.3151792488
0.3368804355 3.8481116639e-02 94.2107116750
0.3404683985 5.7452616205e-02 141.9455377463
0.3440563615 7.4319024112e-02 189.2607169951
0.3476443244 8.9138482243e-02 236.5758962439
0.3512322874 1.0044988071e-01 284.3631781681
0.3548202504 1.0767656335e-01 328.1638152776
0.3584082133 1.1545957579e-01 373.9053189416
0.3619961763 1.2356345186e-01 418.8599848132
0.3655841393 1.3164883254e-01 466.3849874733
0.3691721022 1.3866453592e-01 513.5952550164
0.3727600652 1.4604377854e-01 560.9104342652
0.3763480281 1.5191225231e-01 607.2289523103
0.3799359911 1.5738851438e-01 654.2818522949
0.3835239541 1.6220758852e-01 695.7744318801
0.3871119170 1.6603015712e-01 737.3719231708
0.3906998800 1.7052565978e-01 783.1658826877
0.3942878430 1.7453518833e-01 830.2187826723
0.3978758059 1.7849848676e-01 874.1767873403
0.4014637689 1.8182790943e-01 919.8133792986
0.4050517319 1.8584350719e-01 961.3059588837
0.4086396948 1.8864067861e-01 1003.5329204084
0.4122276578 1.9120769603e-01 1050.5858203931
0.4158156208 1.9365298407e-01 1094.2815457969
0.4194035837 1.9532350772e-01 1136.9806099970
0.4229915467 1.9739132114e-01 1182.6172019554
0.4265795097 1.9949759114e-01 1225.6310012724
0.4301674726 2.0162697796e-01 1273.9428417249
0.4337554356 2.0364807365e-01 1320.9957417096
0.4373433986 2.0532965082e-01 1359.8655286534
0.4409313615 2.0661812067e-01 1405.0824737891
0.4445193245 2.0804764726e-01 1452.1353737738
0.4481072874 2.1004811138e-01 1499.6079205811
0.4516952504 2.1420904964e-01 1541.0480443134
0.4552832134 2.1520520105e-01 1543.4085576905
0.4588711763 2.1608801532e-01 1589.7270757356
0.4624591393 2.1691153414e-01 1591.8253098486
0.4660471023 2.1770798623e-01 1594.0284556673
0.4696350652 2.1848418483e-01 1596.1791456332
0.4732230282 2.1913632613e-01 1598.1724680405
0.4768109912 2.1975939984e-01 1643.2845014706
0.4803989541 2.2043558542e-01 1690.7045924251
0.4839869171 2.2101851896e-01 1729.6792910746
0.4875748801 2.2190980666e-01 1772.7455462445
0.4911628430 2.2249245809e-01 1819.7984462291
0.4947508060 2.2303190131e-01 1826.8275305078
0.4983387690 2.2579334708e-01 1868.4250217985
0.5019267319 2.2636291157e-01 1870.6806234700
0.5055146949 2.2689099740e-01 1914.2189813154
0.5091026579 2.2740545400e-01 1957.2327806324
0.5126906208 2.2778295659e-01 1996.1025675763
0.5162785838 2.2823619315e-01 1998.1483458365
0.5198665467 2.2867170889e-01 2045.2012458211
0.5234545097 2.2956252874e-01 2088.2675009910
0.5270424727 2.2994414374e-01 2131.3862120138
0.5306304356 2.3033354453e-01 2178.5964795569
0.5342183986 2.3081448882e-01 2186.6746808920
0.5378063616 2.3115332549e-01 2230.3179504430
0.5413943245 2.3148244760e-01 2275.9545424014
0.5449822875 2.3179103746e-01 2278.5248791898
0.5485702505 2.3200972680e-01 2319.7551795108
0.5521582134 2.3225667009e-01 2358.3626871906
0.5557461764 2.3260813663e-01 2360.4609213036
0.5593341394 2.3292835615e-01 2362.6640671223
0.5629221023 2.3314862852e-01 2373.2601493931
0.5665100653 2.3339485369e-01 2375.2010159476
0.5672045097 2.3339485369e-01 2375.2010159476
0.5707924727 2.3339485369e-01 2375.2010159476
0.5743804357 2.3339485369e-01 2375.2010159476
0.5779683986 2.3339485369e-01 2375.2010159476
0.5815563616 2.3339485369e-01 2375.2010159476
0.5851443246 2.3339485369e-01 2375.2010159476
0.5887322875 2.3339485369e-01 2375.2010159476
0.5923202505 2.3339485369e-01 2375.2010159476
0.5959082135 2.3339485369e-01 2375.2010159476
0.5994961764 2.3339485369e-01 2375.2010159476
0.6030841394 2.3339485369e-01 2375.2010159476
0.6066721024 2.3339485369e-01 2375.2010159476
0.6102600653 2.3339485369e-01 2375.2010159476
0.6138480283 2.3339485369e-01 2375.2010159476
0.6174359912 2.3339485369e-01 2375.2010159476
0.6210239542 2.3339485369e-01 2375.2010159476
0.6246119172 2.3339485369e-01 2375.2010159476
0.6281998801 2.3339485369e-01 2375.2010159476
0.6317878431 2.3339485369e-01 2375.2010159476
0.6353758061 2.3339485369e-01 2375.2010159476
0.6389637690 2.3339485369e-01 2375.2010159476
0.6425517320 2.3339485369e-01 2375.2010159476
0.6461396950 2.3339485369e-01 2375.2010159476
0.6497276579 2.3339485369e-01 2375.2010159476
0.6533156209 2.3339485369e-01 2375.2010159476
0.6569035839 2.3339485369e-01 2375.2010159476
0.6604915468 2.3339485369e-01 2375.2010159476
0.6640795098 2.3339485369e-01 2375.2010159476
0.6676674728 2.3339485369e-01 2375.2010159476
0.6712554357 2.3339485369e-01 2375.2010159476
0.6748433987 2.3339485369e-01 2375.2010159476
0.6784313617 2.3339485369e-01 2375.2010159476
0.6820193246 2.3339485369e-01 2375.2010159476
0.6856072876 2.3339485369e-01 2375.2010159476
0.6891952505 2.3339485369e-01 2375.2010159476
0.6927832135 2.3339485369e-01 2375.2010159476
0.6963711765 2.3339485369e-01 2375.2010159476
0.6999591394 2.3339485369e-01 2375.2010159476
0.7035471024 2.3339485369e-01 2375.2010159476
0.7071350654 2.3339485369e-01 2375.2010159476
0.7107230283 2.3339485369e-01 2375.2010159476
0.7143109913 2.3339485369e-01 2375.2010159476
