0.0000000000 1.0431949205e-02 47.3151792488
0.0035879630 2.0907444849e-02 94.6303584976
0.0071759259 2.9840579901e-02 138.4834514598
0.0107638889 3.8736840910e-02 186.2707333841
0.0143518519 4.7062897956e-02 230.1238263463
0.0179398148 5.5553118769e-02 277.5439173008
0.0215277778 6.3096279095e-02 321.3970102631
0.5563208970 6.4368415554e-02 369.3941155986
0.5599088600 6.5395686029e-02 416.7092948473
0.5634968230 6.6289648426e-02 443.8814266111
0.5670847859 6.7145161414e-02 491.3015175655
0.5706727489 6.7920718441e-02 538.7216085199
0.5742607119 6.8670590417e-02 577.5389396109
0.5778486748 6.9563352188e-02 604.5537038162
0.5814366378 7.0352237065e-02 652.0262506234
0.5850246007 7.1210536458e-02 690.8435817144
0.5886125637 7.1906386872e-02 732.3886171524
0.5922005267 7.2577035769e-02 775.9269749977
0.5957884896 7.3281911753e-02 823.7667127748
0.5993764526 7.3906456399e-02 866.7805120918
0.6029644156 7.4656052027e-02 915.0923525443
0.6065523785 7.5254700898e-02 942.0546608967
0.6101403415 7.5705873328e-02 971.6922177432
0.6137283045 7.6500641609e-02 1013.2372531812
0.6173162674 7.7127617725e-02 1060.6048882828
0.6209042304 7.7767678340e-02 1108.1298909429
0.6244921934 7.8365925882e-02 1155.5499818973
0.6280801563 7.8913074803e-02 1198.5637812144
0.6316681193 7.9475287852e-02 1240.7907427391
0.6352560823 8.0021072933e-02 1282.3357781770
0.6388440452 8.0559416346e-02 1323.8808136150
0.6424320082 8.1203836533e-02 1366.4749661094
0.6460199712 8.1843140337e-02 1413.7901453582
0.6496079341 8.2464909967e-02 1461.0528687542
0.6531958971 8.3035006513e-02 1508.7352389727
0.6567838600 8.3561878361e-02 1547.5525700637
0.6603718230 8.4085993285e-02 1588.7828703847
0.6639597860 8.4794729723e-02 1630.5901850868
0.6675477489 8.5733392689e-02 1674.1809987850
0.6711357119 8.6584475578e-02 1717.8767241888
0.6747236749 8.7591982786e-02 1761.8347288567
0.6783116378 8.8367844150e-02 1806.9467622868
0.6818996008 8.9035072725e-02 1852.6358100980
0.6854875638 8.9659721980e-02 1899.5313425242
0.6890755267 9.0197877239e-02 1945.3253020410
0.6926634897 9.1481792126e-02 1988.9685715920
0.6962514527 9.2767255999e-02 2034.1855167277
0.6998394156 9.3738766148e-02 2079.9270203917
0.7034273786 9.5359545043e-02 2123.4653782371
0.7070153416 9.6659516307e-02 2166.4791775541
0.7106033045 9.7591112620e-02 2212.1157695125
0.7141912675 9.8709294765e-02 2253.6608049505
0.7177792305 1.0032263426e-01 2299.3498527616
0.7213671934 1.0377133426e-01 2344.5667978974
0.7249551564 1.0624286070e-01 2389.6788313275
0.7285431193 1.0734763904e-01 2435.5777025500
0.7321310823 1.0825089574e-01 2483.3125286214
0.7357190453 1.1257928971e-01 2523.2838884745
0.7393070082 1.1410029995e-01 2568.9204804329
0.7428949712 1.1643767945e-01 2611.9342797500
0.7464829342 1.2018800077e-01 2657.2036807386
0.7500708971 1.2234063757e-01 2702.4206258743
0.7536588601 1.2358725149e-01 2748.0572178327
0.7572468231 1.2474212954e-01 2795.0052061117
0.7608347860 1.2642237283e-01 2840.7467097757
0.7644227490 1.2774438007e-01 2882.2392893608
0.7680107120 1.3003292828e-01 2927.2988669381
0.7715986749 1.3158595207e-01 2974.6140461869
0.7751866379 1.3541673995e-01 3020.0408147339
0.7787746009 1.4080307467e-01 3058.6483224136
0.7823625638 1.4293881808e-01 3104.2849143720
0.7859505268 1.4479199638e-01 3151.3378143566
0.7895384897 1.4865734073e-01 3198.1284350772
0.7931264527 1.5325387316e-01 3245.7583494429
0.7967144157 1.5572357354e-01 3290.8703828730
0.8003023786 1.5978992663e-01 3337.0839892124
0.8038903416 1.6518396914e-01 3380.6748029106
0.8074783046 1.7128836442e-01 3426.4163065746
0.8110662675 1.7533710251e-01 3471.4234282990
0.8146542305 1.7931512223e-01 3519.5254453402
0.8182421935 1.8297316889e-01 3564.7423904760
0.8218301564 1.8636033858e-01 3612.2149372832
0.8254181194 1.9014295514e-01 3659.2678372679
0.8290060824 1.9431889663e-01 3705.1142526375
0.8325940453 1.9832039267e-01 3750.3836536261
0.8361820083 2.0251558697e-01 3797.7512887277
0.8397699713 2.0696764500e-01 3842.8108663050
0.8433579342 2.1024208129e-01 3890.1260455538
0.8469458972 2.1788914892e-01 3935.7626375121
0.8505338602 2.2244608044e-01 3981.3467736176
0.8541218231 2.2836662213e-01 4024.4654846404
0.8577097861 2.3213608811e-01 4072.2003107118
0.8612977490 2.3586167872e-01 4117.3647999947
0.8648857120 2.3933544975e-01 4162.5292892776
0.8684736750 2.4533206049e-01 4208.2183370888
0.8720616379 2.5062736609e-01 4254.1172083113
0.8756496009 2.5507240321e-01 4301.4323875601
0.8792375639 2.5944652065e-01 4348.5901992504
0.8828255268 2.6282757498e-01 4393.8071443861
0.8864134898 2.6552393172e-01 4441.0174119292
0.8900014528 2.7321003653e-01 4484.4508580689
0.8935894157 2.7852782967e-01 4530.0874500273
0.8971773787 2.8355050623e-01 4577.4026292761
0.9007653417 2.8761098733e-01 4623.1441329401
0.9043533046 2.9031803638e-01 4669.9872095134
0.9079412676 2.9298293908e-01 4717.7744914376
0.9115292306 2.9729528826e-01 4763.6209068073
0.9151171935 3.0240632869e-01 4811.4081887315
0.9187051565 3.0842760835e-01 4855.6809285164
0.9222931195 3.1161737307e-01 4898.6947278335
0.9258810824 3.1524610654e-01 4945.8525395238
0.9294690454 3.1786836477e-01 4991.9612341575
0.9330570083 3.2158041276e-01 5039.2239575535
0.9366449713 3.2474865128e-01 5084.9130053647
0.9402329343 3.2791564497e-01 5132.1232729078
0.9438208972 3.3066783227e-01 5179.3859963038
0.9474088602 3.3331415068e-01 5225.0750441149
0.9509968232 3.3585540673e-01 5271.2886504544
0.9545847861 3.3874895013e-01 5318.6562855560
0.9581727491 3.4315038321e-01 5363.8207748389
0.9617607121 3.4594799988e-01 5410.9785865292
0.9653486750 3.5350194767e-01 5456.1955316650
0.9689366380 3.5620830684e-01 5502.0419470346
0.9725246010 3.5876150084e-01 5549.7767731060
0.9761125639 3.6132830395e-01 5596.5673938265
0.9797005269 3.6385084750e-01 5643.5678379584
0.9832884899 3.6773211534e-01 5688.6798713885
0.9868764528 3.7020660763e-01 5735.0508452864
0.9904644158 3.7369771144e-01 5780.2677904221
0.9940523788 3.7613846879e-01 5825.3273679994
0.9976403417 3.7848934335e-01 5869.1280051089
