753 166.67577 47.75000 56055.14998 21.65000 299 0.00300 1.03313 g -1
788 169.45049 54.95000 56055.15357 21.65000 299 0.00288 1.07697 g -1
714 175.01637 40.55000 56055.15716 21.65000 299 0.00286 1.01596 g -1
713 166.39956 40.55000 56055.16075 21.65000 299 0.00284 1.00785 g -1
754 176.10046 47.75000 56055.16434 21.65000 299 0.00283 1.03737 g -1
670 172.61679 33.35000 56055.16792 21.65000 299 0.00280 1.00084 g -1
818 166.66667 62.15000 56055.17151 21.65000 299 0.00273 1.14188 g -1
789 180.37888 54.95000 56055.17510 21.65000 299 0.00264 1.08038 g -1
715 183.63319 40.55000 56055.17869 21.65000 299 0.00262 1.01755 g -1
755 185.52515 47.75000 56055.18228 21.65000 299 0.00258 1.04227 g -1
671 180.47007 33.35000 56055.18586 21.65000 299 0.00257 1.00186 g -1
819 180.00000 62.15000 56055.18945 21.65000 299 0.00250 1.14080 g -1
790 191.39000 54.95000 56055.19304 21.65000 299 0.00246 1.08829 g -1
787 158.52573 54.95000 56055.19663 21.65000 299 0.00244 1.11552 g -1
623 173.54571 26.15000 56055.20022 21.65000 299 0.00240 1.01544 g -1
842 162.85714 69.35000 56055.20380 21.65000 299 0.00240 1.26235 g -1
820 193.33333 62.15000 56055.20739 21.65000 299 0.00233 1.14701 g -1
716 192.25000 40.55000 56055.21098 21.65000 299 0.00232 1.01246 g -1
624 181.02743 26.15000 56055.21457 21.65000 299 0.00231 1.01180 g -1
756 194.94985 47.75000 56055.21816 21.65000 299 0.00229 1.03657 g -1
672 188.32336 33.35000 56055.22174 21.65000 299 0.00228 1.00009 g -1
843 180.00000 69.35000 56055.22533 21.65000 299 0.00223 1.24256 g -1
791 202.40112 54.95000 56055.22892 21.65000 299 0.00213 1.08445 g -1
575 180.32410 18.95000 56055.23251 21.65000 299 0.00206 1.05418 g -1
757 204.72454 47.75000 56055.23610 21.65000 299 0.00205 1.04181 g -1
844 197.14286 69.35000 56055.23968 21.65000 299 0.00202 1.23509 g -1
625 188.50914 26.15000 56055.24327 21.65000 299 0.00201 1.01658 g -1
821 206.66667 62.15000 56055.24686 21.65000 299 0.00200 1.14577 g -1
717 200.86681 40.55000 56055.25045 21.65000 299 0.00199 1.00794 g -1
673 196.17664 33.35000 56055.25404 21.65000 299 0.00196 1.00239 g -1
860 156.00000 76.55000 56055.25762 21.65000 299 0.00194 1.49254 g -1
817 153.33333 62.15000 56055.26121 21.65000 299 0.00192 1.35742 g -1
792 213.41224 54.95000 56055.26480 21.65000 299 0.00183 1.08130 g -1
861 180.00000 76.55000 56055.26839 21.65000 299 0.00182 1.40850 g -1
576 187.38957 18.95000 56055.27198 21.65000 299 0.00181 1.08619 g -1
758 214.49923 47.75000 56055.27556 21.65000 299 0.00174 1.03521 g -1
845 214.28571 69.35000 56055.27915 21.65000 299 0.00171 1.23631 g -1
626 195.99086 26.15000 56055.28274 21.65000 299 0.00170 1.03579 g -1
718 209.48363 40.55000 56055.28633 21.65000 299 0.00169 1.00874 g -1
822 220.00000 62.15000 56055.28992 21.65000 299 0.00169 1.14336 g -1
674 204.02993 33.35000 56055.29350 21.65000 299 0.00164 1.01331 g -1
862 204.00000 76.55000 56055.29709 21.65000 299 0.00161 1.37907 g -1
525 186.77489 11.57000 56055.30068 21.65000 299 0.00158 1.23230 g -1
793 224.50609 54.95000 56055.30427 21.65000 299 0.00156 1.07759 g -1
577 194.55043 18.95000 56055.30786 21.65000 299 0.00153 1.12410 g -1
759 224.27392 47.75000 56055.31144 21.65000 299 0.00148 1.03279 g -1
719 218.10044 40.55000 56055.31503 21.65000 299 0.00141 1.01013 g -1
846 231.42857 69.35000 56055.31862 21.65000 299 0.00140 1.23873 g -1
823 233.33333 62.15000 56055.32221 21.65000 299 0.00139 1.14526 g -1
627 203.47257 26.15000 56055.32579 21.65000 299 0.00138 1.07462 g -1
675 211.88321 33.35000 56055.32938 21.65000 299 0.00135 1.02864 g -1
863 228.00000 76.55000 56055.33297 21.65000 299 0.00133 1.37075 g -1
524 179.49978 11.75000 56055.33656 21.65000 299 0.00130 1.60259 g -1
526 193.90000 11.75000 56055.34015 21.65000 299 0.00130 1.32425 g -1
794 235.60357 54.95000 56055.34373 21.65000 299 0.00128 1.07561 g -1
841 145.71429 69.42000 56055.34732 21.65000 299 0.00128 1.91955 g -1
760 234.04862 47.75000 56055.35091 21.65000 299 0.00123 1.03254 g -1
578 201.71129 18.95000 56055.35450 21.65000 299 0.00121 1.21701 g -1
720 226.71726 40.55000 56055.35809 21.65000 299 0.00120 1.02160 g -1
474 192.25000 4.55000 56055.36167 21.65000 299 0.00114 1.65157 g -1
473 185.30822 4.71000 56055.36526 21.65000 299 0.00112 1.94881 g -1
437 291.41827 -2.65000 56055.36885 21.65000 299 0.00112 1.91795 g -1
676 219.73650 33.35000 56055.37244 21.65000 299 0.00111 1.06384 g -1
824 246.66667 62.15000 56055.37603 21.65000 299 0.00111 1.14097 g -1
847 248.57143 69.35000 56055.37961 21.65000 299 0.00110 1.23587 g -1
628 210.95429 26.15000 56055.38320 21.65000 299 0.00109 1.18462 g -1
384 280.61059 -9.85000 56055.38679 21.65000 299 0.00107 1.65154 g -1
864 252.00000 76.55000 56055.39038 21.65000 299 0.00105 1.37128 g -1
795 246.70105 54.95000 56055.39397 21.65000 299 0.00105 1.07721 g -1
873 180.00000 83.75000 56055.39755 21.65000 299 0.00105 1.74260 g -1
761 243.82331 47.75000 56055.40114 21.65000 299 0.00104 1.04189 g -1
872 140.00000 83.75000 56055.40473 21.65000 299 0.00104 1.96874 g -1
721 235.33407 40.55000 56055.40832 21.65000 299 0.00103 1.05394 g -1
436 284.38942 -2.65000 56055.41191 21.65000 299 0.00101 1.38614 g -1
527 201.02511 11.75000 56055.41549 21.65000 299 0.00100 1.84211 g -1
489 295.13032 4.55000 56055.41908 21.65000 299 0.00095 1.37203 g -1
677 227.58979 33.35000 56055.42267 21.65000 299 0.00093 1.13741 g -1
579 208.96753 18.95000 56055.42626 21.65000 299 0.00092 1.55935 g -1
874 220.00000 83.75000 56055.42985 21.65000 299 0.00092 1.63490 g -1
488 288.11944 4.55000 56055.43343 21.65000 299 0.00090 1.22956 g -1
722 243.95089 40.55000 56055.43702 21.65000 299 0.00090 1.06214 g -1
385 287.65978 -9.85000 56055.44061 21.65000 299 0.00087 1.46560 g -1
762 253.59800 47.75000 56055.44420 21.65000 299 0.00086 1.05608 g -1
629 218.43600 26.15000 56055.44779 21.65000 299 0.00085 1.42998 g -1
825 260.00000 62.15000 56055.45137 21.65000 299 0.00084 1.15263 g -1
435 277.33000 -2.65000 56055.45496 21.65000 299 0.00083 1.23900 g -1
796 257.79854 54.95000 56055.45855 21.65000 299 0.00083 1.10022 g -1
865 276.00000 76.55000 56055.46214 21.65000 299 0.00082 1.37176 g -1
848 265.71429 69.35000 56055.46573 21.65000 299 0.00082 1.24539 g -1
487 281.19311 4.55000 56055.46931 21.65000 299 0.00081 1.14218 g -1
678 235.44307 33.35000 56055.47290 21.65000 299 0.00081 1.25022 g -1
723 252.56770 40.55000 56055.47649 21.65000 299 0.00079 1.09379 g -1
875 260.00000 83.75000 56055.48008 21.65000 299 0.00075 1.58629 g -1
679 243.29636 33.35000 56055.48367 21.65000 299 0.00073 1.20119 g -1
540 291.93112 11.75000 56055.48725 21.65000 299 0.00072 1.08215 g -1
539 284.87644 11.75000 56055.49084 21.65000 299 0.00071 1.07578 g -1
