0.5750634671 1.9519853902e-02 48.3118404525
0.5786514300 2.8324372626e-02 87.0767156907
0.5822393930 3.9971843337e-02 134.5492624979
0.5858273560 4.6128036994e-02 173.5764170002
0.5894153189 5.3065000729e-02 220.8915962490
0.5930032819 5.9488304166e-02 262.4890875398
0.5965912449 8.6489748892e-02 303.9816671249
0.6001792078 9.1967703219e-02 351.6115814907
0.6037671708 9.6439833575e-02 392.8418818117
0.6073551338 1.0154424664e-01 434.6491965137
0.6109430967 1.0632126895e-01 473.5189834576
0.6145310597 1.3012094350e-01 516.5852386275
0.6181190227 1.3300484451e-01 563.6381386121
0.6217069856 1.3591955932e-01 610.6910385968
0.6252949486 1.4168065897e-01 657.9013061399
0.6288829116 1.4411849364e-01 704.9542061246
0.6324708745 1.6899093453e-01 748.4925639699
0.6360588375 1.9584867595e-01 795.8077432187
0.6396468004 2.0321059601e-01 843.5950251429
0.6432347634 2.1423290612e-01 885.0876047280
0.6468227264 2.1622450010e-01 927.0522869886
0.6504106893 2.7749619365e-01 972.2692321243
0.6539986523 2.9846529697e-01 1015.2305755886
0.6575866153 3.5891033567e-01 1035.3211672208
0.6611745782 3.9288563827e-01 1079.1742601831
0.6647625412 4.7205293027e-01 1114.4245932820
0.6683505042 5.0199951553e-01 1160.1660969460
0.6719384671 5.1009262186e-01 1207.0616293721
0.6755264301 5.9580088300e-01 1244.2003731727
0.6791143931 6.2360449772e-01 1264.5007882163
0.6827023560 6.8127645540e-01 1310.1373801746
0.6862903190 7.0611877591e-01 1355.7215162802
0.6898782820 7.2330372009e-01 1392.0734222884
0.6934662449 7.4029010329e-01 1439.8082483598
0.6970542079 7.5572142278e-01 1475.4782282812
0.7006421709 7.6216637340e-01 1522.5311282659
0.7042301338 7.8091037152e-01 1568.2201760771
0.7078180968 7.9317317829e-01 1614.1190472996
0.7114060597 8.0204238863e-01 1661.8538733709
0.7149940227 8.0983184366e-01 1709.1690526197
0.7185819857 8.1384356016e-01 1753.0221455820
0.7221699486 8.1735282132e-01 1800.0225897138
0.7257579116 8.2063771866e-01 1802.0683679740
0.7293458746 8.2458058957e-01 1849.2261796643
0.7329338375 8.2776210620e-01 1896.3315355018
0.7365218005 8.3090166303e-01 1943.3844354865
0.7401097635 8.3368662961e-01 1991.0143498522
0.7436977264 8.3637532082e-01 1993.0601281124
0.7472856894 8.4332530600e-01 2039.2212785990
0.7508736524 8.4546627612e-01 2086.7987371119
0.7544616153 8.4748560464e-01 2133.8516370966
0.7580495783 8.5034239429e-01 2181.1143604925
0.7616375413 8.5224210416e-01 2226.9607758622
0.7652255042 8.5413740833e-01 2274.0136758468
0.7688134672 8.5581909469e-01 2319.2830768354
0.7724014301 8.5772105831e-01 2346.1929293350
0.7759893931 8.5967123659e-01 2348.1337958895
0.7795773561 8.6134614529e-01 2394.3474022290
0.7831653190 8.6304025929e-01 2421.4146222870
0.7867532820 8.6489024050e-01 2423.7226798114
0.7903412450 8.6645039153e-01 2466.8413908341
0.7939292079 8.6763200801e-01 2509.9076460040
0.7975171709 8.6903338361e-01 2511.7960567057
0.8011051339 8.7056180463e-01 2514.1565700829
0.8046930968 8.7193815279e-01 2516.5170834600
0.8082810598 8.7322406068e-01 2518.8251409844
0.8118690228 8.7442445032e-01 2520.9233750974
0.8125634672 8.7442445032e-01 2520.9233750974
0.8161514302 8.7442445032e-01 2520.9233750974
0.8197393931 8.7442445032e-01 2520.9233750974
0.8233273561 8.7442445032e-01 2520.9233750974
0.8269153191 8.7442445032e-01 2520.9233750974
0.8305032820 8.7442445032e-01 2520.9233750974
0.8340912450 8.7442445032e-01 2520.9233750974
0.8376792080 8.7442445032e-01 2520.9233750974
0.8412671709 8.7442445032e-01 2520.9233750974
0.8448551339 8.7442445032e-01 2520.9233750974
0.8484430969 8.7442445032e-01 2520.9233750974
0.8520310598 8.7442445032e-01 2520.9233750974
0.8556190228 8.7442445032e-01 2520.9233750974
0.8592069858 8.7442445032e-01 2520.9233750974
0.8627949487 8.7442445032e-01 2520.9233750974
0.8663829117 8.7442445032e-01 2520.9233750974
0.8699708746 8.7442445032e-01 2520.9233750974
0.8735588376 8.7442445032e-01 2520.9233750974
0.8771468006 8.7442445032e-01 2520.9233750974
0.8807347635 8.7442445032e-01 2520.9233750974
0.8843227265 8.7442445032e-01 2520.9233750974
0.8879106895 8.7442445032e-01 2520.9233750974
0.8914986524 8.7442445032e-01 2520.9233750974
0.8950866154 8.7442445032e-01 2520.9233750974
0.8986745784 8.7442445032e-01 2520.9233750974
0.9022625413 8.7442445032e-01 2520.9233750974
0.9058505043 8.7442445032e-01 2520.9233750974
0.9094384673 8.7442445032e-01 2520.9233750974
0.9130264302 8.7442445032e-01 2520.9233750974
0.9166143932 8.7442445032e-01 2520.9233750974
0.9202023562 8.7442445032e-01 2520.9233750974
0.9237903191 8.7442445032e-01 2520.9233750974
0.9273782821 8.7442445032e-01 2520.9233750974
0.9309662451 8.7442445032e-01 2520.9233750974
0.9345542080 8.7442445032e-01 2520.9233750974
0.9381421710 8.7442445032e-01 2520.9233750974
0.9417301339 8.7442445032e-01 2520.9233750974
0.9453180969 8.7442445032e-01 2520.9233750974
0.9489060599 8.7442445032e-01 2520.9233750974
0.9524940228 8.7442445032e-01 2520.9233750974
0.9560819858 8.7442445032e-01 2520.9233750974
