458 82.35880 4.55000 55994.11419 21.65000 299 0.00242 1.15162 g -1
459 89.36968 4.55000 55994.11778 21.65000 299 0.00209 1.14205 g -1
408 86.05288 -2.65000 55994.12137 21.65000 299 0.00208 1.24528 g -1
511 85.58463 11.75000 55994.12496 21.65000 299 0.00203 1.08625 g -1
412 114.26000 -2.65000 55994.12854 21.65000 299 0.00200 1.30857 g -1
512 92.56888 11.75000 55994.13213 21.65000 299 0.00198 1.07814 g -1
510 78.60038 11.75000 55994.13572 21.65000 299 0.00194 1.13234 g -1
360 110.94883 -9.85000 55994.13931 21.65000 299 0.00193 1.40487 g -1
462 110.14867 4.55000 55994.14290 21.65000 299 0.00189 1.15659 g -1
411 107.17000 -2.65000 55994.14648 21.65000 299 0.00186 1.24185 g -1
457 75.34792 4.55000 55994.15007 21.65000 299 0.00184 1.28266 g -1
409 93.08173 -2.65000 55994.15366 21.65000 299 0.00182 1.26225 g -1
361 118.01850 -9.85000 55994.15725 21.65000 299 0.00181 1.40853 g -1
667 149.05693 33.35000 55994.16084 21.65000 299 0.00180 1.21794 g -1
460 96.38056 4.55000 55994.16442 21.65000 299 0.00180 1.16571 g -1
562 88.37309 18.95000 55994.16801 21.65000 299 0.00180 1.09354 g -1
461 103.30689 4.55000 55994.17160 21.65000 299 0.00178 1.15131 g -1
666 141.20364 33.35000 55994.17519 21.65000 299 0.00177 1.09538 g -1
563 95.57843 18.95000 55994.17877 21.65000 299 0.00177 1.07547 g -1
463 116.99044 4.55000 55994.18236 21.65000 299 0.00177 1.14232 g -1
711 149.16593 40.55000 55994.18595 21.65000 299 0.00176 1.12389 g -1
513 99.62356 11.75000 55994.18954 21.65000 299 0.00175 1.12328 g -1
619 143.61886 26.15000 55994.19313 21.65000 299 0.00173 1.08401 g -1
514 106.74867 11.75000 55994.19671 21.65000 299 0.00172 1.10182 g -1
413 121.35000 -2.65000 55994.20030 21.65000 299 0.00169 1.23679 g -1
410 100.11058 -2.65000 55994.20389 21.65000 299 0.00166 1.34246 g -1
620 151.10057 26.15000 55994.20748 21.65000 299 0.00165 1.09974 g -1
359 103.88941 -9.85000 55994.21107 21.65000 299 0.00163 1.48814 g -1
712 157.78274 40.55000 55994.21465 21.65000 299 0.00162 1.11098 g -1
509 71.61613 11.75000 55994.21824 21.65000 299 0.00162 1.76458 g -1
310 114.91235 -17.05000 55994.22183 21.65000 299 0.00162 1.63319 g -1
561 81.12327 18.95000 55994.22542 21.65000 299 0.00161 1.44142 g -1
564 102.73929 18.95000 55994.22901 21.65000 299 0.00161 1.15000 g -1
309 107.85604 -17.05000 55994.23259 21.65000 299 0.00160 1.78252 g -1
515 114.02378 11.75000 55994.23618 21.65000 299 0.00160 1.13795 g -1
668 156.91021 33.35000 55994.23977 21.65000 299 0.00159 1.05011 g -1
570 145.05827 18.95000 55994.24336 21.65000 299 0.00155 1.04133 g -1
474 192.25000 4.55000 55994.24695 21.65000 299 0.00154 1.87968 g -1
612 91.24686 26.15000 55994.25053 21.65000 299 0.00151 1.34816 g -1
423 192.25000 -2.65000 55994.25412 21.65000 299 0.00159 2.02467 g -1
618 136.13714 26.15000 55994.25771 21.65000 299 0.00151 1.01219 g -1
613 98.72857 26.15000 55994.26130 21.65000 299 0.00149 1.28897 g -1
371 188.71517 -9.85000 55994.26489 21.65000 299 0.00157 2.01262 g -1
752 157.25108 47.75000 55994.26847 21.65000 299 0.00149 1.04384 g -1
424 199.34000 -2.65000 55994.27206 21.65000 299 0.00149 2.05376 g -1
526 193.90000 11.75000 55994.27565 21.65000 299 0.00147 1.45673 g -1
525 186.77489 11.57000 55994.27924 21.65000 299 0.00146 1.30867 g -1
372 195.78483 -9.85000 55994.28283 21.65000 299 0.00160 2.03700 g -1
475 199.09178 4.55000 55994.28641 21.65000 299 0.00145 1.62648 g -1
571 152.11144 18.95000 55994.29000 21.65000 299 0.00145 1.03310 g -1
425 206.43000 -2.65000 55994.29359 21.65000 299 0.00145 2.02129 g -1
565 109.79245 18.95000 55994.29718 21.65000 299 0.00144 1.38530 g -1
569 138.00511 18.95000 55994.30077 21.65000 299 0.00143 1.08409 g -1
464 123.83222 4.55000 55994.30435 21.65000 299 0.00142 1.38033 g -1
710 140.54911 40.55000 55994.30794 21.65000 299 0.00142 1.04682 g -1
621 158.58229 26.15000 55994.31153 21.65000 299 0.00141 1.00911 g -1
426 213.52000 -2.65000 55994.31512 21.65000 299 0.00137 1.99008 g -1
362 125.08817 -9.85000 55994.31871 21.65000 299 0.00137 1.83613 g -1
374 209.92417 -9.85000 55994.32229 21.65000 299 0.00150 2.03225 g -1
373 202.85450 -9.85000 55994.32588 21.65000 299 0.00136 1.75529 g -1
614 106.21029 26.15000 55994.32947 21.65000 299 0.00136 1.67520 g -1
321 192.25000 -17.05000 55994.33306 21.65000 299 0.00135 1.74462 g -1
577 194.55043 18.95000 55994.33665 21.65000 299 0.00135 1.11086 g -1
751 147.82638 47.75000 55994.34023 21.65000 299 0.00135 1.08675 g -1
476 205.93356 4.55000 55994.34382 21.65000 299 0.00135 1.34521 g -1
572 159.16460 18.95000 55994.34741 21.65000 299 0.00134 1.06357 g -1
428 227.70000 -2.65000 55994.35100 21.65000 299 0.00146 2.04644 g -1
576 187.38957 18.95000 55994.35459 21.65000 299 0.00134 1.04661 g -1
324 213.34209 -17.05000 55994.35817 21.65000 299 0.00139 2.03136 g -1
376 224.06350 -9.85000 55994.36176 21.65000 299 0.00146 2.02734 g -1
584 245.31027 18.95000 55994.36535 21.65000 299 0.00133 1.92096 g -1
519 143.12422 11.75000 55994.36894 21.65000 299 0.00132 1.34046 g -1
429 234.79000 -2.65000 55994.37252 21.65000 299 0.00138 2.01411 g -1
753 166.67577 47.75000 55994.37611 21.65000 299 0.00132 1.06276 g -1
377 231.13317 -9.85000 55994.37970 21.65000 299 0.00161 2.05201 g -1
534 250.00089 11.75000 55994.38329 21.65000 299 0.00154 2.04615 g -1
585 252.57882 18.95000 55994.38688 21.65000 299 0.00146 1.89794 g -1
482 246.98422 4.55000 55994.39046 21.65000 299 0.00156 2.01035 g -1
430 241.88000 -2.65000 55994.39405 21.65000 299 0.00142 1.98304 g -1
326 227.40348 -17.05000 55994.39764 21.65000 299 0.00164 2.02476 g -1
586 259.84737 18.95000 55994.40123 21.65000 299 0.00159 1.99640 g -1
535 256.97600 11.75000 55994.40482 21.65000 299 0.00171 2.00461 g -1
483 253.82600 4.55000 55994.40840 21.65000 299 0.00188 2.02822 g -1
431 248.97000 -2.65000 55994.41199 21.65000 299 0.00180 2.01036 g -1
378 238.20283 -9.85000 55994.41558 21.65000 299 0.00147 1.83832 g -1
587 267.11592 18.95000 55994.41917 21.65000 299 0.00184 2.03678 g -1
536 263.95111 11.75000 55994.42276 21.65000 299 0.00200 2.02988 g -1
484 260.66778 4.55000 55994.42634 21.65000 299 0.00214 2.04649 g -1
432 256.06000 -2.65000 55994.42993 21.65000 299 0.00212 2.03866 g -1
327 234.43417 -17.05000 55994.43352 21.65000 299 0.00172 1.86055 g -1
379 245.27250 -9.85000 55994.43711 21.65000 299 0.00165 1.81695 g -1
537 270.92622 11.75000 55994.44070 21.65000 299 0.00244 2.05593 g -1
485 267.50956 4.55000 55994.44428 21.65000 299 0.00251 2.06516 g -1
588 274.38447 18.95000 55994.44787 21.65000 299 0.00203 1.88772 g -1
433 263.15000 -2.65000 55994.45146 21.65000 299 0.00243 2.00655 g -1
380 252.34217 -9.85000 55994.45505 21.65000 299 0.00200 1.83442 g -1
381 259.41183 -9.85000 55994.45864 21.65000 299 0.00227 2.04137 g -1
538 277.90133 11.75000 55994.46222 21.65000 299 0.00270 2.01395 g -1
486 274.35133 4.55000 55994.46581 21.65000 299 0.00300 2.01732 g -1
434 270.24000 -2.65000 55994.46940 21.65000 299 0.00285 2.03471 g -1
589 281.65302 18.95000 55994.47299 21.65000 299 0.00192 1.81215 g -1
329 248.49557 -17.05000 55994.47658 21.65000 299 0.00163 1.82682 g -1
382 266.48150 -9.85000 55994.48016 21.65000 299 0.00206 2.01198 g -1
487 281.19311 4.55000 55994.48375 21.65000 299 0.00220 2.03536 g -1
539 284.87644 11.75000 55994.48734 21.65000 299 0.00201 1.91320 g -1
328 241.46487 -17.05000 55994.49093 21.65000 299 0.00158 1.64206 g -1
330 255.52626 -17.05000 55994.49452 21.65000 299 0.00151 1.83852 g -1
638 285.77143 26.15000 55994.49810 21.65000 299 0.00151 1.53283 g -1
637 278.28971 26.15000 55994.50169 21.65000 299 0.00145 1.34530 g -1
636 270.80800 26.15000 55994.50528 21.65000 299 0.00142 1.21575 g -1
590 288.92157 18.95000 55994.50887 21.65000 299 0.00141 1.61551 g -1
684 282.56279 33.35000 55994.51246 21.65000 299 0.00138 1.30705 g -1
277 235.96257 -24.25000 55994.51604 21.65000 299 0.00135 1.86873 g -1
635 263.32629 26.15000 55994.51963 21.65000 299 0.00134 1.09590 g -1
276 228.67714 -24.25000 55994.52322 21.65000 299 0.00134 1.90415 g -1
375 216.99383 -9.85000 55994.52681 21.65000 299 0.00131 1.49925 g -1
713 166.39956 40.55000 55994.53040 21.65000 299 0.00131 1.88401 g -1
527 201.02511 11.75000 55994.53398 21.65000 299 0.00131 1.36907 g -1
533 243.02578 11.75000 55994.53757 21.65000 299 0.00130 1.07583 g -1
477 212.77533 4.55000 55994.54116 21.65000 299 0.00130 1.32998 g -1
480 233.30067 4.55000 55994.54475 21.65000 299 0.00130 1.16769 g -1
481 240.14244 4.55000 55994.54834 21.65000 299 0.00130 1.14949 g -1
