0.2505923284 7.7404967818e-02 47.3151792488
0.2541802914 1.4412829486e-01 95.1549170258
0.2577682543 2.0343068947e-01 142.5225521274
0.2613562173 2.5810377369e-01 189.8377313762
0.2649441803 3.0007538880e-01 236.7332638024
0.2685321432 3.4180070255e-01 284.2058106096
0.2721201062 3.8490258664e-01 332.5176510621
0.2757080692 4.1353048806e-01 375.7412737905
0.2792960321 4.4325838328e-01 423.5285557147
0.2828839951 4.6437034712e-01 469.1651476730
0.2864719581 4.8153667198e-01 514.3296369560
0.2900599210 5.0110135185e-01 557.3958921259
0.2936478840 5.1506082807e-01 605.0258064916
0.2972358470 5.2703396384e-01 648.6690760426
0.3008238099 5.3855113753e-01 694.3581238538
0.3044117729 5.4460647615e-01 740.0996275178
0.3079997359 5.5036061915e-01 786.3656897100
0.3115876988 5.5262261487e-01 825.2354766539
0.3151756618 5.5727187927e-01 866.7805120918
0.3187636247 5.6107083693e-01 913.8334120765
0.3223515877 5.6537297295e-01 917.7676010384
0.3259395507 5.6847547545e-01 963.4041929968
0.3295275136 5.7181932556e-01 965.3450595513
0.3331154766 5.7504161774e-01 967.7055729285
0.3367034396 5.7836245271e-01 973.4757167393
0.3402914025 5.8105536938e-01 975.6264067052
0.3438793655 5.8342782398e-01 1002.6411709104
0.3474673285 5.8563888536e-01 1045.8123377859
0.3510552914 5.8666714376e-01 1087.2000056654
0.3546432544 5.8775550171e-01 1128.6401293977
0.3582312174 5.8974080323e-01 1130.6859076579
0.3618191803 5.9147188735e-01 1177.0044257030
0.3654071433 5.9270180116e-01 1216.9233297034
0.3689951063 5.9447243126e-01 1255.6882049416
0.3725830692 5.9614465432e-01 1282.5980574411
0.3761710322 5.9712507612e-01 1325.7167684639
0.3797589952 5.9849722396e-01 1372.9270360070
0.3833469581 5.9986182534e-01 1375.1826376785
0.3869349211 6.0114007678e-01 1377.6480627613
0.3905228840 6.0229012539e-01 1422.7076403386
0.3941108470 6.0338680546e-01 1424.2813159234
0.3976988100 6.0446227998e-01 1467.2951152404
0.4012867729 6.0568019469e-01 1476.6847128962
0.4048747359 6.0834126057e-01 1503.8568446599
0.4084626989 6.0910093062e-01 1505.7452553617
0.4120506618 6.0988871608e-01 1553.8997282556
0.4127451063 6.0988871608e-01 1553.8997282556
0.4163330692 6.0988871608e-01 1553.8997282556
0.4199210322 6.0988871608e-01 1553.8997282556
0.4235089952 6.0988871608e-01 1553.8997282556
0.4270969581 6.0988871608e-01 1553.8997282556
0.4306849211 6.0988871608e-01 1553.8997282556
0.4342728841 6.0988871608e-01 1553.8997282556
0.4378608470 6.0988871608e-01 1553.8997282556
0.4414488100 6.0988871608e-01 1553.8997282556
0.4450367730 6.0988871608e-01 1553.8997282556
0.4486247359 6.0988871608e-01 1553.8997282556
0.4522126989 6.0988871608e-01 1553.8997282556
0.4558006619 6.0988871608e-01 1553.8997282556
0.4593886248 6.0988871608e-01 1553.8997282556
0.4629765878 6.0988871608e-01 1553.8997282556
0.4665645508 6.0988871608e-01 1553.8997282556
0.4701525137 6.0988871608e-01 1553.8997282556
0.4737404767 6.0988871608e-01 1553.8997282556
0.4773284397 6.0988871608e-01 1553.8997282556
0.4809164026 6.0988871608e-01 1553.8997282556
0.4845043656 6.0988871608e-01 1553.8997282556
0.4880923285 6.0988871608e-01 1553.8997282556
0.4916802915 6.0988871608e-01 1553.8997282556
0.4952682545 6.0988871608e-01 1553.8997282556
0.4988562174 6.0988871608e-01 1553.8997282556
0.5024441804 6.0988871608e-01 1553.8997282556
0.5060321434 6.0988871608e-01 1553.8997282556
0.5096201063 6.0988871608e-01 1553.8997282556
0.5132080693 6.0988871608e-01 1553.8997282556
0.5167960323 6.0988871608e-01 1553.8997282556
0.5203839952 6.0988871608e-01 1553.8997282556
0.5239719582 6.0988871608e-01 1553.8997282556
0.5275599212 6.0988871608e-01 1553.8997282556
0.5311478841 6.0988871608e-01 1553.8997282556
0.5347358471 6.0988871608e-01 1553.8997282556
0.5383238101 6.0988871608e-01 1553.8997282556
0.5419117730 6.0988871608e-01 1553.8997282556
0.5454997360 6.0988871608e-01 1553.8997282556
0.5490876989 6.0988871608e-01 1553.8997282556
0.5526756619 6.0988871608e-01 1553.8997282556
0.5562636249 6.0988871608e-01 1553.8997282556
0.5598515878 6.0988871608e-01 1553.8997282556
0.5634395508 6.0988871608e-01 1553.8997282556
0.5670275138 6.0988871608e-01 1553.8997282556
0.5706154767 6.0988871608e-01 1553.8997282556
