0.1468141752 1.3924278626e-01 47.2102675431
0.1504021381 2.4465268593e-01 94.7352702032
0.1539901011 3.4829304198e-01 142.9421989500
0.1575780641 3.8103550857e-01 184.4872343880
0.1611660270 4.1839738844e-01 227.6059454107
0.1647539900 4.4810913556e-01 269.0985249958
0.1683419530 4.8948022220e-01 316.5710718031
0.1719299159 5.2942842959e-01 363.9911627575
0.1755178789 5.6809823107e-01 411.8309005346
0.1791058419 6.0551785737e-01 459.0936239305
0.1826938048 6.2972316905e-01 503.6286429795
0.1862817678 6.5693037759e-01 550.3668078472
0.1898697307 6.7458265338e-01 589.2365947911
0.1934576937 6.9323833650e-01 628.0539258821
0.1970456567 7.1733983966e-01 674.0577088102
0.2006336196 7.3755872723e-01 716.7043171575
0.2042215826 7.7044654573e-01 764.2817756704
0.2078095456 7.8560775653e-01 807.1906632818
0.2113975085 7.9617917068e-01 809.3413532477
0.2149854715 8.0440863453e-01 854.6107542363
0.2185734345 8.1138711020e-01 900.0375227833
0.2221613974 8.1806005675e-01 946.0937615643
0.2257493604 8.2326965232e-01 991.3107067000
0.2293373234 8.2901268770e-01 1035.5309906321
0.2329252863 8.3359404774e-01 1083.0559932922
0.2365132493 8.3787236050e-01 1124.9157638471
0.2401012123 8.4209019170e-01 1127.1189096658
0.2436891752 8.4595506298e-01 1129.4269671901
0.2472771382 8.4868735153e-01 1170.9720026281
0.2508651012 8.4976245345e-01 1209.7893337191
0.2544530641 8.5285521088e-01 1212.6744056245
0.2580410271 8.5542377054e-01 1258.5208209941
0.2616289900 8.5720119189e-01 1302.2690022508
0.2652169530 8.5939525810e-01 1304.2623246582
0.2688049160 8.6024407690e-01 1305.9409119486
0.2723928789 8.6219102626e-01 1333.1130437123
0.2759808419 8.6312102982e-01 1375.2875493841
0.2795688049 8.6481427471e-01 1382.1592661043
0.2831567678 8.6637159933e-01 1428.2679607381
0.2867447308 8.6753351916e-01 1471.1768483495
0.2903326938 8.6899891413e-01 1516.4987051909
0.2939206567 8.7036829584e-01 1518.5969393040
0.2975086197 8.7152701699e-01 1545.5067918035
0.2982030641 8.7152701699e-01 1545.5067918035
0.3017910271 8.7152701699e-01 1545.5067918035
0.3053789901 8.7152701699e-01 1545.5067918035
0.3089669530 8.7152701699e-01 1545.5067918035
0.3125549160 8.7152701699e-01 1545.5067918035
0.3161428790 8.7152701699e-01 1545.5067918035
0.3197308419 8.7152701699e-01 1545.5067918035
0.3233188049 8.7152701699e-01 1545.5067918035
0.3269067679 8.7152701699e-01 1545.5067918035
0.3304947308 8.7152701699e-01 1545.5067918035
0.3340826938 8.7152701699e-01 1545.5067918035
0.3376706568 8.7152701699e-01 1545.5067918035
0.3412586197 8.7152701699e-01 1545.5067918035
0.3448465827 8.7152701699e-01 1545.5067918035
0.3484345457 8.7152701699e-01 1545.5067918035
0.3520225086 8.7152701699e-01 1545.5067918035
0.3556104716 8.7152701699e-01 1545.5067918035
0.3591984345 8.7152701699e-01 1545.5067918035
0.3627863975 8.7152701699e-01 1545.5067918035
0.3663743605 8.7152701699e-01 1545.5067918035
0.3699623234 8.7152701699e-01 1545.5067918035
0.3735502864 8.7152701699e-01 1545.5067918035
0.3771382494 8.7152701699e-01 1545.5067918035
0.3807262123 8.7152701699e-01 1545.5067918035
