0.7171966555 2.0462361028e-01 47.0528999847
0.7207846185 3.4007123943e-01 94.2631675278
0.7243725815 4.4079608238e-01 141.3160675124
0.7279605444 5.0307340579e-01 188.9459818782
0.7315485074 6.2855010288e-01 211.8167337102
0.7351364704 7.1665920385e-01 254.8829888801
0.7387244333 7.4365239361e-01 285.7794861944
0.7423123963 7.8646713888e-01 332.8323861791
0.7459003593 8.0395021812e-01 336.0846490542
0.7494883222 8.1703900276e-01 383.5571958615
0.7530762852 8.2981052353e-01 430.4527282877
0.7566642481 8.4239074020e-01 478.2924660647
0.7602522111 8.5473276483e-01 526.0797479889
0.7638401741 8.6469040987e-01 573.9194857660
0.7674281370 8.7425076949e-01 621.1822091619
0.7710161000 8.8466661607e-01 668.4973884107
0.7746040630 8.9378356323e-01 716.0748469236
0.7781920259 9.0226734153e-01 762.1310857046
0.7817799889 9.0990638147e-01 764.2817756704
0.7853679519 9.1448630911e-01 767.3242151343
0.7860623963 9.1448630911e-01 767.3242151343
0.7896503593 9.1448630911e-01 767.3242151343
0.7932383222 9.1448630911e-01 767.3242151343
0.7968262852 9.1448630911e-01 767.3242151343
0.8004142482 9.1448630911e-01 767.3242151343
0.8040022111 9.1448630911e-01 767.3242151343
0.8075901741 9.1448630911e-01 767.3242151343
0.8111781371 9.1448630911e-01 767.3242151343
0.8147661000 9.1448630911e-01 767.3242151343
0.8183540630 9.1448630911e-01 767.3242151343
0.8219420260 9.1448630911e-01 767.3242151343
0.8255299889 9.1448630911e-01 767.3242151343
0.8291179519 9.1448630911e-01 767.3242151343
0.8327059149 9.1448630911e-01 767.3242151343
0.8362938778 9.1448630911e-01 767.3242151343
0.8398818408 9.1448630911e-01 767.3242151343
0.8434698038 9.1448630911e-01 767.3242151343
0.8470577667 9.1448630911e-01 767.3242151343
0.8506457297 9.1448630911e-01 767.3242151343
0.8542336926 9.1448630911e-01 767.3242151343
