875 260.00000 83.75000 56020.17505 21.65000 299 0.00605 2.00433 g -1
864 252.00000 76.55000 56020.21093 21.65000 299 0.01017 2.00831 g -1
847 248.57143 69.35000 56020.22169 21.65000 299 0.00341 2.01819 g -1
848 265.71429 69.35000 56020.26833 21.65000 299 0.03856 2.02392 g -1
825 260.00000 62.15000 56020.27192 21.65000 299 0.00819 1.97462 g -1
865 276.00000 76.55000 56020.27551 21.65000 299 0.03291 2.01672 g -1
796 257.79854 54.95000 56020.27910 21.65000 299 0.00782 1.94283 g -1
1876 272.43831 72.95000 56020.28268 21.65000 299 0.00391 1.99070 g -1
876 300.00000 83.75000 56020.28627 21.65000 299 0.00360 2.00213 g -1
680 251.14964 33.35000 56020.28986 21.65000 299 0.00352 1.92169 g -1
633 248.36286 26.15000 56020.29345 21.65000 299 0.00351 1.89887 g -1
763 263.37269 47.75000 56020.29704 21.65000 299 0.03946 2.03583 g -1
724 261.18452 40.55000 56020.30062 21.65000 299 0.03775 2.03932 g -1
681 259.00293 33.35000 56020.30421 21.65000 299 0.07763 2.04370 g -1
797 268.89602 54.95000 56020.30780 21.65000 299 0.06424 1.96586 g -1
826 273.33333 62.15000 56020.31139 21.65000 299 0.05556 1.95035 g -1
634 255.84457 26.15000 56020.31498 21.65000 299 0.05241 1.88605 g -1
849 282.85714 69.35000 56020.31856 21.65000 299 0.08114 2.00298 g -1
585 252.57882 18.95000 56020.32215 21.65000 299 0.00636 1.80323 g -1
635 263.32629 26.15000 56020.32574 21.65000 299 0.01120 2.05639 g -1
682 266.85621 33.35000 56020.32933 21.65000 299 0.00832 1.98581 g -1
725 269.80133 40.55000 56020.33292 21.65000 299 0.00782 1.91147 g -1
586 259.84737 18.95000 56020.33650 21.65000 299 0.00740 1.89008 g -1
827 286.66667 62.15000 56020.34009 21.65000 299 0.00929 2.03023 g -1
866 300.00000 76.55000 56020.34368 21.65000 299 0.02675 2.00836 g -1
726 278.41815 40.55000 56020.34727 21.65000 299 0.00869 2.05677 g -1
765 282.92208 47.75000 56020.35086 21.65000 299 0.00788 2.04021 g -1
683 274.70950 33.35000 56020.35444 21.65000 299 0.00696 1.93150 g -1
764 273.14738 47.75000 56020.35803 21.65000 299 0.00680 1.64715 g -1
798 279.99351 54.95000 56020.36162 21.65000 299 0.00562 1.73284 g -1
850 300.00000 69.35000 56020.36521 21.65000 299 0.01850 2.00929 g -1
684 282.56279 33.35000 56020.36880 21.65000 299 0.01401 2.05504 g -1
727 287.03496 40.55000 56020.37238 21.65000 299 0.01499 2.03619 g -1
799 291.09099 54.95000 56020.37597 21.65000 299 0.00644 1.89125 g -1
828 300.00000 62.15000 56020.37956 21.65000 299 0.01107 2.00494 g -1
766 292.69677 47.75000 56020.38315 21.65000 299 0.01012 1.96710 g -1
637 278.28971 26.15000 56020.38674 21.65000 299 0.00366 1.74934 g -1
685 290.41607 33.35000 56020.39032 21.65000 299 0.00425 2.05894 g -1
800 302.18847 54.95000 56020.39391 21.65000 299 0.00370 2.03922 g -1
1857 278.87953 65.75000 56020.39750 21.65000 299 0.00356 1.49240 g -1
1679 261.36518 29.75000 56020.40109 21.65000 299 0.00337 1.22991 g -1
636 270.80800 26.15000 56020.40468 21.65000 299 0.00254 1.38056 g -1
867 324.00000 76.55000 56020.40826 21.65000 299 0.00526 2.01811 g -1
638 285.77143 26.15000 56020.41185 21.65000 299 0.00253 1.69436 g -1
728 295.65178 40.55000 56020.41544 21.65000 299 0.00241 1.77006 g -1
1831 270.98986 58.55000 56020.41903 21.65000 299 0.00232 1.28583 g -1
1723 263.36541 36.95000 56020.42261 21.65000 299 0.00217 1.14922 g -1
377 231.13317 -9.85000 56020.42620 21.65000 299 0.00201 1.37454 g -1
1877 292.43831 72.95000 56020.42979 21.65000 299 0.00186 1.56457 g -1
536 263.95111 11.75000 56020.43338 21.65000 299 0.00186 1.25103 g -1
535 256.97600 11.75000 56020.43697 21.65000 299 0.00177 1.16844 g -1
1856 263.87953 65.75000 56020.44055 21.65000 299 0.00164 1.25229 g -1
1763 266.22662 44.15000 56020.44414 21.65000 299 0.00153 1.11605 g -1
851 317.14286 69.35000 56020.44773 21.65000 299 0.00146 1.77855 g -1
484 260.66778 4.55000 56020.45132 21.65000 299 0.00140 1.23502 g -1
1678 253.52600 29.75000 56020.45491 21.65000 299 0.00134 1.02601 g -1
584 245.31027 18.95000 56020.45849 21.65000 299 0.00133 1.03593 g -1
587 267.11592 18.95000 56020.46208 21.65000 299 0.00125 1.12227 g -1
1800 270.49180 51.35000 56020.46567 21.65000 299 0.00116 1.12142 g -1
326 227.40348 -17.05000 56020.46926 21.65000 299 0.00114 1.65802 g -1
534 250.00089 11.75000 56020.47285 21.65000 299 0.00112 1.07882 g -1
327 234.43417 -17.05000 56020.47643 21.65000 299 0.00107 1.61639 g -1
723 252.56770 40.55000 56020.48002 21.65000 299 0.00101 1.00990 g -1
1631 258.09721 22.55000 56020.48361 21.65000 299 0.00099 1.02760 g -1
485 267.50956 4.55000 56020.48720 21.65000 299 0.00096 1.19031 g -1
429 234.79000 -2.65000 56020.49079 21.65000 299 0.00092 1.29574 g -1
588 274.38447 18.95000 56020.49437 21.65000 299 0.00091 1.09276 g -1
767 302.47146 47.75000 56020.49796 21.65000 299 0.00088 1.27688 g -1
537 270.92622 11.75000 56020.50155 21.65000 299 0.00086 1.10954 g -1
533 243.02578 11.75000 56020.50514 21.65000 299 0.00086 1.10484 g -1
849 282.85714 69.35000 56020.50583 21.65000 299 0.08114 1.28113 r -1
681 259.00293 33.35000 56020.50942 21.65000 299 0.07763 1.00001 r -1
797 268.89602 54.95000 56020.51301 21.65000 299 0.06424 1.08217 r -1
826 273.33333 62.15000 56020.51660 21.65000 299 0.05556 1.15232 r -1
634 255.84457 26.15000 56020.52018 21.65000 299 0.05241 1.01319 r -1
763 263.37269 47.75000 56020.52377 21.65000 299 0.03946 1.03237 r -1
