0.0000000000 2.9575622859e-03 47.3676351016
0.6148643308 4.3596480837e-03 95.1549170258
0.6184522937 5.6411557893e-03 142.4176404218
0.6220402567 7.2360594393e-03 189.3131728479
0.6256282197 8.2002805529e-03 236.5758962439
0.6292161826 9.7120992382e-03 280.6912684703
0.6328041456 1.1059852719e-02 325.9606694589
0.6363921086 1.2490441601e-02 373.7479513831
0.6399800715 1.3421088418e-02 421.1155864847
0.6435680345 1.4385462974e-02 467.0669135600
0.6471559975 1.5059946466e-02 513.1756081938
0.6507439604 1.5975132219e-02 560.3858757369
0.6543319234 1.6738766038e-02 607.4387757216
0.6579198864 1.7414251981e-02 654.4916757062
0.6615078493 1.8199291382e-02 701.5445756909
0.6650958123 1.8868164534e-02 748.5974756755
0.6686837753 1.9527511135e-02 795.3880963961
0.6722717382 2.0613957962e-02 842.7557314977
0.6758597012 2.1338388110e-02 890.0709107464
0.6794476642 2.2121669660e-02 937.1238107311
0.6830356271 2.2591226780e-02 973.5281725921
0.6866235901 2.3289224873e-02 1021.0531752522
0.6902115530 2.4107546320e-02 1068.6306337651
0.6937995160 2.5231266478e-02 1115.9982688667
0.6973874790 2.6195405081e-02 1160.4808320629
0.7009754419 2.6934931911e-02 1202.3406026178
0.7045634049 2.7543914045e-02 1247.2952684894
0.7081513679 2.8374591450e-02 1295.1350062665
0.7117393308 2.9067590740e-02 1342.2928179568
0.7153272938 2.9659284091e-02 1388.9260711188
0.7189152568 3.0700349287e-02 1436.6608971902
0.7225032197 3.2407851597e-02 1482.7695918240
0.7260911827 3.3223636698e-02 1529.3503891332
0.7296791457 3.4000064839e-02 1577.1901269103
0.7332671086 3.4730716074e-02 1619.0498974652
0.7368550716 3.5348337437e-02 1665.9454298913
0.7404430346 3.6803615362e-02 1711.2672867327
0.7440309975 3.7386770329e-02 1758.2677308646
0.7476189605 3.8929418208e-02 1802.9601174721
0.7512069235 4.0171978043e-02 1849.0688121059
0.7547948864 4.1123716073e-02 1895.5971535622
0.7583828494 4.1955833691e-02 1941.6009364904
0.7619708123 4.2674720868e-02 1988.6538364750
0.7655587753 4.3688254886e-02 2033.8707816108
0.7691467383 4.4265719357e-02 2081.2384167124
0.7727347012 4.4837963357e-02 2128.8683310781
0.7763226642 4.5373985989e-02 2174.1901879195
0.7799106272 4.5912137718e-02 2220.4562501118
0.7834985901 4.6448034703e-02 2266.3026654815
0.7870865531 4.6953440523e-02 2311.6245223229
0.7906745161 4.7855396757e-02 2353.4842928778
0.7942624790 4.8477110579e-02 2401.1666630963
0.7978504420 4.8989863136e-02 2448.2195630810
0.8014384050 4.9452901919e-02 2491.1284506924
0.8050263679 4.9948030328e-02 2537.2371453262
0.8086143309 5.0441293723e-02 2583.3458399600
0.8122022939 5.0913441662e-02 2627.4612121864
0.8157902568 5.1392576615e-02 2673.6748185258
0.8193782198 5.1872130954e-02 2720.7277185105
0.8229661827 5.2393138701e-02 2768.1478094649
0.8265541457 5.2866973005e-02 2815.7252679778
0.8301421087 5.3608773018e-02 2862.9355355209
0.8337300716 5.4320686697e-02 2909.9884355056
0.8373180346 5.4780976378e-02 2955.2578364942
0.8409059976 5.5252079336e-02 3003.5172210938
0.8444939605 5.5770921998e-02 3050.8324003426
0.8480819235 5.6897592752e-02 3097.0984625349
0.8516698865 5.7312780841e-02 3141.5285698782
0.8552578494 5.7758214238e-02 3188.4765581572
0.8588458124 5.8157487677e-02 3227.0840658369
0.8624337754 5.8553827448e-02 3268.0520868938
0.8660217383 5.8995010446e-02 3315.2623544369
0.8696097013 5.9422600322e-02 3363.0496363611
0.8731976643 5.9844105324e-02 3409.8927129345
0.8767856272 6.0263653471e-02 3456.9456129191
0.8803735902 6.0674258724e-02 3504.5755272849
0.8839615532 6.1074256883e-02 3550.5793102130
0.8875495161 6.1437875338e-02 3592.3866249151
0.8911374791 6.1831775970e-02 3639.1247897828
0.8947254420 6.2213604613e-02 3685.7580429448
0.8983134050 6.2586208898e-02 3730.7651646693
0.9019013680 6.2960506396e-02 3776.8738593031
0.9054893309 6.3401068482e-02 3825.0283321971
0.9090772939 6.3784118054e-02 3872.8680699741
0.9126652569 6.4136375452e-02 3914.3606495592
0.9162532198 6.4497083655e-02 3959.6300505478
0.9198411828 6.4837088875e-02 4002.4340264536
0.9234291458 6.5187472753e-02 4046.6018545328
0.9270171087 6.5520682597e-02 4089.3533745858
0.9306050717 6.5825788735e-02 4130.7934983181
0.9341930347 6.6204986965e-02 4173.8597534880
0.9377809976 6.6536127531e-02 4218.0800374200
0.9413689606 6.6796127590e-02 4256.9498243639
0.9449569236 6.7120607426e-02 4303.1634307033
0.9485448865 6.7416765493e-02 4345.0232012582
0.9521328495 6.7846554848e-02 4383.8405323492
0.9557208125 6.8585310681e-02 4431.6278142734
0.9593087754 6.8865753846e-02 4474.3793343264
0.9628967384 6.9819656375e-02 4519.2290884924
0.9664847013 7.0116060650e-02 4566.8590028581
0.9700726643 7.0958745122e-02 4612.7054182277
0.9736606273 7.1198112753e-02 4651.2604700546
0.9772485902 7.1912367306e-02 4692.8055054926
0.9808365532 7.2196872850e-02 4740.0682288885
0.9844245162 7.2438896548e-02 4781.6132643265
0.9880124791 7.2733821429e-02 4829.7677372205
0.9916004421 7.2967418517e-02 4865.5426288476
0.9951884051 7.3159093848e-02 4892.7147606113
0.9987763680 7.3344786101e-02 4922.2474057522
