0.4109677527 6.8840089290e-03 47.1578116903
0.4145557157 1.4686228025e-02 93.6336972939
0.4181436787 1.8054226102e-02 140.9488765427
0.4217316416 2.0696267384e-02 187.5296738519
0.4253196046 2.2757461373e-02 235.1595882176
0.4289075676 3.0956318299e-02 282.4223116136
0.4324955305 3.2458716967e-02 329.4752115982
0.4360834935 3.6110229475e-02 375.7937296433
0.4396714565 3.7082504179e-02 423.6859232732
0.4432594194 3.8283799293e-02 470.0044413183
0.4468473824 3.9003478798e-02 517.8441790953
0.4504353454 5.8402823004e-02 564.1626971404
0.4540233083 5.9932709677e-02 610.7959503024
0.4576112713 6.2221783018e-02 618.2446814037
0.4611992342 6.2819322869e-02 665.9795074751
0.4647871972 6.3356346608e-02 713.7143335464
0.4683751602 6.3887661403e-02 760.6623218254
0.4719631231 7.6186371271e-02 801.7352545880
0.4755510861 7.6677235463e-02 848.3685077500
0.4791390491 7.7656819237e-02 893.6903645914
0.4827270120 7.8149978071e-02 941.0055438402
0.4863149750 7.8543314800e-02 989.0551050285
0.4899029380 7.8911687309e-02 991.2057949944
0.4934909009 8.3369884922e-02 1037.5243130395
0.4970788639 8.3707487211e-02 1039.7274588582
0.5006668269 8.4039900063e-02 1085.0493156996
0.5042547898 8.4299216131e-02 1131.4202895975
0.5078427528 8.4546204782e-02 1175.9553086465
0.5114307158 8.5801195109e-02 1222.2738266916
0.5150186787 8.6035395156e-02 1224.3720608046
0.5186066417 8.6252044710e-02 1272.5265336986
0.5221946047 8.6456407793e-02 1320.1039922115
0.5257825676 8.6633811322e-02 1322.3071380302
0.5293705306 8.6800031949e-02 1369.1502146035
0.5300649750 8.6800031949e-02 1369.1502146035
0.5336529380 8.6800031949e-02 1369.1502146035
0.5372409010 8.6800031949e-02 1369.1502146035
0.5408288639 8.6800031949e-02 1369.1502146035
0.5444168269 8.6800031949e-02 1369.1502146035
0.5480047899 8.6800031949e-02 1369.1502146035
0.5515927528 8.6800031949e-02 1369.1502146035
0.5551807158 8.6800031949e-02 1369.1502146035
0.5587686787 8.6800031949e-02 1369.1502146035
0.5623566417 8.6800031949e-02 1369.1502146035
0.5659446047 8.6800031949e-02 1369.1502146035
0.5695325676 8.6800031949e-02 1369.1502146035
0.5731205306 8.6800031949e-02 1369.1502146035
0.5767084936 8.6800031949e-02 1369.1502146035
0.5802964565 8.6800031949e-02 1369.1502146035
0.5838844195 8.6800031949e-02 1369.1502146035
0.5874723825 8.6800031949e-02 1369.1502146035
0.5910603454 8.6800031949e-02 1369.1502146035
0.5946483084 8.6800031949e-02 1369.1502146035
0.5982362714 8.6800031949e-02 1369.1502146035
0.6018242343 8.6800031949e-02 1369.1502146035
0.6054121973 8.6800031949e-02 1369.1502146035
0.6090001603 8.6800031949e-02 1369.1502146035
