0.4745346126 4.6858260208e-03 47.7872819242
0.4781225756 1.0763865685e-02 94.8926377617
0.4817105386 1.6232821233e-02 141.9979935992
0.4852985015 1.8862871051e-02 188.8410701725
0.4888864645 2.2537584044e-02 236.8906313609
0.4924744275 2.3547936289e-02 284.6779132851
0.4960623904 2.5447259562e-02 297.7918764915
0.4996503534 2.7040816558e-02 345.1070557403
0.5032383163 4.1272917901e-02 386.9668262952
0.5068262793 4.7721199578e-02 434.2820055440
0.5104142423 5.6824837058e-02 482.4889342908
0.5140022052 6.9286659218e-02 528.2304379548
0.5175901682 7.1003579077e-02 575.5456172036
0.5211781312 7.4833701665e-02 622.5985171882
0.5247660941 9.5322051010e-02 667.8154623240
0.5283540571 1.0195524425e-01 714.8683623086
0.5319420201 1.1882787764e-01 739.4701572839
0.5355299830 1.2660324789e-01 783.1658826877
0.5391179460 1.2988584055e-01 830.1138709667
0.5427059090 1.4107968753e-01 855.5025037343
0.5462938719 1.6052443852e-01 895.1066726177
0.5498818349 1.7463786054e-01 925.1638762868
0.5534697979 1.7657039831e-01 972.2167762715
0.5570577608 1.7812485003e-01 1019.5319555203
0.5606457238 1.9002327389e-01 1063.1752250712
0.5642336868 1.9587952413e-01 1097.4813528193
0.5678216497 1.9703908815e-01 1144.7965320680
0.5714096127 1.9785783176e-01 1147.9963390904
0.5749975756 2.1110772385e-01 1193.0559166677
0.5785855386 2.1392177272e-01 1236.2270835432
0.5821735016 2.1758008145e-01 1281.8636755016
0.5857614645 2.2734285325e-01 1325.6118567582
0.5893494275 2.2818208884e-01 1327.6576350184
0.5929373905 2.2941368128e-01 1374.8154467087
0.5965253534 2.4363091278e-01 1404.7152828194
0.6001133164 2.5013518816e-01 1449.8797721023
0.6037012794 2.5170588033e-01 1495.5688199135
0.6072892423 2.5237443020e-01 1497.5096864680
0.6108772053 2.5874396262e-01 1541.1529560190
0.6144651683 2.6194600100e-01 1584.3765787474
0.6180531312 2.6251031173e-01 1631.0098319094
0.6216410942 2.6546487066e-01 1676.1743211924
0.6252290572 2.6625830800e-01 1721.8633690035
0.6288170201 2.6675490592e-01 1723.7517797053
0.6324049831 2.7171308624e-01 1740.2229174925
0.6359929461 2.7216440855e-01 1742.2162398999
0.6395809090 2.7568095820e-01 1785.9644211565
0.6431688720 2.7711646020e-01 1828.5585736510
0.6467568349 2.7907919385e-01 1873.5132395226
0.6503447979 2.7958127039e-01 1919.1498314810
0.6539327609 2.8388401490e-01 1939.7125257887
0.6575207238 2.8429626058e-01 1986.4506906564
0.6611086868 2.8445502242e-01 2026.0548595398
0.6646966498 2.8626214860e-01 2069.7505849436
0.6682846127 2.8815276426e-01 2114.8626183737
0.6718725757 2.8873282301e-01 2160.5516661848
0.6754605387 2.8919256404e-01 2168.5249558144
0.6790485016 2.9510935203e-01 2192.2874571444
0.6826364646 2.9549105214e-01 2195.3298966083
0.6862244276 2.9586820854e-01 2198.9493504533
0.6898123905 2.9653438539e-01 2242.5926200042
0.6934003535 2.9706856266e-01 2287.8095651400
0.6969883165 2.9748786000e-01 2333.5510688040
0.7005762794 2.9784208569e-01 2380.9187039056
0.7149281313 2.9841481396e-01 2426.0307373357
0.7185160942 3.0030809489e-01 2471.2476824715
0.7400438720 3.0090751986e-01 2516.4646276072
0.7436318350 3.0137590850e-01 2561.7340285958
0.8046272054 3.1390707255e-01 2584.9195155447
0.8082151684 3.2516039375e-01 2609.3639429615
0.8476827610 3.4352213924e-01 2633.9657379368
