422 185.16000 -2.65000 56033.13604 21.65000 299 0.00110 1.90023 g -1
421 178.07000 -2.65000 56033.13962 21.65000 299 0.00103 1.63523 g -1
472 178.56644 4.55000 56033.14321 21.65000 299 0.00096 1.45608 g -1
719 218.10044 40.55000 56033.14680 21.65000 299 0.00089 2.02490 g -1
473 185.30822 4.71000 56033.15039 21.65000 299 0.00088 1.54260 g -1
471 171.72467 4.55000 56033.15398 21.65000 299 0.00085 1.29229 g -1
371 188.71517 -9.85000 56033.15756 21.65000 299 0.00110 2.02503 g -1
676 219.73650 33.35000 56033.16115 21.65000 299 0.00096 2.02437 g -1
823 233.33333 62.15000 56033.16474 21.65000 299 0.00088 1.95505 g -1
629 218.43600 26.15000 56033.16833 21.65000 299 0.00098 2.01346 g -1
580 216.23608 18.95000 56033.17192 21.65000 299 0.00097 2.03581 g -1
794 235.60357 54.95000 56033.17550 21.65000 299 0.00123 2.02188 g -1
372 195.78483 -9.85000 56033.17909 21.65000 299 0.00089 1.99672 g -1
760 234.04862 47.75000 56033.18268 21.65000 299 0.00111 2.00333 g -1
630 225.91771 26.15000 56033.18627 21.65000 299 0.00125 2.06476 g -1
477 212.77533 4.55000 56033.18986 21.65000 299 0.00113 2.00051 g -1
581 223.50463 18.95000 56033.19344 21.65000 299 0.00141 2.00953 g -1
529 215.12533 11.75000 56033.19703 21.65000 299 0.00099 1.77595 g -1
530 222.10044 11.75000 56033.20062 21.65000 299 0.00144 2.02662 g -1
425 206.43000 -2.65000 56033.20421 21.65000 299 0.00098 1.78002 g -1
478 219.61711 4.55000 56033.20780 21.65000 299 0.00134 2.01828 g -1
582 230.77318 18.95000 56033.21138 21.65000 299 0.00189 2.05054 g -1
761 243.82331 47.75000 56033.21497 21.65000 299 0.00130 1.93259 g -1
531 229.07556 11.75000 56033.21856 21.65000 299 0.00254 2.05261 g -1
722 243.95089 40.55000 56033.22215 21.65000 299 0.00167 1.96570 g -1
479 226.45889 4.55000 56033.22574 21.65000 299 0.00199 2.03642 g -1
679 243.29636 33.35000 56033.22932 21.65000 299 0.00191 1.97431 g -1
632 240.88114 26.15000 56033.23291 21.65000 299 0.00170 1.97019 g -1
427 220.61000 -2.65000 56033.23650 21.65000 299 0.00154 1.86829 g -1
532 236.05067 11.75000 56033.24009 21.65000 299 0.00158 2.01081 g -1
480 233.30067 4.55000 56033.24368 21.65000 299 0.00246 2.05494 g -1
428 227.70000 -2.65000 56033.24726 21.65000 299 0.00216 2.00032 g -1
584 245.31027 18.95000 56033.25085 21.65000 299 0.00442 2.06547 g -1
633 248.36286 26.15000 56033.25444 21.65000 299 0.00361 1.95624 g -1
533 243.02578 11.75000 56033.25803 21.65000 299 0.00202 2.03629 g -1
376 224.06350 -9.85000 56033.26161 21.65000 299 0.00179 1.93896 g -1
429 234.79000 -2.65000 56033.26520 21.65000 299 0.00233 2.02833 g -1
680 251.14964 33.35000 56033.26879 21.65000 299 0.00161 1.72524 g -1
585 252.57882 18.95000 56033.27238 21.65000 299 0.00549 2.03828 g -1
534 250.00089 11.75000 56033.27597 21.65000 299 0.00926 2.06253 g -1
377 231.13317 -9.85000 56033.27955 21.65000 299 0.00224 1.96057 g -1
482 246.98422 4.55000 56033.28314 21.65000 299 0.00369 2.02556 g -1
430 241.88000 -2.65000 56033.28673 21.65000 299 0.00177 1.99671 g -1
326 227.40348 -17.05000 56033.29032 21.65000 299 0.00174 2.03486 g -1
378 238.20283 -9.85000 56033.29391 21.65000 299 0.00208 2.03499 g -1
535 256.97600 11.75000 56033.29749 21.65000 299 0.00392 2.02023 g -1
483 253.82600 4.55000 56033.30108 21.65000 299 0.01043 2.04378 g -1
431 248.97000 -2.65000 56033.30467 21.65000 299 0.00402 2.02453 g -1
586 259.84737 18.95000 56033.30826 21.65000 299 0.00164 1.78246 g -1
327 234.43417 -17.05000 56033.31185 21.65000 299 0.00207 2.01049 g -1
379 245.27250 -9.85000 56033.31543 21.65000 299 0.00227 2.00594 g -1
484 260.66778 4.55000 56033.31902 21.65000 299 0.00342 2.06240 g -1
432 256.06000 -2.65000 56033.32261 21.65000 299 0.00872 2.05337 g -1
634 255.84457 26.15000 56033.32620 21.65000 299 0.00154 1.39146 g -1
328 241.46487 -17.05000 56033.32979 21.65000 299 0.00223 2.02806 g -1
380 252.34217 -9.85000 56033.33337 21.65000 299 0.00452 2.02977 g -1
536 263.95111 11.75000 56033.33696 21.65000 299 0.00152 1.71397 g -1
481 240.14244 4.55000 56033.34055 21.65000 299 0.00149 1.30446 g -1
433 263.15000 -2.65000 56033.34414 21.65000 299 0.00283 2.02067 g -1
325 220.37278 -17.05000 56033.34773 21.65000 299 0.00148 1.58720 g -1
329 248.49557 -17.05000 56033.35131 21.65000 299 0.00221 2.00388 g -1
381 259.41183 -9.85000 56033.35490 21.65000 299 0.00459 2.00088 g -1
375 216.99383 -9.85000 56033.35849 21.65000 299 0.00147 1.37324 g -1
277 235.96257 -24.25000 56033.36208 21.65000 299 0.00173 2.00477 g -1
434 270.24000 -2.65000 56033.36567 21.65000 299 0.00148 1.98927 g -1
330 255.52626 -17.05000 56033.36925 21.65000 299 0.00287 2.02117 g -1
382 266.48150 -9.85000 56033.37284 21.65000 299 0.00212 2.02450 g -1
539 284.87644 11.75000 56033.37643 21.65000 299 0.00185 1.98903 g -1
278 243.24800 -24.25000 56033.38002 21.65000 299 0.00152 2.01790 g -1
487 281.19311 4.55000 56033.38361 21.65000 299 0.00148 1.92701 g -1
331 262.55696 -17.05000 56033.38719 21.65000 299 0.00168 2.03900 g -1
590 288.92157 18.95000 56033.39078 21.65000 299 0.00146 1.75476 g -1
485 267.50956 4.55000 56033.39437 21.65000 299 0.00142 1.42248 g -1
276 228.67714 -24.25000 56033.39796 21.65000 299 0.00137 1.87146 g -1
589 281.65302 18.95000 56033.40155 21.65000 299 0.00137 1.43844 g -1
767 302.47146 47.75000 56033.40513 21.65000 299 0.00134 1.63506 g -1
638 285.77143 26.15000 56033.40872 21.65000 299 0.00132 1.39379 g -1
800 302.18847 54.95000 56033.41231 21.65000 299 0.00131 1.54523 g -1
426 213.52000 -2.65000 56033.41590 21.65000 299 0.00128 1.35964 g -1
324 213.34209 -17.05000 56033.41949 21.65000 299 0.00126 1.79125 g -1
435 277.33000 -2.65000 56033.42307 21.65000 299 0.00122 1.56210 g -1
374 209.92417 -9.85000 56033.42666 21.65000 299 0.00121 1.64970 g -1
685 290.41607 33.35000 56033.43025 21.65000 299 0.00118 1.29317 g -1
639 293.25314 26.15000 56033.43384 21.65000 299 0.00117 1.36360 g -1
766 292.69677 47.75000 56033.43743 21.65000 299 0.00116 1.26822 g -1
723 252.56770 40.55000 56033.44101 21.65000 299 0.00116 1.01119 g -1
728 295.65178 40.55000 56033.44460 21.65000 299 0.00115 1.27303 g -1
828 300.00000 62.15000 56033.44819 21.65000 299 0.00114 1.36274 g -1
583 238.04173 18.95000 56033.45178 21.65000 299 0.00112 1.05326 g -1
681 259.00293 33.35000 56033.45536 21.65000 299 0.00111 1.00533 g -1
486 274.35133 4.55000 56033.45895 21.65000 299 0.00109 1.21928 g -1
686 298.26936 33.35000 56033.46254 21.65000 299 0.00109 1.24008 g -1
762 253.59800 47.75000 56033.46613 21.65000 299 0.00107 1.03276 g -1
727 287.03496 40.55000 56033.46972 21.65000 299 0.00106 1.10179 g -1
587 267.11592 18.95000 56033.47330 21.65000 299 0.00106 1.04233 g -1
538 277.90133 11.75000 56033.47689 21.65000 299 0.00106 1.12515 g -1
799 291.09099 54.95000 56033.48048 21.65000 299 0.00105 1.15568 g -1
635 263.32629 26.15000 56033.48407 21.65000 299 0.00105 1.00811 g -1
684 282.56279 33.35000 56033.48766 21.65000 299 0.00104 1.03937 g -1
537 270.92622 11.75000 56033.49124 21.65000 299 0.00101 1.08091 g -1
729 304.26859 40.55000 56033.49483 21.65000 299 0.00099 1.16679 g -1
795 246.70105 54.95000 56033.49842 21.65000 299 0.00099 1.11276 g -1
829 313.33333 62.15000 56033.50201 21.65000 299 0.00097 1.30847 g -1
383 273.55117 -9.85000 56033.50560 21.65000 299 0.00096 1.37481 g -1
721 235.33407 40.55000 56033.50918 21.65000 299 0.00094 1.14847 g -1
