0.0000000000 1.2480172234e-02 47.1578116903
0.0035879630 2.8084789724e-02 93.3189621769
0.0071759259 3.7943981398e-02 141.1062441011
0.0107638889 4.5142958799e-02 188.8410701725
0.0143518519 5.0097523449e-02 235.8939701572
0.0179398148 5.3054255689e-02 282.9468701418
0.0215277778 5.6082062379e-02 330.4194169491
0.0251157408 5.9400017712e-02 377.7345961979
0.0287037037 6.1497356965e-02 423.8957466845
0.0322916667 6.3451116186e-02 466.9620018544
0.0358796296 6.5117274565e-02 514.0149018390
0.0394675926 6.6515733333e-02 561.1202576765
0.0430555556 6.7862683223e-02 608.4878927781
0.0466435185 6.9159819131e-02 651.6590596536
0.0502314815 7.0354985555e-02 698.7119596383
0.0538194445 8.4085490603e-02 745.9222271814
0.0574074074 8.5840297987e-02 791.7161866983
0.0609953704 8.6616721689e-02 838.7690866829
0.0645833334 8.7365149576e-02 881.7828860000
0.0681712963 8.8057988619e-02 928.8357859846
0.0717592593 8.8666353300e-02 972.0594087130
0.0753472223 8.9190991233e-02 974.1576428260
0.0789351852 8.9671208990e-02 976.2558769391
0.0825231482 9.0318900316e-02 978.4590227577
0.0861111112 9.0771185177e-02 982.2358441612
0.0896990741 9.1195977067e-02 1029.4461117043
0.0932870371 9.1600965635e-02 1033.0655655493
0.0968750001 9.3656817375e-02 1079.2267160359
0.1004629630 9.4002476458e-02 1126.2796160206
0.1040509260 9.4271541272e-02 1173.3325160052
0.1076388889 9.4539096728e-02 1215.9266684997
0.1112268519 9.4748863074e-02 1262.7697450730
0.1148148149 9.4955024522e-02 1304.9967065977
0.1184027778 9.5138069466e-02 1307.6719550918
0.9292192014 1.0237576209e-01 1350.8955778202
0.9328071643 1.0483313523e-01 1398.2107570690
0.9363951273 1.0547247518e-01 1441.8540266200
0.9399830903 1.0587019020e-01 1485.6022078766
0.9435710532 1.0733482493e-01 1528.6684630465
0.9471590162 1.0761451188e-01 1530.9240647180
0.9507469792 1.0784737367e-01 1574.5673342690
0.9543349421 1.0801696140e-01 1622.4070720460
0.9579229051 1.0819720580e-01 1669.6697954420
0.9615108681 1.0835656611e-01 1671.7155737022
0.9650988310 1.0849333195e-01 1716.8800629851
0.9686867940 1.0893918884e-01 1762.0445522680
0.9693812384 1.0893918884e-01 1762.0445522680
0.9729692014 1.0893918884e-01 1762.0445522680
0.9765571644 1.0893918884e-01 1762.0445522680
0.9801451273 1.0893918884e-01 1762.0445522680
0.9837330903 1.0893918884e-01 1762.0445522680
0.9873210533 1.0893918884e-01 1762.0445522680
0.9909090162 1.0893918884e-01 1762.0445522680
0.9944969792 1.0893918884e-01 1762.0445522680
0.9980849421 1.0893918884e-01 1762.0445522680
