0.1756576253 2.2364763276e-03 47.7348260714
0.1828335512 5.5340289799e-03 94.7877260560
0.1900094772 9.9306246639e-03 142.5225521274
0.1935974401 1.5527457599e-02 189.4705404064
0.1971854031 2.3842021500e-02 236.7857196552
0.2007733661 3.7116575969e-02 283.0517818475
0.2043613290 5.4950573594e-02 331.2062547415
0.2079492920 5.8027091731e-02 378.4689781374
0.2115372550 6.9042633584e-02 426.2038042088
0.2151252179 7.4439291245e-02 473.6238951632
0.2187131809 7.8184093646e-02 518.8408402990
0.2223011439 8.3059522415e-02 566.6805780760
0.2402409587 8.6141191102e-02 613.8908456191
0.2438289217 9.0002003821e-02 657.4816593173
0.2510048476 9.6142408254e-02 704.7443827133
0.2797085513 1.0119343180e-01 747.9155495888
0.3120002180 1.0385716804e-01 791.1391723172
0.4770465144 1.1233877097e-01 838.4018957131
0.4913983662 1.1786946673e-01 885.7170749619
0.4985742922 4.5179931732e-01 924.5344060529
0.5021622551 4.7881169737e-01 951.8639053751
0.5057502181 5.5190192774e-01 983.5996963347
0.5236900329 6.8540014294e-01 1025.4594668896
0.5272779959 6.9055792131e-01 1044.6058531709
0.5279724403 6.9055792131e-01 1044.6058531709
0.5315604033 6.9055792131e-01 1044.6058531709
0.5351483663 6.9055792131e-01 1044.6058531709
0.5387363292 6.9055792131e-01 1044.6058531709
0.5423242922 6.9055792131e-01 1044.6058531709
0.5459122552 6.9055792131e-01 1044.6058531709
0.5495002181 6.9055792131e-01 1044.6058531709
0.5530881811 6.9055792131e-01 1044.6058531709
0.5566761440 6.9055792131e-01 1044.6058531709
0.5602641070 6.9055792131e-01 1044.6058531709
0.5638520700 6.9055792131e-01 1044.6058531709
0.5674400329 6.9055792131e-01 1044.6058531709
0.5710279959 6.9055792131e-01 1044.6058531709
0.5746159589 6.9055792131e-01 1044.6058531709
0.5782039218 6.9055792131e-01 1044.6058531709
0.5817918848 6.9055792131e-01 1044.6058531709
0.5853798478 6.9055792131e-01 1044.6058531709
0.5889678107 6.9055792131e-01 1044.6058531709
