322 199.28070 -17.05000 55938.52974 21.65000 299 0.00247 1.63357 g -1
321 192.25000 -17.05000 55938.53332 21.65000 299 0.00245 1.58156 g -1
323 206.31139 -17.05000 55938.53691 21.65000 299 0.00243 1.68143 g -1
320 185.21930 -17.05000 55938.54050 21.65000 299 0.00238 1.57555 g -1
271 192.25000 -24.25000 55938.54409 21.65000 299 0.00236 1.87155 g -1
324 213.34209 -17.05000 55938.54767 21.65000 299 0.00232 1.72516 g -1
270 184.96457 -24.25000 55938.55126 21.65000 299 0.00230 1.89573 g -1
319 178.18861 -17.05000 55938.55485 21.65000 299 0.00227 1.65137 g -1
272 199.53543 -24.25000 55938.55844 21.65000 299 0.00214 1.87660 g -1
318 171.15791 -17.05000 55938.56203 21.65000 299 0.00212 1.79205 g -1
372 195.78483 -9.85000 55938.56561 21.65000 299 0.00202 1.37465 g -1
373 202.85450 -9.85000 55938.56920 21.65000 299 0.00201 1.37627 g -1
374 209.92417 -9.85000 55938.57279 21.65000 299 0.00200 1.39388 g -1
371 188.71517 -9.85000 55938.57638 21.65000 299 0.00199 1.41593 g -1
738 22.28709 47.75000 55939.08247 21.65000 299 0.00358 1.03321 g -1
739 32.32418 47.75000 55939.08606 21.65000 299 0.00342 1.03647 g -1
697 28.87947 40.55000 55939.08965 21.65000 299 0.00330 1.00835 g -1
740 42.36127 47.75000 55939.09323 21.65000 299 0.00314 1.05046 g -1
774 17.54512 54.95000 55939.09682 21.65000 299 0.00313 1.08876 g -1
698 37.42753 40.55000 55939.10041 21.65000 299 0.00310 1.01203 g -1
652 31.70944 33.35000 55939.10400 21.65000 299 0.00310 1.00005 g -1
775 28.13537 54.95000 55939.10759 21.65000 299 0.00309 1.07854 g -1
807 20.00000 62.15000 55939.11117 21.65000 299 0.00302 1.15929 g -1
808 33.33333 62.15000 55939.11476 21.65000 299 0.00290 1.14240 g -1
776 38.72562 54.95000 55939.11835 21.65000 299 0.00290 1.07603 g -1
653 39.49322 33.35000 55939.12194 21.65000 299 0.00286 1.00004 g -1
604 31.06400 26.15000 55939.12553 21.65000 299 0.00284 1.01749 g -1
699 45.97560 40.55000 55939.12911 21.65000 299 0.00281 1.01008 g -1
741 52.39836 47.75000 55939.13270 21.65000 299 0.00279 1.04122 g -1
809 46.66667 62.15000 55939.13629 21.65000 299 0.00265 1.14220 g -1
777 49.31587 54.95000 55939.13988 21.65000 299 0.00263 1.07721 g -1
605 38.58960 26.15000 55939.14347 21.65000 299 0.00263 1.01538 g -1
654 47.27700 33.35000 55939.14705 21.65000 299 0.00256 1.00004 g -1
834 25.71429 69.35000 55939.15064 21.65000 299 0.00255 1.27527 g -1
854 12.00000 76.55000 55939.15423 21.65000 299 0.00250 1.45729 g -1
696 20.38973 40.55000 55939.15782 21.65000 299 0.00247 1.11238 g -1
700 54.52367 40.55000 55939.16141 21.65000 299 0.00246 1.00823 g -1
651 23.92567 33.35000 55939.16499 21.65000 299 0.00240 1.10664 g -1
742 62.43545 47.75000 55939.16858 21.65000 299 0.00240 1.03677 g -1
555 37.62436 18.95000 55939.17217 21.65000 299 0.00239 1.08218 g -1
835 42.85714 69.35000 55939.17576 21.65000 299 0.00238 1.25301 g -1
778 60.11656 54.95000 55939.17935 21.65000 299 0.00236 1.07578 g -1
606 46.11520 26.15000 55939.18293 21.65000 299 0.00235 1.03362 g -1
810 60.00000 62.15000 55939.18652 21.65000 299 0.00234 1.14182 g -1
833 8.57143 69.35000 55939.19011 21.65000 299 0.00231 1.46288 g -1
655 55.06078 33.35000 55939.19370 21.65000 299 0.00221 1.01004 g -1
556 44.87418 18.95000 55939.19729 21.65000 299 0.00214 1.09246 g -1
836 60.00000 69.35000 55939.20087 21.65000 299 0.00209 1.24012 g -1
701 63.07173 40.55000 55939.20446 21.65000 299 0.00209 1.01103 g -1
779 71.12768 54.95000 55939.20805 21.65000 299 0.00205 1.07579 g -1
607 53.64080 26.15000 55939.21164 21.65000 299 0.00202 1.04479 g -1
811 73.33333 62.15000 55939.21523 21.65000 299 0.00198 1.14138 g -1
743 72.25385 47.75000 55939.21881 21.65000 299 0.00197 1.03272 g -1
855 36.00000 76.55000 55939.22240 21.65000 299 0.00195 1.45926 g -1
656 62.84456 33.35000 55939.22599 21.65000 299 0.00185 1.01982 g -1
505 43.67912 11.75000 55939.22958 21.65000 299 0.00181 1.26602 g -1
557 52.12400 18.95000 55939.23317 21.65000 299 0.00181 1.13207 g -1
837 77.14286 69.35000 55939.23675 21.65000 299 0.00175 1.23685 g -1
702 71.61980 40.55000 55939.24034 21.65000 299 0.00174 1.01776 g -1
856 60.00000 76.55000 55939.24393 21.65000 299 0.00172 1.40125 g -1
780 82.05244 54.95000 55939.24752 21.65000 299 0.00169 1.07591 g -1
504 36.69487 11.75000 55939.25111 21.65000 299 0.00166 1.53620 g -1
608 61.16640 26.15000 55939.25469 21.65000 299 0.00164 1.08867 g -1
812 86.66667 62.15000 55939.25828 21.65000 299 0.00163 1.14126 g -1
744 81.85354 47.75000 55939.26187 21.65000 299 0.00161 1.03755 g -1
506 50.66337 11.75000 55939.26546 21.65000 299 0.00155 1.35395 g -1
657 70.62833 33.35000 55939.26904 21.65000 299 0.00150 1.05009 g -1
554 30.37455 18.95000 55939.27263 21.65000 299 0.00149 1.85562 g -1
558 59.37382 18.95000 55939.27622 21.65000 299 0.00147 1.21295 g -1
703 80.23141 40.55000 55939.27981 21.65000 299 0.00144 1.03221 g -1
857 84.00000 76.55000 55939.28340 21.65000 299 0.00143 1.38107 g -1
838 94.28571 69.35000 55939.28698 21.65000 299 0.00140 1.23698 g -1
781 92.97719 54.95000 55939.29057 21.65000 299 0.00139 1.07923 g -1
453 47.30440 4.55000 55939.29416 21.65000 299 0.00138 1.86414 g -1
745 91.27823 47.75000 55939.29775 21.65000 299 0.00131 1.04349 g -1
813 100.00000 62.15000 55939.30134 21.65000 299 0.00130 1.14190 g -1
609 68.69200 26.15000 55939.30492 21.65000 299 0.00130 1.18014 g -1
507 57.64762 11.75000 55939.30851 21.65000 299 0.00124 1.53061 g -1
658 78.41211 33.35000 55939.31210 21.65000 299 0.00121 1.09634 g -1
704 88.84822 40.55000 55939.31569 21.65000 299 0.00120 1.04802 g -1
454 54.31528 4.55000 55939.31928 21.65000 299 0.00115 1.95314 g -1
782 103.90195 54.95000 55939.32286 21.65000 299 0.00114 1.08000 g -1
869 20.00000 83.75000 55939.32645 21.65000 299 0.00113 1.84247 g -1
559 66.62364 18.95000 55939.33004 21.65000 299 0.00112 1.40079 g -1
858 108.00000 76.55000 55939.33363 21.65000 299 0.00111 1.37389 g -1
746 100.70292 47.75000 55939.33722 21.65000 299 0.00109 1.05550 g -1
839 111.42857 69.35000 55939.34080 21.65000 299 0.00107 1.23826 g -1
814 113.33333 62.15000 55939.34439 21.65000 299 0.00100 1.14331 g -1
870 60.00000 83.75000 55939.34798 21.65000 299 0.00100 1.68933 g -1
705 97.46504 40.55000 55939.35157 21.65000 299 0.00100 1.06820 g -1
610 76.21760 26.15000 55939.35516 21.65000 299 0.00099 1.32365 g -1
659 86.23064 33.35000 55939.35874 21.65000 299 0.00098 1.17447 g -1
365 146.29717 -9.85000 55939.36233 21.65000 299 0.00102 1.48054 g -1
747 110.12762 47.75000 55939.36592 21.65000 299 0.00091 1.05834 g -1
473 185.30822 4.71000 55939.36951 21.65000 299 0.00093 2.01111 g -1
783 114.82671 54.95000 55939.37310 21.65000 299 0.00089 1.09354 g -1
706 106.08185 40.55000 55939.37668 21.65000 299 0.00086 1.07056 g -1
859 132.00000 76.55000 55939.38027 21.65000 299 0.00085 1.37056 g -1
422 185.16000 -2.65000 55939.38386 21.65000 299 0.00142 2.03788 g -1
474 192.25000 4.55000 55939.38745 21.65000 299 0.00101 2.04022 g -1
871 100.00000 83.75000 55939.39104 21.65000 299 0.00084 1.61064 g -1
370 181.64550 -9.85000 55939.39462 21.65000 299 0.00192 2.02481 g -1
660 94.08393 33.35000 55939.39821 21.65000 299 0.00082 1.24987 g -1
560 73.87345 18.95000 55939.40180 21.65000 299 0.00082 2.00045 g -1
423 192.25000 -2.65000 55939.40539 21.65000 299 0.00147 2.00612 g -1
475 199.09178 4.55000 55939.40898 21.65000 299 0.00106 1.99396 g -1
875 260.00000 83.75000 55939.41256 21.65000 299 0.00081 1.97134 g -1
416 142.62000 -2.65000 55939.41615 21.65000 299 0.00081 1.23823 g -1
364 139.22750 -9.85000 55939.41974 21.65000 299 0.00079 1.38536 g -1
424 199.34000 -2.65000 55939.42333 21.65000 299 0.00152 2.03451 g -1
476 205.93356 4.55000 55939.42692 21.65000 299 0.00112 2.01162 g -1
864 252.00000 76.55000 55939.43050 21.65000 299 0.00096 2.01560 g -1
840 128.57143 69.35000 55939.43409 21.65000 299 0.00079 1.27161 g -1
268 170.39371 -24.25000 55939.43768 21.65000 299 0.00144 2.00239 g -1
529 215.12533 11.75000 55939.44127 21.65000 299 0.00083 1.96655 g -1
425 206.43000 -2.65000 55939.44486 21.65000 299 0.00154 2.00280 g -1
477 212.77533 4.55000 55939.44844 21.65000 299 0.00115 1.96685 g -1
847 248.57143 69.35000 55939.45203 21.65000 299 0.00083 1.95066 g -1
269 177.67914 -24.25000 55939.45562 21.65000 299 0.00204 2.01585 g -1
530 222.10044 11.75000 55939.45921 21.65000 299 0.00086 1.99073 g -1
426 213.52000 -2.65000 55939.46279 21.65000 299 0.00153 2.03098 g -1
478 219.61711 4.55000 55939.46638 21.65000 299 0.00113 1.98386 g -1
528 208.15022 11.75000 55939.46997 21.65000 299 0.00078 1.42147 g -1
863 228.00000 76.55000 55939.47356 21.65000 299 0.00076 1.59662 g -1
531 229.07556 11.75000 55939.47715 21.65000 299 0.00082 2.01561 g -1
427 220.61000 -2.65000 55939.48073 21.65000 299 0.00145 2.06018 g -1
479 226.45889 4.55000 55939.48432 21.65000 299 0.00105 2.00122 g -1
825 260.00000 62.15000 55939.48791 21.65000 299 0.00089 2.02500 g -1
375 216.99383 -9.85000 55939.49150 21.65000 299 0.00191 2.04000 g -1
848 265.71429 69.35000 55939.49509 21.65000 299 0.00105 1.98190 g -1
865 276.00000 76.55000 55939.49867 21.65000 299 0.00121 2.00657 g -1
428 227.70000 -2.65000 55939.50226 21.65000 299 0.00129 2.02733 g -1
480 233.30067 4.55000 55939.50585 21.65000 299 0.00092 1.95694 g -1
796 257.79854 54.95000 55939.50944 21.65000 299 0.00075 1.84432 g -1
376 224.06350 -9.85000 55939.51303 21.65000 299 0.00173 2.01086 g -1
707 114.69867 40.55000 55939.51661 21.65000 299 0.00075 1.64088 g -1
429 234.79000 -2.65000 55939.52020 21.65000 299 0.00107 2.05633 g -1
826 273.33333 62.15000 55939.52379 21.65000 299 0.00094 2.03533 g -1
797 268.89602 54.95000 55939.52738 21.65000 299 0.00085 1.98395 g -1
