868 348.00000 76.55000 56170.13271 21.65000 299 0.00656 1.73395 g -1
854 12.00000 76.55000 56170.13630 21.65000 299 0.00315 1.99911 g -1
853 351.42857 69.35000 56170.13989 21.65000 299 0.00290 1.74239 g -1
832 353.33333 62.15000 56170.14347 21.65000 299 0.00254 1.78313 g -1
877 340.00000 83.75000 56170.14706 21.65000 299 0.00238 1.70707 g -1
833 8.57143 69.35000 56170.15065 21.65000 299 0.00231 1.97585 g -1
806 6.66667 62.15000 56170.15424 21.65000 299 0.00337 2.01261 g -1
876 300.00000 83.75000 56170.15783 21.65000 299 0.00230 1.58342 g -1
875 260.00000 83.75000 56170.16141 21.65000 299 0.00218 1.58406 g -1
867 324.00000 76.55000 56170.16500 21.65000 299 0.00188 1.47226 g -1
736 2.21291 47.75000 56170.16859 21.65000 299 0.00122 1.93717 g -1
735 355.03720 40.55000 56170.17218 21.65000 299 0.00099 1.75041 g -1
694 3.46860 40.55000 56170.17577 21.65000 299 0.00289 2.01865 g -1
874 220.00000 83.75000 56170.17935 21.65000 299 0.00096 1.72045 g -1
773 6.95487 54.95000 56170.18294 21.65000 299 0.00076 1.82856 g -1
648 0.57433 33.35000 56170.18653 21.65000 299 0.00073 1.87520 g -1
869 20.00000 83.75000 56170.19012 21.65000 299 0.00063 1.82462 g -1
805 356.36462 54.95000 56170.19371 21.65000 299 0.00051 1.51239 g -1
649 8.35811 33.35000 56170.19729 21.65000 299 0.00093 2.04946 g -1
695 11.90000 40.40000 56170.20088 21.65000 299 0.00082 1.99458 g -1
852 334.28571 69.35000 56170.20447 21.65000 299 0.00050 1.33944 g -1
772 352.17582 47.75000 56170.20806 21.65000 299 0.00048 1.36430 g -1
737 12.25000 47.75000 56170.21164 21.65000 299 0.00047 1.75942 g -1
807 20.00000 62.15000 56170.21523 21.65000 299 0.00047 1.80081 g -1
650 16.14189 33.35000 56170.21882 21.65000 299 0.00052 2.05043 g -1
834 25.71429 69.35000 56170.22241 21.65000 299 0.00044 1.81607 g -1
490 302.14120 4.55000 56170.22600 21.65000 299 0.00042 1.14142 g -1
1895 240.00000 88.50000 56170.22958 21.65000 299 0.00034 1.79187 g -1
855 36.00000 76.55000 56170.23317 21.65000 299 0.00034 1.86339 g -1
774 17.54512 54.95000 56170.23676 21.65000 299 0.00034 1.61902 g -1
734 346.60580 40.55000 56170.24035 21.65000 299 0.00032 1.15959 g -1
541 298.91537 11.75000 56170.24394 21.65000 299 0.00031 1.09529 g -1
866 300.00000 76.55000 56170.24752 21.65000 299 0.00031 1.38078 g -1
689 321.65544 33.35000 56170.25111 21.65000 299 0.00030 1.00760 g -1
870 60.00000 83.75000 56170.25470 21.65000 299 0.00029 1.91748 g -1
879 170.00000 88.00000 56170.25829 21.65000 299 0.00028 1.90626 g -1
601 8.48720 26.15000 56170.26188 21.65000 299 0.00028 1.40796 g -1
809 46.66667 62.15000 56170.26546 21.65000 299 0.00030 2.01099 g -1
690 329.43922 33.35000 56170.26905 21.65000 299 0.00027 1.01018 g -1
602 16.01280 26.15000 56170.27264 21.65000 299 0.00027 1.48796 g -1
831 340.00000 62.15000 56170.27623 21.65000 299 0.00027 1.16640 g -1
835 42.85714 69.35000 56170.27982 21.65000 299 0.00026 1.75887 g -1
653 39.49322 33.35000 56170.28340 21.65000 299 0.00031 2.05339 g -1
777 49.31587 54.95000 56170.28699 21.65000 299 0.00026 1.97363 g -1
808 33.33333 62.15000 56170.29058 21.65000 299 0.00025 1.55043 g -1
699 45.97560 40.55000 56170.29417 21.65000 299 0.00079 2.01049 g -1
439 305.47596 -2.65000 56170.29776 21.65000 299 0.00025 1.36243 g -1
741 52.39836 47.75000 56170.30134 21.65000 299 0.00123 2.02538 g -1
654 47.27700 33.35000 56170.30493 21.65000 299 0.00198 2.05438 g -1
693 352.79056 33.35000 56170.30852 21.65000 299 0.00025 1.03894 g -1
606 46.11520 26.15000 56170.31211 21.65000 299 0.00154 2.05079 g -1
700 54.52367 40.55000 56170.31570 21.65000 299 0.00270 2.04544 g -1
556 44.87418 18.95000 56170.31928 21.65000 299 0.00063 2.05569 g -1
778 60.11656 54.95000 56170.32287 21.65000 299 0.00058 1.90699 g -1
655 55.06078 33.35000 56170.32646 21.65000 299 0.00296 2.05536 g -1
742 62.43545 47.75000 56170.33005 21.65000 299 0.00240 2.01303 g -1
607 53.64080 26.15000 56170.33364 21.65000 299 0.00221 2.03842 g -1
505 43.67912 11.75000 56170.33722 21.65000 299 0.00032 1.89210 g -1
701 63.07173 40.55000 56170.34081 21.65000 299 0.00454 2.02260 g -1
557 52.12400 18.95000 56170.34440 21.65000 299 0.00152 1.96350 g -1
656 62.84456 33.35000 56170.34799 21.65000 299 0.00568 2.05631 g -1
779 71.12768 54.95000 56170.35158 21.65000 299 0.00088 1.92710 g -1
608 61.16640 26.15000 56170.35516 21.65000 299 0.00301 2.02621 g -1
743 72.25385 47.75000 56170.35875 21.65000 299 0.00186 1.99233 g -1
558 59.37382 18.95000 56170.36234 21.65000 299 0.00121 2.00197 g -1
702 71.61980 40.55000 56170.36593 21.65000 299 0.00235 2.00026 g -1
657 70.62833 33.35000 56170.36952 21.65000 299 0.00206 2.05724 g -1
506 50.66337 11.75000 56170.37310 21.65000 299 0.00073 1.66839 g -1
609 68.69200 26.15000 56170.37669 21.65000 299 0.00214 2.01415 g -1
559 66.62364 18.95000 56170.38028 21.65000 299 0.00087 2.04222 g -1
780 82.05244 54.95000 56170.38387 21.65000 299 0.00070 1.90511 g -1
507 57.64762 11.75000 56170.38746 21.65000 299 0.00070 1.72889 g -1
744 81.85354 47.75000 56170.39104 21.65000 299 0.00066 1.91695 g -1
454 54.31528 4.55000 56170.39463 21.65000 299 0.00036 1.70429 g -1
453 47.30440 4.55000 56170.39822 21.65000 299 0.00034 1.48736 g -1
703 80.23141 40.55000 56170.40181 21.65000 299 0.00030 1.83062 g -1
811 73.33333 62.15000 56170.40539 21.65000 299 0.00027 1.52983 g -1
1699 62.53900 36.95000 56170.40898 21.65000 299 0.00026 1.35532 g -1
775 28.13537 54.95000 56170.41257 21.65000 299 0.00024 1.09987 g -1
1653 62.03795 29.75000 56170.41616 21.65000 299 0.00024 1.34078 g -1
740 42.36127 47.75000 56170.41975 21.65000 299 0.00023 1.10975 g -1
732 329.74300 40.55000 56170.42333 21.65000 299 0.00023 1.24813 g -1
878 10.00000 88.00000 56170.42692 21.65000 299 0.00023 1.73151 g -1
1880 352.43831 72.95000 56170.43051 21.65000 299 0.00023 1.34051 g -1
739 32.32418 47.75000 56170.43410 21.65000 299 0.00023 1.04854 g -1
691 337.22300 33.35000 56170.43769 21.65000 299 0.00023 1.23468 g -1
402 43.87981 -2.65000 56170.44127 21.65000 299 0.00023 1.33595 g -1
733 338.17440 40.55000 56170.44486 21.65000 299 0.00022 1.23999 g -1
603 23.53840 26.15000 56170.44845 21.65000 299 0.00022 1.00790 g -1
812 86.66667 62.15000 56170.45204 21.65000 299 0.00022 1.48171 g -1
600 0.96160 26.15000 56170.45563 21.65000 299 0.00022 1.09156 g -1
871 100.00000 83.75000 56170.45921 21.65000 299 0.00021 1.74131 g -1
731 321.31160 40.55000 56170.46280 21.65000 299 0.00021 1.68911 g -1
696 20.38973 40.55000 56170.46639 21.65000 299 0.00021 1.01897 g -1
738 22.28709 47.75000 56170.46998 21.65000 299 0.00020 1.04165 g -1
644 330.85920 26.15000 56170.47357 21.65000 299 0.00020 1.70308 g -1
776 38.72562 54.95000 56170.47715 21.65000 299 0.00020 1.07723 g -1
1862 353.87953 65.75000 56170.48074 21.65000 299 0.00019 1.32450 g -1
400 29.82212 -2.65000 56170.48433 21.65000 299 0.00019 1.24632 g -1
857 84.00000 76.55000 56170.48792 21.65000 299 0.00019 1.49111 g -1
856 60.00000 76.55000 56170.49151 21.65000 299 0.00019 1.39538 g -1
605 38.58960 26.15000 56170.49509 21.65000 299 0.00019 1.00866 g -1
452 40.29352 4.55000 56170.49868 21.65000 299 0.00019 1.14146 g -1
651 23.92567 33.35000 56170.50227 21.65000 299 0.00019 1.04348 g -1
450 26.27176 4.55000 56170.50586 21.65000 299 0.00019 1.20188 g -1
836 60.00000 69.35000 56170.50945 21.65000 299 0.00018 1.24942 g -1
451 33.28264 4.55000 56170.51303 21.65000 299 0.00018 1.17590 g -1
552 15.87491 18.95000 56170.51662 21.65000 299 0.00018 1.19004 g -1
