0.3964561256 3.8605260496e-04 27.1721317637
0.4287477923 1.1377250305e-03 75.2216929521
0.4395116812 2.2099683869e-03 122.4844163480
0.4466876071 2.4734871232e-03 169.8520514496
0.4502755701 4.2304430381e-03 217.2721424040
0.4538635331 6.2649854450e-03 242.4509517604
0.4574514960 7.6444232351e-03 290.2382336846
0.4610394590 1.2317049591e-02 337.6058687862
0.4646274220 1.5087082703e-02 362.9945015538
0.4682153849 1.6821615128e-02 409.8900339800
0.4718033479 2.5408367466e-02 454.9496115573
0.4753913109 2.7509878291e-02 502.0025115419
0.4789792738 3.7566202429e-02 547.6391035003
0.4825672368 4.6582907758e-02 593.2232396058
0.4861551998 5.7738238938e-02 635.9223038059
0.4897431627 6.8921558169e-02 679.3032940928
0.4933311257 7.9684804858e-02 724.4677833757
0.4969190887 8.8046881060e-02 772.2026094471
0.5005070516 9.6590155039e-02 813.6427331794
0.5040950146 1.0458151812e-01 859.8563395188
0.5076829775 1.1229389961e-01 906.9092395035
0.5112709405 1.1832429621e-01 952.0737287864
0.5148589035 1.2324440307e-01 999.1266287711
0.5184468664 1.2849848232e-01 1037.9964157149
0.5220348294 1.3108301244e-01 1083.6854635261
0.5256227924 1.3453161491e-01 1130.7383635107
0.5292107553 1.3893819876e-01 1178.4731895821
0.5327987183 1.4117497058e-01 1225.7883688309
0.5363866813 1.4506432166e-01 1268.8546240008
0.5399746442 1.4714896017e-01 1314.7534952233
0.5435626072 1.4899733474e-01 1361.8063952079
0.5471505702 1.5072974595e-01 1409.4363095737
0.5507385331 1.5216790767e-01 1456.4367537055
0.5543264961 1.5340549126e-01 1503.4896536902
0.5579144591 1.5445378969e-01 1550.5425536748
0.5615024220 1.5532401228e-01 1598.3298355990
0.5650903850 1.5629647710e-01 1641.7632817387
0.5686783480 1.5688903086e-01 1643.9139717045
0.5722663109 1.5744466737e-01 1647.1137787269
0.5758542739 1.5799142070e-01 1649.3169245456
0.5794422368 1.5962828570e-01 1676.3316887508
0.5830301998 1.6012923405e-01 1678.4299228639
0.5866181628 1.6063570465e-01 1723.6468679996
0.5902061257 1.6111590188e-01 1770.8046796899
0.5937940887 1.6178156927e-01 1816.9133743237
0.5973820517 1.6224840572e-01 1818.9591525839
0.6009700146 1.6265219340e-01 1821.3196659611
0.6045579776 1.6304409296e-01 1823.2605325156
0.6081459406 1.6625319981e-01 1870.3658883531
0.6117339035 1.6691517688e-01 1874.5623565791
0.6153218665 1.6725214706e-01 1876.8179582506
0.6189098295 1.6757286892e-01 1879.3882950391
0.6224977924 1.6786904428e-01 1881.3291615937
0.6260857554 1.6816210027e-01 1883.3749398539
0.6296737184 1.6841499336e-01 1885.6829973782
0.6332616813 1.6866053396e-01 1887.8861431969
0.6368496443 1.6890238925e-01 1889.9843773099
0.6404376073 1.6914252964e-01 1937.0372772945
0.6440255702 1.7139321072e-01 1946.8465217730
0.6476135332 1.7163000252e-01 1994.2141568746
0.6512014961 1.7586672739e-01 2028.2055495056
0.6547894591 1.7605660790e-01 2030.5136070299
0.6583774221 1.7625370148e-01 2043.4702026779
0.6619653850 1.8025379455e-01 2089.6313531645
0.6655533480 1.8038652447e-01 2092.2541458058
0.6691413110 1.8051483097e-01 2095.4539528282
0.6698357554 1.8051483097e-01 2095.4539528282
0.6734237184 1.8051483097e-01 2095.4539528282
0.6770116813 1.8051483097e-01 2095.4539528282
0.6805996443 1.8051483097e-01 2095.4539528282
0.6841876073 1.8051483097e-01 2095.4539528282
0.6877755702 1.8051483097e-01 2095.4539528282
0.6913635332 1.8051483097e-01 2095.4539528282
0.6949514962 1.8051483097e-01 2095.4539528282
0.6985394591 1.8051483097e-01 2095.4539528282
0.7021274221 1.8051483097e-01 2095.4539528282
0.7057153851 1.8051483097e-01 2095.4539528282
0.7093033480 1.8051483097e-01 2095.4539528282
0.7128913110 1.8051483097e-01 2095.4539528282
0.7164792740 1.8051483097e-01 2095.4539528282
0.7200672369 1.8051483097e-01 2095.4539528282
0.7236551999 1.8051483097e-01 2095.4539528282
0.7272431629 1.8051483097e-01 2095.4539528282
0.7308311258 1.8051483097e-01 2095.4539528282
0.7344190888 1.8051483097e-01 2095.4539528282
0.7380070518 1.8051483097e-01 2095.4539528282
0.7415950147 1.8051483097e-01 2095.4539528282
0.7451829777 1.8051483097e-01 2095.4539528282
0.7487709406 1.8051483097e-01 2095.4539528282
0.7523589036 1.8051483097e-01 2095.4539528282
0.7559468666 1.8051483097e-01 2095.4539528282
0.7595348295 1.8051483097e-01 2095.4539528282
0.7631227925 1.8051483097e-01 2095.4539528282
0.7667107555 1.8051483097e-01 2095.4539528282
