302 58.28254 -17.05000 55961.09553 21.65000 299 0.00232 1.58371 g -1
253 60.30496 -24.25000 55961.09912 21.65000 299 0.00197 1.89087 g -1
301 51.20061 -17.05000 55961.10271 21.65000 299 0.00165 1.56950 g -1
303 65.36446 -17.05000 55961.10630 21.65000 299 0.00110 1.60130 g -1
254 67.69804 -24.25000 55961.10989 21.65000 299 0.00108 1.91980 g -1
352 54.54511 -9.85000 55961.11347 21.65000 299 0.00097 1.37320 g -1
353 61.59430 -9.85000 55961.11706 21.65000 299 0.00067 1.37310 g -1
351 47.49593 -9.85000 55961.12065 21.65000 299 0.00060 1.40936 g -1
252 52.91189 -24.25000 55961.12424 21.65000 299 0.00053 1.89431 g -1
842 162.85714 69.35000 55961.14576 21.65000 299 0.00046 2.02044 g -1
619 143.61886 26.15000 55961.15653 21.65000 299 0.00044 2.03614 g -1
667 149.05693 33.35000 55961.16012 21.65000 299 0.00040 2.05931 g -1
787 158.52573 54.95000 55961.16370 21.65000 299 0.00040 1.96483 g -1
818 166.66667 62.15000 55961.17088 21.65000 299 0.00080 2.01495 g -1
570 145.05827 18.95000 55961.17447 21.65000 299 0.00049 1.97956 g -1
620 151.10057 26.15000 55961.17806 21.65000 299 0.00047 2.02137 g -1
788 169.45049 54.95000 55961.18882 21.65000 299 0.00086 2.02594 g -1
753 166.67577 47.75000 55961.19241 21.65000 299 0.00082 2.01003 g -1
571 152.11144 18.95000 55961.19600 21.65000 299 0.00047 1.94494 g -1
713 166.39956 40.55000 55961.19958 21.65000 299 0.00062 2.03675 g -1
520 150.39933 11.75000 55961.20317 21.65000 299 0.00046 1.94580 g -1
791 202.40112 54.95000 55961.27852 21.65000 299 0.00090 2.04355 g -1
821 206.66667 62.15000 55961.28211 21.65000 299 0.00044 2.00807 g -1
757 204.72454 47.75000 55961.29646 21.65000 299 0.00339 2.02710 g -1
717 200.86681 40.55000 55961.30005 21.65000 299 0.00101 1.95762 g -1
792 213.41224 54.95000 55961.31081 21.65000 299 0.01085 2.02053 g -1
674 204.02993 33.35000 55961.31440 21.65000 299 0.00047 2.02195 g -1
822 220.00000 62.15000 55961.31799 21.65000 299 0.00596 2.01769 g -1
718 209.48363 40.55000 55961.32158 21.65000 299 0.00181 1.99271 g -1
758 214.49923 47.75000 55961.32516 21.65000 299 0.00587 2.00340 g -1
1827 222.98986 58.55000 55961.33234 21.65000 299 0.00058 2.01505 g -1
370 181.64550 -9.85000 55961.33593 21.65000 299 0.00066 2.00488 g -1
846 231.42857 69.35000 55961.33951 21.65000 299 0.00045 1.98739 g -1
793 224.50609 54.95000 55961.34310 21.65000 299 0.00831 2.00084 g -1
719 218.10044 40.55000 55961.34669 21.65000 299 0.00045 1.97317 g -1
759 224.27392 47.75000 55961.35028 21.65000 299 0.00149 2.03073 g -1
823 233.33333 62.15000 55961.35387 21.65000 299 0.00496 2.02748 g -1
319 178.18861 -17.05000 55961.35745 21.65000 299 0.00099 1.95850 g -1
676 219.73650 33.35000 55961.36104 21.65000 299 0.00050 1.96858 g -1
629 218.43600 26.15000 55961.36463 21.65000 299 0.00257 2.01830 g -1
580 216.23608 18.95000 55961.36822 21.65000 299 0.00189 2.04090 g -1
794 235.60357 54.95000 55961.37181 21.65000 299 0.00156 2.02505 g -1
720 226.71726 40.55000 55961.37539 21.65000 299 0.00089 1.90244 g -1
677 227.58979 33.35000 55961.37898 21.65000 299 0.02505 2.03256 g -1
529 215.12533 11.75000 55961.38257 21.65000 299 0.00108 1.94314 g -1
630 225.91771 26.15000 55961.38616 21.65000 299 0.03951 2.00353 g -1
581 223.50463 18.95000 55961.38975 21.65000 299 0.01432 2.01444 g -1
721 235.33407 40.55000 55961.39333 21.65000 299 0.00660 1.98901 g -1
1675 230.54750 29.75000 55961.39692 21.65000 299 0.00251 1.95138 g -1
678 235.44307 33.35000 55961.40051 21.65000 299 0.02697 2.03613 g -1
631 233.39943 26.15000 55961.40410 21.65000 299 0.01293 2.05422 g -1
582 230.77318 18.95000 55961.40769 21.65000 299 0.00331 2.05565 g -1
530 222.10044 11.75000 55961.41127 21.65000 299 0.00249 1.79846 g -1
722 243.95089 40.55000 55961.41486 21.65000 299 0.00364 2.02540 g -1
824 246.66667 62.15000 55961.41845 21.65000 299 0.00117 1.78260 g -1
679 243.29636 33.35000 55961.42204 21.65000 299 0.00320 2.03973 g -1
632 240.88114 26.15000 55961.42563 21.65000 299 0.00145 2.03886 g -1
1626 221.37928 22.55000 55961.42921 21.65000 299 0.00091 1.41290 g -1
583 238.04173 18.95000 55961.43280 21.65000 299 0.00082 1.96378 g -1
1720 238.26585 36.95000 55961.43639 21.65000 299 0.00075 1.60892 g -1
531 229.07556 11.75000 55961.43998 21.65000 299 0.00074 1.67820 g -1
1627 228.92880 22.55000 55961.44357 21.65000 299 0.00070 1.46407 g -1
1674 222.88800 29.75000 55961.44715 21.65000 299 0.00064 1.27163 g -1
478 219.61711 4.55000 55961.45074 21.65000 299 0.00058 1.47563 g -1
760 234.04862 47.75000 55961.45433 21.65000 299 0.00046 1.34838 g -1
269 177.67914 -24.25000 55961.45792 21.65000 299 0.00046 1.87723 g -1
1719 230.02320 36.95000 55961.46151 21.65000 299 0.00045 1.27050 g -1
761 243.82331 47.75000 55961.46509 21.65000 299 0.00041 1.44171 g -1
630 225.91771 26.15000 55961.46579 21.65000 299 0.03951 1.24026 r -1
678 235.44307 33.35000 55961.46938 21.65000 299 0.02697 1.32262 r -1
677 227.58979 33.35000 55961.47296 21.65000 299 0.02505 1.19827 r -1
581 223.50463 18.95000 55961.47655 21.65000 299 0.01432 1.21046 r -1
631 233.39943 26.15000 55961.48014 21.65000 299 0.01293 1.27218 r -1
792 213.41224 54.95000 55961.48373 21.65000 299 0.01085 1.11777 r -1
793 224.50609 54.95000 55961.48732 21.65000 299 0.00831 1.16644 r -1
721 235.33407 40.55000 55961.49090 21.65000 299 0.00660 1.20103 r -1
822 220.00000 62.15000 55961.49449 21.65000 299 0.00596 1.18960 r -1
758 214.49923 47.75000 55961.49808 21.65000 299 0.00587 1.06266 r -1
823 233.33333 62.15000 55961.50167 21.65000 299 0.00496 1.24411 r -1
722 243.95089 40.55000 55961.50526 21.65000 299 0.00364 1.23981 r -1
757 204.72454 47.75000 55961.50884 21.65000 299 0.00339 1.03391 r -1
582 230.77318 18.95000 55961.51243 21.65000 299 0.00331 1.15236 r -1
679 243.29636 33.35000 55961.51602 21.65000 299 0.00320 1.19999 r -1
629 218.43600 26.15000 55961.51961 21.65000 299 0.00257 1.03226 r -1
1675 230.54750 29.75000 55961.52320 21.65000 299 0.00251 1.07589 r -1
530 222.10044 11.75000 55961.52678 21.65000 299 0.00249 1.11098 r -1
580 216.23608 18.95000 55961.53037 21.65000 299 0.00189 1.04146 r -1
718 209.48363 40.55000 55961.53396 21.65000 299 0.00181 1.00779 r -1
794 235.60357 54.95000 55961.53755 21.65000 299 0.00156 1.12946 r -1
759 224.27392 47.75000 55961.54114 21.65000 299 0.00149 1.04615 r -1
632 240.88114 26.15000 55961.54472 21.65000 299 0.00145 1.10339 r -1
824 246.66667 62.15000 55961.54831 21.65000 299 0.00117 1.22389 r -1
529 215.12533 11.75000 55961.55190 21.65000 299 0.00108 1.07608 r -1
717 200.86681 40.55000 55961.55549 21.65000 299 0.00101 1.03416 r -1
1626 221.37928 22.55000 55961.55908 21.65000 299 0.00091 1.01933 r -1
791 202.40112 54.95000 55961.56266 21.65000 299 0.00090 1.10068 r -1
720 226.71726 40.55000 55961.56625 21.65000 299 0.00089 1.01104 r -1
788 169.45049 54.95000 55961.56984 21.65000 299 0.00086 1.35060 r -1
