0.4745070787 1.7333301500e-03 47.2627233960
0.4780950416 3.0624480312e-03 94.4205350863
0.4816830046 4.2283233192e-03 141.0013323955
0.4852709676 6.5684009673e-03 187.3198504406
0.4888589305 7.7638634416e-03 233.6383684857
0.4924468935 8.7303027427e-03 280.2191657949
0.4960348565 9.5023700898e-03 326.5376838400
0.4996228194 1.0324798180e-02 372.8562018851
0.5032107824 1.0940126352e-02 419.3845433415
0.5139746713 1.1441936635e-02 466.8570901487
0.5498543009 1.3399480214e-02 514.2247252503
0.5534422639 1.5059981132e-02 557.2385245674
0.5570302269 1.6652228684e-02 604.5012479633
0.5606181898 1.7283421594e-02 651.8164272121
0.5785580047 2.0171089481e-02 694.7777706764
0.5857339306 2.1376401750e-02 738.4210402273
0.5893218936 2.5384629947e-02 781.4872953972
0.5929098565 2.5916017112e-02 829.3270331743
0.5964978195 2.6437730953e-02 876.0651980420
0.6000857825 2.6939850569e-02 923.4328331436
0.6072617084 2.8916131040e-02 964.8729568759
0.6108496713 3.2909281986e-02 1010.5095488342
0.6144376343 3.5595313153e-02 1053.7856274154
0.6180255973 3.8167750837e-02 1099.7894103436
0.6216135602 3.9893327294e-02 1144.7440762152
0.6252015232 6.5092893421e-02 1187.8627872379
0.6287894862 6.6249164339e-02 1231.6109684946
0.6323774491 7.0016885303e-02 1277.3000163057
0.6359654121 8.3286937259e-02 1322.5169614415
0.6395533751 1.0464062183e-01 1365.7405841699
0.6431413380 1.1713510234e-01 1409.4363095737
0.6467293010 1.2043991137e-01 1455.1778132377
0.6503172640 1.2162980723e-01 1502.9126393091
0.6539052269 1.5024817952e-01 1548.6016871203
0.6574931899 1.6533053791e-01 1593.7661764032
0.6610811529 1.8303257595e-01 1636.7799757203
0.6646691158 1.9331204613e-01 1678.3250111582
0.6682570788 2.0626407110e-01 1721.3912663281
0.6718450418 2.1621988099e-01 1767.0803141393
0.6754330047 2.3401950009e-01 1812.8218178033
0.6790209677 2.5160251440e-01 1858.6682331730
0.6826089306 2.7188380910e-01 1903.6753548974
0.6861968936 2.8245229188e-01 1951.4101809688
0.6897848566 3.0266057748e-01 1998.7253602176
0.6933728195 3.2289321600e-01 2045.0438782627
0.6969607825 3.6994479730e-01 2090.6804702210
0.7005487455 3.9207960177e-01 2133.8516370966
0.7041367084 4.0937978762e-01 2179.4882290549
0.7077246714 4.2333594663e-01 2222.5544842248
0.7113126344 4.3615078064e-01 2267.7714293606
0.7149005973 4.7201219466e-01 2313.9850357000
0.7184885603 5.0135569056e-01 2359.8314510697
0.7220765233 5.1394490214e-01 2403.5271764735
0.7256644862 5.2114871012e-01 2443.4985363267
0.7292524492 5.3417862851e-01 2486.7221590550
0.7328404122 5.6746575399e-01 2532.9882212473
0.7364283751 5.7593135494e-01 2576.0544764172
0.7400163381 5.9168752311e-01 2623.2647439603
0.7436043011 5.9921734950e-01 2668.3767773904
0.7471922640 6.0477499964e-01 2714.0658252016
0.7507802270 6.1030050785e-01 2757.7090947526
0.7543681899 6.1444379051e-01 2799.6737770131
0.7579561529 6.2125886655e-01 2846.7266769978
0.7615441159 6.2737741648e-01 2889.8978438734
0.7651320788 6.3140962231e-01 2936.9507438580
0.7687200418 6.3520529808e-01 2983.2692619031
0.7723080048 6.3819279026e-01 3028.8009421558
0.7758959677 6.4129673360e-01 3074.4375341142
0.7794839307 6.4423848347e-01 3121.6478016573
0.7830718937 6.4765651680e-01 3169.2777160230
0.7866598566 6.5008881279e-01 3171.5333176945
0.7902478196 6.5264806614e-01 3216.5928952718
0.7938357826 6.5463912667e-01 3218.8484969433
0.7974237455 6.5660574341e-01 3260.3935323813
0.8010117085 6.5839549134e-01 3307.6037999244
0.8045996715 6.6022149860e-01 3309.9643133015
0.8081876344 6.6575103628e-01 3352.9781126186
0.8117755974 6.6737623350e-01 3355.6009052599
0.8153635604 6.6895620015e-01 3401.2899530711
0.8189515233 6.7257506522e-01 3446.9265450294
0.8225394863 6.7416432995e-01 3449.1821467009
0.8261274492 6.7681324021e-01 3492.9303279576
0.8297154122 6.7787894811e-01 3540.2455072064
0.8333033752 6.7895567936e-01 3542.5535647307
0.8368913381 6.7993389382e-01 3544.9140781078
0.8404793011 6.8084729963e-01 3546.9598563680
0.8440672641 6.8177915395e-01 3549.0056346282
0.8476552270 6.8267420377e-01 3596.1109904657
0.8512431900 6.8346024025e-01 3598.2616804316
0.8548311530 6.8426929962e-01 3600.4123703974
0.8584191159 6.8509463723e-01 3602.3532369520
0.8620070789 6.8587106304e-01 3604.2416476537
0.8655950419 6.8661187690e-01 3651.2945476384
0.8691830048 6.8740833907e-01 3653.3403258986
0.8727709678 6.8801168466e-01 3655.1762807475
0.8763589308 6.8869178159e-01 3657.8515292416
0.8799468937 6.8949664775e-01 3703.7504004641
0.8835348567 6.9012633710e-01 3750.6459328902
0.8871228197 6.9067497953e-01 3752.4818877391
0.8907107826 6.9128002711e-01 3800.7937281916
0.8942987456 6.9186347635e-01 3803.1542415688
0.8978867085 6.9242923762e-01 3805.0951081233
0.9014746715 6.9299149662e-01 3852.3053756664
0.9050626345 6.9355020253e-01 3854.4560656323
0.9086505974 6.9411016762e-01 3856.6592114510
0.9122385604 6.9465914191e-01 3903.4498321715
0.9158265234 6.9516352319e-01 3949.9781736279
0.9194144863 6.9564404187e-01 3951.8665843296
0.9201089308 6.9564404187e-01 3951.8665843296
0.9236968937 6.9564404187e-01 3951.8665843296
0.9272848567 6.9564404187e-01 3951.8665843296
0.9308728197 6.9564404187e-01 3951.8665843296
0.9344607826 6.9564404187e-01 3951.8665843296
0.9380487456 6.9564404187e-01 3951.8665843296
0.9416367086 6.9564404187e-01 3951.8665843296
0.9452246715 6.9564404187e-01 3951.8665843296
0.9488126345 6.9564404187e-01 3951.8665843296
0.9524005975 6.9564404187e-01 3951.8665843296
0.9559885604 6.9564404187e-01 3951.8665843296
0.9595765234 6.9564404187e-01 3951.8665843296
0.9631644864 6.9564404187e-01 3951.8665843296
