0.4735068662 1.3864679602e-02 27.1721317637
0.4770948291 2.7489540531e-02 54.2393518218
0.4806827921 4.1576534969e-02 102.2889130101
0.4842707551 5.2839921350e-02 129.1987655097
0.4878587180 6.2889664774e-02 156.1086180093
0.4914466810 7.2269705034e-02 194.8210373946
0.4950346440 7.9206617637e-02 222.0456250112
0.4986226069 8.2888267026e-02 260.8629561022
0.5022105699 8.7942262635e-02 287.5105293377
0.5057985329 9.2669614780e-02 295.2739955559
0.5093864958 9.9090222926e-02 309.7518109357
0.5129744588 1.0385044580e-01 356.8047109204
0.5165624217 1.0748610324e-01 404.4346252861
0.5201503847 1.1101922120e-01 451.7498045349
0.5237383477 1.1423200918e-01 456.6806547005
0.5273263106 1.1688008196e-01 503.7335546852
0.5309142736 1.1917139860e-01 550.9438222283
0.5345022366 1.2300850008e-01 597.9967222130
0.5380901995 1.2514465664e-01 645.0496221976
0.5416781625 1.3042624232e-01 692.3648014464
0.5452661255 1.3235723289e-01 740.6241860460
0.5488540884 1.3806292276e-01 788.6737472344
0.5524420514 1.3984851019e-01 827.4910783254
0.5560300144 1.4106931316e-01 866.3608652692
0.5596179773 1.5275096994e-01 893.2707177688
0.5632059403 1.5817691199e-01 940.8481762817
0.5667939033 1.5996976699e-01 987.8486204135
0.5703818662 1.6164594701e-01 1034.7441528397
0.5739698292 1.6464184184e-01 1040.4093849449
0.5775577922 1.6584943145e-01 1081.9544203828
0.5811457551 1.7036360981e-01 1129.1122320731
0.5847337181 1.7284749889e-01 1176.9519698502
0.5883216810 1.7428280567e-01 1224.0048698348
0.5919096440 1.7556472621e-01 1271.2151373780
0.5954976070 1.7673047078e-01 1319.0024193022
0.5990855699 1.8327797118e-01 1365.5832166114
0.6026735329 1.8417600161e-01 1404.7152828194
0.6062614959 1.8515938875e-01 1451.7681828040
0.6098494588 1.8576158708e-01 1452.7123881549
0.6134374218 1.8682389204e-01 1499.3456413169
0.6170253848 1.9753387233e-01 1538.1629724079
0.6206133477 2.0176264839e-01 1584.6913138643
0.6242013107 2.0259362628e-01 1614.2239590052
0.6277892737 2.0341900026e-01 1661.5391382540
0.6313772366 2.0418494417e-01 1709.3788760310
0.6349651996 2.0502326694e-01 1756.6940552798
0.6385531626 2.1228436391e-01 1798.2390907178
0.6421411255 2.1635833205e-01 1845.5018141137
0.6457290885 2.1793040363e-01 1891.7678763060
0.6493170515 2.1866237396e-01 1938.9256879963
0.6529050144 2.1981102513e-01 1986.3982348035
0.6564929774 2.2049361490e-01 2032.6642969958
0.6600809403 2.2716656288e-01 2078.9828150409
0.6636689033 2.2800458743e-01 2080.7663140370
0.6672568663 2.2856219970e-01 2122.3113494749
0.6708448292 2.3686740187e-01 2145.3919247182
0.6744327922 2.3741055601e-01 2186.9369601562
0.6780207552 2.3794445616e-01 2233.5177574654
0.6816087181 2.4313060170e-01 2279.8362755105
0.6851966811 2.5451112510e-01 2318.6011507487
0.6887846441 2.6519499518e-01 2360.1461861866
0.6923726070 2.7360689634e-01 2403.1599855037
0.6959605700 2.7809836949e-01 2450.4751647525
0.6995485330 2.7840688184e-01 2451.4718259562
0.7031364959 2.8094907696e-01 2497.7903440013
0.7067244589 2.8345925251e-01 2545.1055232500
0.7103124219 2.8510918924e-01 2551.6100490004
0.7139003848 2.8556724871e-01 2598.6629489851
0.7174883478 2.8600227269e-01 2640.1555285702
0.7210763108 2.8638600021e-01 2681.5956523025
0.7246642737 2.9502887403e-01 2724.6094516196
0.7282522367 3.0263724404e-01 2767.7281626423
0.7318401996 3.0909576014e-01 2809.2731980803
0.7354281626 3.1539291321e-01 2853.7557612764
0.7390161256 3.2004599927e-01 2901.1758522309
0.7426040885 3.2231661288e-01 2948.9106783023
0.7461920515 3.2337124332e-01 2995.2291963474
0.7497800145 3.3105151308e-01 3029.2730448312
0.7533679774 3.3613836538e-01 3072.2343882955
0.7569559404 3.4128450302e-01 3115.8776578465
0.7605439034 3.4723810023e-01 3161.1470588350
0.7641318663 3.5399833426e-01 3204.2133140049
0.7677198293 3.5909903077e-01 3249.7449942576
0.7713077923 3.6233301925e-01 3296.4831591253
0.7748957552 3.6284655052e-01 3342.2771186422
0.7784837182 3.6344200499e-01 3344.3753527552
0.7820716812 3.6813949450e-01 3366.4592667948
0.7856596441 3.7899001287e-01 3407.8993905271
0.7892476071 3.7949405657e-01 3410.0500804930
0.7928355700 3.7949405657e-01 3410.0500804930
0.7964235330 3.7991513736e-01 3451.5426600781
0.8000114960 3.8021394854e-01 3496.5497818025
0.8035994589 3.8068058828e-01 3498.9102951797
0.8071874219 3.8109723785e-01 3545.5960041946
0.8107753849 3.8135479644e-01 3547.2745914850
0.8143633478 3.8173520385e-01 3548.1138851302
0.8179513108 3.8211522421e-01 3595.6913436431
0.8215392738 3.8242766690e-01 3597.6322101977
0.8251272367 3.8279137150e-01 3599.5206208994
0.8287151997 3.8313560654e-01 3645.5244038275
0.8323031627 3.8347304695e-01 3681.2992954547
0.8358911256 3.8386053873e-01 3682.7156034809
0.8394790886 3.8419118965e-01 3729.7685034656
0.8430670516 3.8452317754e-01 3731.8667375786
0.8466550145 3.8481084240e-01 3774.8805368957
0.8502429775 3.8509075105e-01 3818.5238064467
