694 3.46860 40.55000 55846.09304 21.65000 299 0.00312 1.64242 g -1
736 2.21291 47.75000 55846.09662 21.65000 299 0.00280 1.53352 g -1
737 12.25000 47.75000 55846.10021 21.65000 299 0.00263 1.74697 g -1
695 11.90000 40.40000 55846.10380 21.65000 299 0.00263 1.78194 g -1
648 0.57433 33.35000 55846.10739 21.65000 299 0.00262 1.50159 g -1
735 355.03720 40.55000 55846.11097 21.65000 299 0.00242 1.33284 g -1
649 8.35811 33.35000 55846.11456 21.65000 299 0.00237 1.63793 g -1
772 352.17582 47.75000 55846.11815 21.65000 299 0.00216 1.25815 g -1
696 20.38973 40.55000 55846.12174 21.65000 299 0.00207 1.85015 g -1
738 22.28709 47.75000 55846.12533 21.65000 299 0.00203 1.77562 g -1
773 6.95487 54.95000 55846.12891 21.65000 299 0.00201 1.40910 g -1
693 352.79056 33.35000 55846.13250 21.65000 299 0.00198 1.21517 g -1
650 16.14189 33.35000 55846.13609 21.65000 299 0.00194 1.63850 g -1
734 346.60580 40.55000 55846.13968 21.65000 299 0.00182 1.12376 g -1
600 0.96160 26.15000 55846.14327 21.65000 299 0.00163 1.31057 g -1
774 17.54512 54.95000 55846.14685 21.65000 299 0.00160 1.47061 g -1
697 28.87947 40.55000 55846.15044 21.65000 299 0.00144 1.78529 g -1
651 23.92567 33.35000 55846.15403 21.65000 299 0.00143 1.67821 g -1
692 345.00678 33.35000 55846.15762 21.65000 299 0.00143 1.06928 g -1
805 356.36462 54.95000 55846.16121 21.65000 299 0.00140 1.18636 g -1
647 353.43600 26.15000 55846.16479 21.65000 299 0.00138 1.12747 g -1
739 32.32418 47.75000 55846.16838 21.65000 299 0.00134 1.62855 g -1
771 342.13873 47.75000 55846.17197 21.65000 299 0.00133 1.05902 g -1
775 28.13537 54.95000 55846.17556 21.65000 299 0.00118 1.47451 g -1
806 6.66667 62.15000 55846.17915 21.65000 299 0.00113 1.26615 g -1
804 345.77437 54.95000 55846.18273 21.65000 299 0.00112 1.09958 g -1
733 338.17440 40.55000 55846.18632 21.65000 299 0.00102 1.01392 g -1
652 31.70944 33.35000 55846.18991 21.65000 299 0.00100 1.53470 g -1
646 345.91040 26.15000 55846.19350 21.65000 299 0.00100 1.02724 g -1
698 37.42753 40.55000 55846.19709 21.65000 299 0.00094 1.55139 g -1
807 20.00000 62.15000 55846.20067 21.65000 299 0.00094 1.30788 g -1
740 42.36127 47.75000 55846.20426 21.65000 299 0.00081 1.56203 g -1
691 337.22300 33.35000 55846.20785 21.65000 299 0.00079 1.00011 g -1
832 353.33333 62.15000 55846.21144 21.65000 299 0.00078 1.15669 g -1
742 62.43545 47.75000 55846.21503 21.65000 299 0.00091 2.04746 g -1
776 38.72562 54.95000 55846.21861 21.65000 299 0.00076 1.40130 g -1
778 60.11656 54.95000 55846.22220 21.65000 299 0.00074 1.78624 g -1
599 354.12545 18.95000 55846.22579 21.65000 299 0.00071 1.04360 g -1
701 63.07173 40.55000 55846.22938 21.65000 299 0.00094 2.00370 g -1
808 33.33333 62.15000 55846.23297 21.65000 299 0.00067 1.32203 g -1
656 62.84456 33.35000 55846.23655 21.65000 299 0.00085 2.03514 g -1
653 39.49322 33.35000 55846.24014 21.65000 299 0.00067 1.32571 g -1
770 332.10164 47.75000 55846.24373 21.65000 299 0.00063 1.06678 g -1
803 335.18412 54.95000 55846.24732 21.65000 299 0.00063 1.10175 g -1
608 61.16640 26.15000 55846.25091 21.65000 299 0.00058 1.88535 g -1
699 45.97560 40.55000 55846.25449 21.65000 299 0.00058 1.32037 g -1
645 338.38480 26.15000 55846.25808 21.65000 299 0.00057 1.04646 g -1
598 346.87564 18.95000 55846.26167 21.65000 299 0.00054 1.04724 g -1
831 340.00000 62.15000 55846.26526 21.65000 299 0.00054 1.17015 g -1
833 8.57143 69.35000 55846.26885 21.65000 299 0.00051 1.24183 g -1
777 49.31587 54.95000 55846.27243 21.65000 299 0.00051 1.29543 g -1
741 52.39836 47.75000 55846.27602 21.65000 299 0.00051 1.29730 g -1
605 38.58960 26.15000 55846.27961 21.65000 299 0.00049 1.16199 g -1
732 329.74300 40.55000 55846.28320 21.65000 299 0.00047 1.14583 g -1
809 46.66667 62.15000 55846.28679 21.65000 299 0.00047 1.27444 g -1
810 60.00000 62.15000 55846.29037 21.65000 299 0.00046 1.37783 g -1
654 47.27700 33.35000 55846.29396 21.65000 299 0.00043 1.17342 g -1
779 71.12768 54.95000 55846.29755 21.65000 299 0.00039 1.45869 g -1
834 25.71429 69.35000 55846.30114 21.65000 299 0.00038 1.25022 g -1
700 54.52367 40.55000 55846.30472 21.65000 299 0.00038 1.19939 g -1
690 329.43922 33.35000 55846.30831 21.65000 299 0.00036 1.25772 g -1
559 66.62364 18.95000 55846.31190 21.65000 299 0.00035 1.47607 g -1
743 72.25385 47.75000 55846.31549 21.65000 299 0.00035 1.37508 g -1
597 339.62582 18.95000 55846.31908 21.65000 299 0.00034 1.25804 g -1
555 37.62436 18.95000 55846.32266 21.65000 299 0.00034 1.07492 g -1
606 46.11520 26.15000 55846.32625 21.65000 299 0.00034 1.08570 g -1
853 351.42857 69.35000 55846.32984 21.65000 299 0.00033 1.30411 g -1
835 42.85714 69.35000 55846.33343 21.65000 299 0.00031 1.26285 g -1
811 73.33333 62.15000 55846.33702 21.65000 299 0.00031 1.34383 g -1
836 60.00000 69.35000 55846.34060 21.65000 299 0.00029 1.31847 g -1
802 324.38344 54.95000 55846.34419 21.65000 299 0.00029 1.49923 g -1
644 330.85920 26.15000 55846.34778 21.65000 299 0.00028 1.55992 g -1
702 71.61980 40.55000 55846.35137 21.65000 299 0.00028 1.20219 g -1
508 64.63187 11.75000 55846.35496 21.65000 299 0.00027 1.25691 g -1
830 326.66667 62.15000 55846.35854 21.65000 299 0.00027 1.55128 g -1
549 354.78937 11.75000 55846.36213 21.65000 299 0.00026 1.33913 g -1
655 55.06078 33.35000 55846.36572 21.65000 299 0.00026 1.04335 g -1
556 44.87418 18.95000 55846.36931 21.65000 299 0.00025 1.04129 g -1
769 322.06455 47.75000 55846.37290 21.65000 299 0.00025 1.83464 g -1
852 334.28571 69.35000 55846.37648 21.65000 299 0.00023 1.56408 g -1
609 68.69200 26.15000 55846.38007 21.65000 299 0.00022 1.10812 g -1
657 70.62833 33.35000 55846.38366 21.65000 299 0.00022 1.09565 g -1
548 347.80512 11.75000 55846.38725 21.65000 299 0.00021 1.72614 g -1
607 53.64080 26.15000 55846.39084 21.65000 299 0.00021 1.01816 g -1
1735 7.65092 44.15000 55846.39442 21.65000 299 0.00019 1.16864 g -1
837 77.14286 69.35000 55846.39801 21.65000 299 0.00018 1.30144 g -1
558 59.37382 18.95000 55846.40160 21.65000 299 0.00017 1.04865 g -1
856 60.00000 76.55000 55846.40519 21.65000 299 0.00017 1.37883 g -1
505 43.67912 11.75000 55846.40878 21.65000 299 0.00017 1.08245 g -1
557 52.12400 18.95000 55846.41236 21.65000 299 0.00017 1.03227 g -1
854 12.00000 76.55000 55846.41595 21.65000 299 0.00016 1.47013 g -1
1736 16.84908 44.15000 55846.41954 21.65000 299 0.00015 1.16739 g -1
855 36.00000 76.55000 55846.42313 21.65000 299 0.00014 1.39467 g -1
780 82.05244 54.95000 55846.42672 21.65000 299 0.00014 1.12973 g -1
1773 358.27277 44.15000 55846.43030 21.65000 299 0.00014 1.46970 g -1
1692 3.86850 36.95000 55846.43389 21.65000 299 0.00013 1.41963 g -1
506 50.66337 11.75000 55846.43748 21.65000 299 0.00013 1.09116 g -1
812 86.66667 62.15000 55846.44107 21.65000 299 0.00013 1.18824 g -1
1734 355.48700 36.95000 55846.44466 21.65000 299 0.00012 1.72892 g -1
452 40.29352 4.55000 55846.44824 21.65000 299 0.00012 1.24930 g -1
455 61.32616 4.55000 55846.45183 21.65000 299 0.00011 1.14495 g -1
1774 2.41694 51.35000 55846.45542 21.65000 299 0.00011 1.54199 g -1
1645 0.76047 29.75000 55846.45901 21.65000 299 0.00011 1.84052 g -1
453 47.30440 4.55000 55846.46260 21.65000 299 0.00010 1.23285 g -1
857 84.00000 76.55000 55846.46618 21.65000 299 0.00010 1.38085 g -1
405 64.96635 -2.65000 55846.46977 21.65000 299 0.00009 1.24765 g -1
744 81.85354 47.75000 55846.47336 21.65000 299 0.00009 1.03808 g -1
838 94.28571 69.35000 55846.47695 21.65000 299 0.00009 1.26108 g -1
1737 26.04723 44.15000 55846.48054 21.65000 299 0.00009 1.30973 g -1
1775 12.04202 51.35000 55846.48412 21.65000 299 0.00009 1.55634 g -1
868 348.00000 76.55000 55846.48771 21.65000 299 0.00009 1.88490 g -1
1694 20.63150 36.95000 55846.49130 21.65000 299 0.00008 1.50266 g -1
507 57.64762 11.75000 55846.49489 21.65000 299 0.00008 1.16525 g -1
454 54.31528 4.55000 55846.49847 21.65000 299 0.00008 1.29292 g -1
703 80.23141 40.55000 55846.50206 21.65000 299 0.00008 1.00965 g -1
1809 7.20256 58.55000 55846.50565 21.65000 299 0.00008 1.79841 g -1
402 43.87981 -2.65000 55846.50924 21.65000 299 0.00007 1.71289 g -1
1776 22.08339 51.35000 55846.51283 21.65000 299 0.00007 1.56253 g -1
403 50.90865 -2.65000 55846.51641 21.65000 299 0.00007 1.59725 g -1
813 100.00000 62.15000 55846.52000 21.65000 299 0.00006 1.14750 g -1
781 92.97719 54.95000 55846.52359 21.65000 299 0.00006 1.07549 g -1
1695 29.04478 36.95000 55846.52718 21.65000 299 0.00006 1.61596 g -1
746 100.70292 47.75000 55846.53077 21.65000 299 0.00006 1.03559 g -1
1810 18.98986 58.55000 55846.53435 21.65000 299 0.00006 1.76435 g -1
