0.5838104153 5.7978472852e-03 47.8397377770
0.5873983783 1.0683414072e-02 94.8926377617
0.5909863412 1.5135540350e-02 141.9455377463
0.5945743042 1.9269303217e-02 188.9984377310
0.5981622672 2.5812750687e-02 236.7332638024
0.6017502301 2.9749942047e-02 284.5205457266
0.6053381931 3.5073867618e-02 331.5734457112
0.6089261561 3.8922632611e-02 379.2033600770
0.6125141190 4.3863740902e-02 426.3611717673
0.6161020820 5.0714240268e-02 473.8337185745
0.6196900450 5.4173366104e-02 520.8866185592
0.6232780079 5.7279571084e-02 567.9395185438
0.6268659709 6.0327805528e-02 614.5203158531
0.6304539338 6.3239556613e-02 661.5732158377
0.6340418968 6.9091462410e-02 708.1540131469
0.6376298598 7.5821058417e-02 755.3118248372
0.6412178227 7.8402291296e-02 802.3647248219
0.6448057857 8.0919052556e-02 849.4176248065
0.6483937487 8.3233606213e-02 896.6278923497
0.6519817116 8.8866690972e-02 942.8939545419
0.6555696746 9.1076934043e-02 989.5272077040
0.6591576376 9.2935528392e-02 1036.0555491604
0.6627456005 9.4760384216e-02 1083.8428310846
0.6663335635 9.7368130755e-02 1131.0530986277
0.6699215265 1.0055909992e-01 1178.3158220237
0.6735094894 1.0520136264e-01 1224.8966193329
0.6770974524 1.0702152400e-01 1272.1593427288
0.6806854154 1.0903486217e-01 1319.3696102720
0.6842733783 1.1075079102e-01 1366.7372453736
0.6878613413 1.1244744439e-01 1414.3147038865
0.6914493042 1.1594598732e-01 1460.6332219316
0.6950372672 1.1843035921e-01 1507.8434894747
0.6986252302 1.1994612704e-01 1554.5291984896
0.7022131931 1.2199124920e-01 1601.8443777383
0.7058011561 1.2745440418e-01 1648.8972777230
0.7093891191 1.3099248272e-01 1695.2157957681
0.7129770820 1.3337526510e-01 1741.9539606358
0.7165650450 1.3612330465e-01 1789.0068606204
0.7201530080 1.3789050651e-01 1836.5318632805
0.7237409709 1.3939174357e-01 1883.7421308236
0.7273289339 1.4083258905e-01 1931.4769568950
0.7309168969 1.4452528061e-01 1977.7954749401
0.7345048598 1.4653699088e-01 2024.1664488380
0.7380928228 1.4899219794e-01 2071.2193488227
0.7416807858 1.5176197155e-01 2118.2722488073
0.7452687487 1.5316318905e-01 2164.2235758826
0.7488567117 1.5453502021e-01 2211.6961226899
0.7524446747 1.5844242046e-01 2258.0146407350
0.7560326376 1.6035611670e-01 2305.1724524253
0.7596206006 1.6179776320e-01 2352.2778082628
0.7632085635 1.6409326408e-01 2399.3307082474
0.7667965265 1.6545920828e-01 2446.4360640849
0.7703844895 1.6943113734e-01 2492.7545821300
0.7739724524 1.7073643012e-01 2538.7059092053
0.7775604154 1.7204483692e-01 2585.9161767484
0.7811483784 1.7326640787e-01 2633.4936352613
0.7847363413 1.7445479077e-01 2679.5498740423
0.7883243043 1.7556439175e-01 2725.6585686761
0.7919122673 1.7661203976e-01 2772.8163803664
0.7955002302 1.7762472534e-01 2820.6036622906
0.7990881932 1.7859461382e-01 2867.9188415394
0.8026761562 1.7947936031e-01 2913.9226244675
0.8062641191 1.8036756808e-01 2960.0313191013
0.8098520821 1.8122613710e-01 3005.2482642371
0.8134400451 1.8208004436e-01 3050.5176652256
0.8170280080 1.8287319261e-01 3098.1475795914
0.8206159710 1.8351390228e-01 3143.4694364328
0.8242039340 1.8415634448e-01 3190.1026895948
0.8277918969 1.8478119658e-01 3237.5752364021
0.8313798599 1.8537488634e-01 3283.4216517717
0.8349678228 1.8596473978e-01 3328.6910527603
0.8385557858 1.8654452628e-01 3375.9537761563
0.8421437488 1.8711849256e-01 3423.1115878466
0.8457317117 1.8764915600e-01 3468.3809888351
0.8493196747 1.9030032354e-01 3516.1682707594
0.8529076377 1.9291029193e-01 3536.1539506859
0.8564956006 1.9338836190e-01 3539.7734045309
0.8600835636 1.9384863770e-01 3583.6264974932
0.8636715266 1.9433321825e-01 3628.0041489837
0.8672594895 1.9492525236e-01 3675.1619606740
0.8708474525 1.9533711898e-01 3721.2181994550
0.8744354155 1.9571273742e-01 3766.4876004436
0.8780233784 1.9603690396e-01 3810.6554285228
0.8816113414 1.9635986747e-01 3857.6558726547
0.8851993044 1.9667702478e-01 3903.5547438771
0.8887872673 1.9698622336e-01 3949.7158943638
0.8923752303 1.9728188944e-01 3952.9157013861
0.8959631933 1.9757703865e-01 3997.3458087295
0.8995511562 1.9786176563e-01 4042.6676655709
0.9031391192 1.9838518954e-01 4048.1755301176
0.9067270821 1.9869595033e-01 4095.4907093664
0.9103150451 1.9898208888e-01 4143.6451822604
0.9139030081 1.9921367976e-01 4189.6489651885
0.9174909710 1.9944815587e-01 4236.0199390864
0.9210789340 1.9967470520e-01 4282.1810895730
0.9246668970 1.9988658692e-01 4329.4962688218
0.9282548599 2.0008965835e-01 4373.6116410482
