0.0000000000 4.8223987481e-03 47.3676351016
0.0035879630 9.7517696055e-03 94.7877260560
0.0071759259 1.4558946278e-02 142.7848313915
0.0107638889 1.9035535857e-02 190.1524664932
0.0143518519 2.2709757024e-02 233.1138099574
0.0179398148 2.6731778381e-02 276.0751534216
0.0215277778 3.0679895361e-02 323.3903326704
0.0251157408 3.3216996255e-02 364.9353681084
0.0287037037 3.5532090938e-02 412.6701941798
0.0322916667 3.7561573627e-02 455.7364493497
0.0358796296 4.0040625386e-02 503.9433780965
0.0394675926 4.1721456715e-02 548.8980439681
0.0430555556 4.2903590223e-02 592.6462252247
0.0466435185 4.3813845925e-02 635.9223038059
0.0502314815 4.4570093306e-02 662.9895238640
0.0538194445 4.5159391920e-02 701.8068549550
0.0574074074 4.5688028936e-02 748.8597549397
0.0609953704 4.6206118221e-02 790.2998786720
0.0645833334 4.6740361984e-02 838.0871605962
0.0681712963 4.7258548437e-02 884.9826930223
0.0717592593 4.7744732302e-02 932.1929605655
0.0753472223 4.8243554948e-02 979.5605956671
0.0789351852 4.8747302604e-02 1026.7184073574
0.5785332324 5.1668875586e-02 1069.7846625273
0.5821211954 5.4358143544e-02 1115.1065193687
0.5857091584 5.7110090063e-02 1162.7888895872
0.5892971213 5.9409567693e-02 1209.4745986021
0.5928850843 6.1345440134e-02 1251.0196340401
0.5964730473 6.3395402019e-02 1289.7320534254
0.6000610102 6.5239318886e-02 1337.2570560855
0.6036489732 6.7054594305e-02 1384.3099560702
0.6072369362 7.0566671470e-02 1430.0514597342
0.6108248991 7.3124108160e-02 1476.7896246019
0.6144128621 7.4746887829e-02 1522.2163931489
0.6180008250 7.6418217394e-02 1569.9512192203
0.6215887880 8.0507186404e-02 1615.9025462956
0.6251767510 8.1917892776e-02 1658.9688014655
0.6287647139 8.4020488530e-02 1706.7036275369
0.6323526769 8.6199328284e-02 1752.7074104650
0.6359406399 8.8128165060e-02 1800.0225897138
0.6395286028 8.9474930719e-02 1838.8923766577
0.6431165658 9.0894091690e-02 1886.0501883480
0.6467045288 9.2295161412e-02 1933.1030883326
0.6502924917 9.4975764385e-02 1979.4216063777
0.6538804547 9.6103453375e-02 2024.7434632191
0.6574684177 9.6962143567e-02 2063.6132501630
0.6610563806 9.7996684344e-02 2108.0958133591
0.6646443436 9.9011789783e-02 2151.1096126762
0.6682323066 1.0010060066e-01 2197.0609397515
0.6718202695 1.0112514602e-01 2243.3270019438
0.6754082325 1.0218224519e-01 2290.3274460756
0.6789961954 1.0311458756e-01 2331.8724815136
0.6825841584 1.0405084240e-01 2377.6664410304
0.6861721214 1.0497248790e-01 2425.8209139244
0.6897600843 1.0581819182e-01 2472.9262697619
0.6933480473 1.0764618964e-01 2520.0840814522
0.6969360103 1.0847049774e-01 2566.6648787614
0.7005239732 1.0929807987e-01 2613.7177787461
0.7041119362 1.0996225744e-01 2640.6800870985
0.7076998992 1.1057289503e-01 2685.6872088229
0.7112878621 1.1310106746e-01 2732.7401088076
0.7148758251 1.1371818326e-01 2774.2326883927
0.7184637881 1.1436055042e-01 2821.6527793471
0.7220517510 1.1499517564e-01 2869.2302378600
0.7256397140 1.1562975449e-01 2916.0733144334
0.7292276770 1.1612813317e-01 2957.5134381657
0.7328156399 1.1669038374e-01 3004.7761615616
0.7364036029 1.1723137011e-01 3052.0388849576
0.7399915659 1.1775279375e-01 3097.2558300933
0.7435795288 1.1827301051e-01 3144.9906561647
0.7471674918 1.1877527572e-01 3190.7321598287
0.7507554547 1.1922477916e-01 3233.7459591458
0.7543434177 1.1966867039e-01 3277.3892286968
0.7579313807 1.2017063415e-01 3325.1240547682
0.7615193436 1.2064751059e-01 3372.0720430472
0.7651073066 1.2111630688e-01 3417.0791647716
0.7686952696 1.2161000165e-01 3464.3418881676
0.7722832325 1.2206556822e-01 3510.0309359788
0.7758711955 1.2248700931e-01 3553.6742055297
0.7794591585 1.2292755291e-01 3600.8844730729
0.7830471214 1.2336365895e-01 3644.5801984767
0.7866350844 1.2379481143e-01 3692.1576569896
0.7902230474 1.2419803356e-01 3736.7975877442
0.7938110103 1.2470886483e-01 3775.6673746881
0.7973989733 1.2516359400e-01 3823.1399214953
0.8009869363 1.2556398742e-01 3866.3110883709
0.8045748992 1.2596071157e-01 3909.4297993936
0.8081628622 1.2632256784e-01 3954.6992003822
0.8117508252 1.2669684350e-01 3997.7129996993
0.8153387881 1.2709006801e-01 4024.6228521988
0.8189267511 1.2745858764e-01 4070.1545324516
0.8225147140 1.2783716340e-01 4117.9942702286
0.8261026770 1.2820792138e-01 4165.0471702132
0.8296906400 1.2856732781e-01 4192.0094785656
0.8332786029 1.2888414055e-01 4230.6169862454
0.8368665659 1.2920603383e-01 4270.7457136570
0.8404545289 1.2955340340e-01 4317.8510694945
0.8440424918 1.2988653660e-01 4364.9564253320
0.8476304548 1.3018429781e-01 4403.9835798343
0.8512184178 1.3055105260e-01 4451.8233176113
0.8548063807 1.3087587315e-01 4499.6630553884
0.8583943437 1.3118301695e-01 4545.9815734335
0.8619823067 1.3146564285e-01 4589.1002844562
0.8655702696 1.3175533771e-01 4636.3105519993
0.8691582326 1.3204300469e-01 4679.3768071692
0.8727461956 1.3230403750e-01 4724.8035757163
0.8763341585 1.3258607126e-01 4772.6433134933
0.8799221215 1.3286803294e-01 4814.1883489313
0.8835100845 1.3314196793e-01 4859.8249408896
0.8870980474 1.3342414542e-01 4906.8778408743
0.8906860104 1.3373852475e-01 4953.9307408589
0.8942739733 1.3397203549e-01 4989.6007207804
0.8978619363 1.3426137456e-01 5036.6536207650
0.9014498993 1.3453396047e-01 5083.7065207497
0.9050378622 1.3494406817e-01 5130.7594207343
0.9086258252 1.3535573191e-01 5177.8123207190
0.9122137882 1.3562616231e-01 5225.4422350847
0.9158017511 1.3602582556e-01 5272.4426792165
0.9193897141 1.3634986002e-01 5319.6529467597
0.9229776771 1.3661659731e-01 5366.7058467443
0.9265656400 1.3687898466e-01 5412.3424387027
0.9301536030 1.3732939903e-01 5458.2413099252
0.9337415660 1.3765666666e-01 5505.3991216155
0.9373295289 1.3791203684e-01 5553.2913152453
0.9409174919 1.3821539696e-01 5600.2917593772
0.9445054549 1.3868970430e-01 5647.3446593618
0.9480934178 1.3907465248e-01 5694.5024710521
0.9516813808 1.3945385923e-01 5740.6636215387
0.9552693438 1.3989881252e-01 5788.5033593158
0.9588573067 1.4015284165e-01 5836.7102880626
0.9624452697 1.4039054063e-01 5883.9205556057
0.9660332326 1.4072788019e-01 5930.9734555904
0.9696211956 1.4098282254e-01 5978.0263555750
0.9732091586 1.4133837472e-01 6024.1875060616
0.9767971215 1.4168433592e-01 6071.9747879858
0.9803850845 1.4191412003e-01 6119.7096140572
0.9839730475 1.4214073011e-01 6166.7625140419
0.9875610104 1.4236524134e-01 6213.7629581737
0.9911489734 1.4265862868e-01 6259.9241086603
0.9947369364 1.4287843500e-01 6307.0294644978
0.9983248993 1.4309613543e-01 6352.2464096335
