0.0000000000 6.8984477656e-03 47.1578116903
0.0035879630 1.3061912132e-02 95.1549170258
0.0071759259 1.9176303611e-02 142.5750079802
0.0107638889 2.4037888343e-02 189.8377313762
0.0143518519 2.8581808048e-02 237.1004547722
0.0179398148 3.2710389951e-02 280.8486360288
0.0215277778 3.6504781062e-02 325.9082136061
0.0251157408 4.0541439500e-02 373.6430396774
0.0287037037 4.3988090397e-02 416.9191182586
0.0322916667 4.6880835112e-02 459.9853734285
0.0358796296 4.9306032945e-02 506.9333617075
0.0394675926 5.1330895472e-02 552.6748653716
0.0430555556 5.3739986401e-02 600.8817941184
0.0466435185 5.5343689947e-02 642.3219178507
0.0502314815 5.6501118975e-02 683.9194091414
0.0538194445 5.7956461742e-02 722.7367402325
0.0574074074 5.9176307098e-02 770.5240221567
0.0609953704 6.0178761926e-02 816.3179816735
0.0645833334 6.0950669605e-02 859.4891485491
0.0681712963 6.1798724705e-02 902.6078595718
0.0717592593 6.2381349992e-02 941.3202789571
0.0753472223 6.3085621993e-02 987.0617826212
0.0789351852 6.3749371668e-02 1032.7508304323
0.0825231482 6.4400082651e-02 1059.8180504904
0.0861111112 6.4863773107e-02 1102.7793939546
0.0896990741 6.5468222619e-02 1150.0421173506
0.0932870371 6.6060637256e-02 1177.0044257030
0.0968750001 6.6549402526e-02 1224.0573256877
0.1004629630 6.6991757946e-02 1271.3200490836
0.1040509260 6.7423396003e-02 1316.5369942194
0.1076388889 6.7781602711e-02 1363.4849824984
0.1112268519 6.8134575272e-02 1390.4997467036
0.1148148149 6.8371473623e-02 1433.5660018735
0.1184027778 6.8689851647e-02 1435.5068684280
0.1219907408 6.8916903829e-02 1480.8287252695
0.1255787038 6.9195115256e-02 1524.5244506733
0.1291666667 6.9453430934e-02 1526.8325081976
0.1327546297 6.9697119937e-02 1528.8258306050
0.1363425927 6.9967702467e-02 1531.1338881293
0.1399305556 7.0187012253e-02 1533.2321222423
0.1435185186 7.0393540874e-02 1572.3641884503
0.1471064816 7.0599428454e-02 1615.5878111787
0.1506944445 7.0743837478e-02 1657.1328466166
0.1542824075 7.0926863657e-02 1659.2310807297
0.1578703705 7.1096653914e-02 1661.2244031370
0.1614583334 7.1245899298e-02 1663.2701813972
0.1650462964 7.1404643113e-02 1665.6306947744
0.1686342594 7.1551450376e-02 1692.5930031268
0.1722222223 7.1717102283e-02 1694.9010606511
0.1758101853 7.1836629206e-02 1736.4460960891
0.1793981482 7.1952713783e-02 1738.2820509380
0.1829861112 7.2037568538e-02 1740.1704616397
0.1865740742 7.2193130049e-02 1754.4909094611
0.8622655016 7.2371662743e-02 1793.3082405521
0.8658534645 7.2541997957e-02 1839.5743027444
0.8694414275 7.2684879801e-02 1861.9204960481
0.8730293905 7.2852668266e-02 1910.0749689421
0.8766173534 7.3019323096e-02 1957.9147067192
0.8802053164 7.3139251945e-02 2003.3414752662
0.8837932794 7.3234568113e-02 2042.2112622101
0.8873812423 7.3317772903e-02 2044.4668638816
0.8909692053 7.3393382480e-02 2090.2608233984
0.8945571683 7.3465886863e-02 2092.5164250699
0.8952516127 7.3465886863e-02 2092.5164250699
0.8988395757 7.3465886863e-02 2092.5164250699
0.9024275386 7.3465886863e-02 2092.5164250699
0.9060155016 7.3465886863e-02 2092.5164250699
0.9096034646 7.3465886863e-02 2092.5164250699
0.9131914275 7.3465886863e-02 2092.5164250699
0.9167793905 7.3465886863e-02 2092.5164250699
0.9203673535 7.3465886863e-02 2092.5164250699
0.9239553164 7.3465886863e-02 2092.5164250699
0.9275432794 7.3465886863e-02 2092.5164250699
0.9311312424 7.3465886863e-02 2092.5164250699
0.9347192053 7.3465886863e-02 2092.5164250699
0.9383071683 7.3465886863e-02 2092.5164250699
0.9418951312 7.3465886863e-02 2092.5164250699
0.9454830942 7.3465886863e-02 2092.5164250699
0.9490710572 7.3465886863e-02 2092.5164250699
0.9526590201 7.3465886863e-02 2092.5164250699
0.9562469831 7.3465886863e-02 2092.5164250699
0.9598349461 7.3465886863e-02 2092.5164250699
0.9634229090 7.3465886863e-02 2092.5164250699
0.9670108720 7.3465886863e-02 2092.5164250699
0.9705988350 7.3465886863e-02 2092.5164250699
0.9741867979 7.3465886863e-02 2092.5164250699
0.9777747609 7.3465886863e-02 2092.5164250699
0.9813627239 7.3465886863e-02 2092.5164250699
0.9849506868 7.3465886863e-02 2092.5164250699
0.9885386498 7.3465886863e-02 2092.5164250699
0.9921266128 7.3465886863e-02 2092.5164250699
0.9957145757 7.3465886863e-02 2092.5164250699
0.9993025387 7.3465886863e-02 2092.5164250699
