846 231.42857 69.35000 56036.13788 21.65000 299 0.00089 1.96487 g -1
793 224.50609 54.95000 56036.14146 21.65000 299 0.00063 1.96401 g -1
759 224.27392 47.75000 56036.14505 21.65000 299 0.00064 2.03752 g -1
823 233.33333 62.15000 56036.14864 21.65000 299 0.00092 2.03234 g -1
845 214.28571 69.35000 56036.15223 21.65000 299 0.00062 1.60960 g -1
863 228.00000 76.55000 56036.15582 21.65000 299 0.00062 1.77030 g -1
822 220.00000 62.15000 56036.15940 21.65000 299 0.00060 1.64666 g -1
720 226.71726 40.55000 56036.16299 21.65000 299 0.00062 2.01627 g -1
794 235.60357 54.95000 56036.16658 21.65000 299 0.00089 2.03094 g -1
864 252.00000 76.55000 56036.17017 21.65000 299 0.00059 1.99420 g -1
760 234.04862 47.75000 56036.17376 21.65000 299 0.00079 2.01366 g -1
847 248.57143 69.35000 56036.17734 21.65000 299 0.00096 2.02322 g -1
677 227.58979 33.35000 56036.18093 21.65000 299 0.00055 1.92232 g -1
721 235.33407 40.55000 56036.18452 21.65000 299 0.00076 2.05376 g -1
824 246.66667 62.15000 56036.18811 21.65000 299 0.00135 2.00626 g -1
862 204.00000 76.55000 56036.19170 21.65000 299 0.00053 1.48262 g -1
678 235.44307 33.35000 56036.19528 21.65000 299 0.00098 2.04440 g -1
795 246.70105 54.95000 56036.19887 21.65000 299 0.00154 2.01134 g -1
761 243.82331 47.75000 56036.20246 21.65000 299 0.00123 1.99043 g -1
631 233.39943 26.15000 56036.20605 21.65000 299 0.00091 1.93597 g -1
722 243.95089 40.55000 56036.20964 21.65000 299 0.00146 2.03300 g -1
582 230.77318 18.95000 56036.21322 21.65000 299 0.00068 1.87624 g -1
679 243.29636 33.35000 56036.21681 21.65000 299 0.00171 2.04806 g -1
632 240.88114 26.15000 56036.22040 21.65000 299 0.00113 2.04760 g -1
825 260.00000 62.15000 56036.22399 21.65000 299 0.00112 2.01623 g -1
762 253.59800 47.75000 56036.22758 21.65000 299 0.00171 2.01754 g -1
796 257.79854 54.95000 56036.23116 21.65000 299 0.00154 1.99222 g -1
723 252.56770 40.55000 56036.23475 21.65000 299 0.00292 2.01272 g -1
680 251.14964 33.35000 56036.23834 21.65000 299 0.00228 2.05176 g -1
633 248.36286 26.15000 56036.24193 21.65000 299 0.00174 2.03238 g -1
584 245.31027 18.95000 56036.24552 21.65000 299 0.00133 2.01123 g -1
533 243.02578 11.75000 56036.24910 21.65000 299 0.00114 2.05026 g -1
763 263.37269 47.75000 56036.25269 21.65000 299 0.00139 2.04550 g -1
724 261.18452 40.55000 56036.25628 21.65000 299 0.00189 2.05016 g -1
681 259.00293 33.35000 56036.25987 21.65000 299 0.00178 2.05549 g -1
585 252.57882 18.95000 56036.26346 21.65000 299 0.00179 2.05231 g -1
634 255.84457 26.15000 56036.26704 21.65000 299 0.00174 1.95477 g -1
534 250.00089 11.75000 56036.27063 21.65000 299 0.00174 2.00855 g -1
849 282.85714 69.35000 56036.27422 21.65000 299 0.00155 2.00796 g -1
482 246.98422 4.55000 56036.27781 21.65000 299 0.00147 1.97543 g -1
764 273.14738 47.75000 56036.28140 21.65000 299 0.00168 2.02169 g -1
586 259.84737 18.95000 56036.28498 21.65000 299 0.00237 2.02552 g -1
798 279.99351 54.95000 56036.28857 21.65000 299 0.00317 2.04153 g -1
483 253.82600 4.55000 56036.29216 21.65000 299 0.00295 2.05745 g -1
535 256.97600 11.75000 56036.29575 21.65000 299 0.00278 1.90840 g -1
827 286.66667 62.15000 56036.29934 21.65000 299 0.00420 2.00108 g -1
587 267.11592 18.95000 56036.30292 21.65000 299 0.01034 2.06729 g -1
536 263.95111 11.75000 56036.30651 21.65000 299 0.00960 2.06012 g -1
636 270.80800 26.15000 56036.31010 21.65000 299 0.00941 1.92766 g -1
765 282.92208 47.75000 56036.31369 21.65000 299 0.00893 1.94988 g -1
726 278.41815 40.55000 56036.31728 21.65000 299 0.00781 1.85444 g -1
799 291.09099 54.95000 56036.32086 21.65000 299 0.01180 2.02217 g -1
637 278.28971 26.15000 56036.32445 21.65000 299 0.03305 2.03823 g -1
588 274.38447 18.95000 56036.32804 21.65000 299 0.02874 1.97431 g -1
684 282.56279 33.35000 56036.33163 21.65000 299 0.01987 1.94532 g -1
537 270.92622 11.75000 56036.33521 21.65000 299 0.01569 1.89464 g -1
727 287.03496 40.55000 56036.33880 21.65000 299 0.01440 1.88576 g -1
766 292.69677 47.75000 56036.34239 21.65000 299 0.00987 1.92859 g -1
484 260.66778 4.55000 56036.34598 21.65000 299 0.00774 1.58941 g -1
683 274.70950 33.35000 56036.34957 21.65000 299 0.00772 1.48820 g -1
485 267.50956 4.55000 56036.35315 21.65000 299 0.00652 1.71304 g -1
432 256.06000 -2.65000 56036.35674 21.65000 299 0.00650 1.55676 g -1
828 300.00000 62.15000 56036.36033 21.65000 299 0.00492 1.79084 g -1
380 252.34217 -9.85000 56036.36392 21.65000 299 0.00426 1.62697 g -1
433 263.15000 -2.65000 56036.36751 21.65000 299 0.00412 1.63010 g -1
589 281.65302 18.95000 56036.37109 21.65000 299 0.00385 1.64860 g -1
850 300.00000 69.35000 56036.37468 21.65000 299 0.00361 1.68028 g -1
638 285.77143 26.15000 56036.37827 21.65000 299 0.00278 1.58297 g -1
431 248.97000 -2.65000 56036.38186 21.65000 299 0.00215 1.32446 g -1
866 300.00000 76.55000 56036.38545 21.65000 299 0.00191 1.66472 g -1
635 263.32629 26.15000 56036.38903 21.65000 299 0.00187 1.14230 g -1
725 269.80133 40.55000 56036.39262 21.65000 299 0.00166 1.16186 g -1
682 266.85621 33.35000 56036.39621 21.65000 299 0.00161 1.12953 g -1
379 245.27250 -9.85000 56036.39980 21.65000 299 0.00158 1.39906 g -1
381 259.41183 -9.85000 56036.40339 21.65000 299 0.00126 1.51195 g -1
538 277.90133 11.75000 56036.40697 21.65000 299 0.00119 1.36276 g -1
797 268.89602 54.95000 56036.41056 21.65000 299 0.00110 1.15599 g -1
826 273.33333 62.15000 56036.41415 21.65000 299 0.00106 1.23070 g -1
1583 269.39143 15.35000 56036.41774 21.65000 299 0.00102 1.16820 g -1
430 241.88000 -2.65000 56036.42133 21.65000 299 0.00102 1.23679 g -1
1633 272.69901 22.55000 56036.42491 21.65000 299 0.00096 1.12770 g -1
1634 280.04629 22.55000 56036.42850 21.65000 299 0.00095 1.18506 g -1
481 240.14244 4.55000 56036.43209 21.65000 299 0.00094 1.14823 g -1
1681 276.50450 29.75000 56036.43568 21.65000 299 0.00090 1.10035 g -1
583 238.04173 18.95000 56036.43927 21.65000 299 0.00083 1.04840 g -1
328 241.46487 -17.05000 56036.44285 21.65000 299 0.00083 1.59391 g -1
848 265.71429 69.35000 56036.44644 21.65000 299 0.00079 1.24916 g -1
378 238.20283 -9.85000 56036.45003 21.65000 299 0.00078 1.42555 g -1
1682 284.16400 29.75000 56036.45362 21.65000 299 0.00074 1.10928 g -1
865 276.00000 76.55000 56036.45721 21.65000 299 0.00074 1.39458 g -1
329 248.49557 -17.05000 56036.46079 21.65000 299 0.00069 1.59072 g -1
876 300.00000 83.75000 56036.46438 21.65000 299 0.00067 1.62720 g -1
532 236.05067 11.75000 56036.46797 21.65000 299 0.00065 1.15950 g -1
429 234.79000 -2.65000 56036.47156 21.65000 299 0.00065 1.37983 g -1
1765 284.72077 44.15000 56036.47515 21.65000 299 0.00064 1.06839 g -1
1584 276.45906 15.35000 56036.47873 21.65000 299 0.00060 1.07537 g -1
1802 291.35628 51.35000 56036.48232 21.65000 299 0.00056 1.11682 g -1
480 233.30067 4.55000 56036.48591 21.65000 299 0.00054 1.34249 g -1
719 218.10044 40.55000 56036.48950 21.65000 299 0.00053 1.29380 g -1
758 214.49923 47.75000 56036.49309 21.65000 299 0.00052 1.35674 g -1
1725 280.09844 36.95000 56036.49667 21.65000 299 0.00051 1.01287 g -1
792 213.41224 54.95000 56036.50026 21.65000 299 0.00051 1.41532 g -1
531 229.07556 11.75000 56036.50385 21.65000 299 0.00051 1.41456 g -1
1426 258.17696 -6.25000 56036.50744 21.65000 299 0.00050 1.35093 g -1
