664 125.49707 33.35000 55921.29668 21.65000 299 0.02610 1.21030 g -1
710 140.54911 40.55000 55921.30027 21.65000 299 0.02276 1.38748 g -1
564 102.73929 18.95000 55921.30386 21.65000 299 0.01581 1.06604 g -1
708 123.31548 40.55000 55921.30744 21.65000 299 0.01494 1.14194 g -1
709 131.93230 40.55000 55921.31103 21.65000 299 0.01344 1.21242 g -1
614 106.21029 26.15000 55921.31462 21.65000 299 0.01282 1.03669 g -1
615 113.69200 26.15000 55921.31821 21.65000 299 0.01265 1.06528 g -1
408 86.05288 -2.65000 55921.32180 21.65000 299 0.01223 1.24635 g -1
356 82.74185 -9.85000 55921.32538 21.65000 299 0.01047 1.40559 g -1
565 109.79245 18.95000 55921.32897 21.65000 299 0.01031 1.05800 g -1
663 117.64379 33.35000 55921.33256 21.65000 299 0.00995 1.04631 g -1
666 141.20364 33.35000 55921.33615 21.65000 299 0.00986 1.22792 g -1
665 133.35036 33.35000 55921.33974 21.65000 299 0.00808 1.13223 g -1
513 99.62356 11.75000 55921.34332 21.65000 299 0.00611 1.07596 g -1
459 89.36968 4.55000 55921.34691 21.65000 299 0.00503 1.16960 g -1
305 79.52832 -17.05000 55921.35050 21.65000 299 0.00457 1.76163 g -1
407 79.02404 -2.65000 55921.35409 21.65000 299 0.00456 1.37905 g -1
514 106.74867 11.75000 55921.35768 21.65000 299 0.00419 1.07577 g -1
662 109.79050 33.35000 55921.36126 21.65000 299 0.00381 1.00056 g -1
460 96.38056 4.55000 55921.36485 21.65000 299 0.00329 1.16737 g -1
458 82.35880 4.55000 55921.36844 21.65000 299 0.00319 1.28122 g -1
355 75.69267 -9.85000 55921.37203 21.65000 299 0.00299 1.74179 g -1
357 89.79104 -9.85000 55921.37562 21.65000 299 0.00293 1.50640 g -1
707 114.69867 40.55000 55921.37920 21.65000 299 0.00282 1.00792 g -1
512 92.56888 11.75000 55921.38279 21.65000 299 0.00271 1.15439 g -1
613 98.72857 26.15000 55921.38638 21.65000 299 0.00270 1.04598 g -1
616 121.17371 26.15000 55921.38997 21.65000 299 0.00262 1.00932 g -1
750 138.40169 47.75000 55921.39356 21.65000 299 0.00246 1.06681 g -1
409 93.08173 -2.65000 55921.39714 21.65000 299 0.00243 1.39808 g -1
563 95.57843 18.95000 55921.40073 21.65000 299 0.00223 1.12677 g -1
457 75.34792 4.55000 55921.40432 21.65000 299 0.00173 1.65587 g -1
749 128.97700 47.75000 55921.40791 21.65000 299 0.00164 1.03418 g -1
711 149.16593 40.55000 55921.41150 21.65000 299 0.00159 1.06446 g -1
661 101.93721 33.35000 55921.41508 21.65000 299 0.00143 1.06982 g -1
748 119.55231 47.75000 55921.41867 21.65000 299 0.00143 1.03907 g -1
1706 121.13459 36.95000 55921.42226 21.65000 299 0.00141 1.00912 g -1
617 128.65543 26.15000 55921.42585 21.65000 299 0.00122 1.00861 g -1
1708 137.86763 36.95000 55921.42944 21.65000 299 0.00115 1.00531 g -1
751 147.82638 47.75000 55921.43302 21.65000 299 0.00103 1.05137 g -1
511 85.58463 11.75000 55921.43661 21.65000 299 0.00102 1.54539 g -1
566 116.84562 18.95000 55921.44020 21.65000 299 0.00102 1.08150 g -1
747 110.12762 47.75000 55921.44379 21.65000 299 0.00092 1.10260 g -1
1707 129.39322 36.95000 55921.44737 21.65000 299 0.00090 1.01059 g -1
752 157.25108 47.75000 55921.45096 21.65000 299 0.00089 1.06014 g -1
461 103.30689 4.55000 55921.45455 21.65000 299 0.00085 1.42747 g -1
1610 104.45371 22.55000 55921.45814 21.65000 299 0.00080 1.22177 g -1
712 157.78274 40.55000 55921.46173 21.65000 299 0.00077 1.02734 g -1
660 94.08393 33.35000 55921.46531 21.65000 299 0.00076 1.34824 g -1
1611 111.60116 22.55000 55921.46890 21.65000 299 0.00069 1.18414 g -1
1559 101.08286 15.35000 55921.47249 21.65000 299 0.00067 1.43046 g -1
612 91.24686 26.15000 55921.47608 21.65000 299 0.00061 1.55522 g -1
706 106.08185 40.55000 55921.47967 21.65000 299 0.00060 1.23007 g -1
713 166.39956 40.55000 55921.48325 21.65000 299 0.00051 1.02977 g -1
562 88.37309 18.95000 55921.48684 21.65000 299 0.00048 1.92647 g -1
667 149.05693 33.35000 55921.49043 21.65000 299 0.00045 1.00275 g -1
705 97.46504 40.55000 55921.49402 21.65000 299 0.00043 1.44004 g -1
1661 123.13482 29.75000 55921.49761 21.65000 299 0.00043 1.14039 g -1
1660 115.64660 29.75000 55921.50119 21.65000 299 0.00042 1.23674 g -1
1709 146.23415 36.95000 55921.50478 21.65000 299 0.00042 1.01961 g -1
1659 107.99550 29.75000 55921.50837 21.65000 299 0.00040 1.40215 g -1
619 143.61886 26.15000 55921.51196 21.65000 299 0.00040 1.04815 g -1
785 136.67622 54.95000 55921.51555 21.65000 299 0.00040 1.13666 g -1
784 125.75146 54.95000 55921.51913 21.65000 299 0.00038 1.21253 g -1
753 166.67577 47.75000 55921.52272 21.65000 299 0.00037 1.03215 g -1
783 114.82671 54.95000 55921.52631 21.65000 299 0.00037 1.34365 g -1
618 136.13714 26.15000 55921.52990 21.65000 299 0.00036 1.14118 g -1
1560 108.09571 15.35000 55921.53349 21.65000 299 0.00032 1.89166 g -1
1749 136.76754 44.15000 55921.53707 21.65000 299 0.00030 1.13785 g -1
515 114.02378 11.75000 55921.54066 21.65000 299 0.00030 1.84503 g -1
428 227.70000 -2.65000 55921.55143 21.65000 299 0.00040 2.02693 g -1
456 68.33704 4.55000 55922.09192 21.65000 299 0.00063 2.01346 g -1
405 64.96635 -2.65000 55922.09909 21.65000 299 0.00098 2.00409 g -1
561 81.12327 18.95000 55922.10268 21.65000 299 0.00037 1.99890 g -1
353 61.59430 -9.85000 55922.10627 21.65000 299 0.00071 2.05325 g -1
510 78.60038 11.75000 55922.10986 21.65000 299 0.00063 1.95930 g -1
406 71.99519 -2.65000 55922.11703 21.65000 299 0.00221 2.03000 g -1
354 68.64348 -9.85000 55922.12780 21.65000 299 0.00128 2.02326 g -1
303 65.36446 -17.05000 55922.14574 21.65000 299 0.00046 2.01529 g -1
1453 88.03815 0.95000 55922.15291 21.65000 299 0.00039 2.03531 g -1
1401 84.78089 -6.25000 55922.16009 21.65000 299 0.00084 2.05652 g -1
304 72.44639 -17.05000 55922.16368 21.65000 299 0.00092 2.03551 g -1
1348 81.62214 -13.45000 55922.17444 21.65000 299 0.00034 2.04222 g -1
410 100.11058 -2.65000 55922.19597 21.65000 299 0.00028 2.01373 g -1
306 86.61025 -17.05000 55922.20314 21.65000 299 0.00172 2.03358 g -1
255 75.09111 -24.25000 55922.21750 21.65000 299 0.00050 2.01269 g -1
256 82.48418 -24.25000 55922.23902 21.65000 299 0.00059 2.00681 g -1
664 125.49707 33.35000 55922.23972 21.65000 299 0.02610 1.55882 r -1
710 140.54911 40.55000 55922.24331 21.65000 299 0.02276 1.90401 r -1
564 102.73929 18.95000 55922.24689 21.65000 299 0.01581 1.21748 r -1
708 123.31548 40.55000 55922.25048 21.65000 299 0.01494 1.38335 r -1
709 131.93230 40.55000 55922.25407 21.65000 299 0.01344 1.52958 r -1
614 106.21029 26.15000 55922.25766 21.65000 299 0.01282 1.16892 r -1
615 113.69200 26.15000 55922.26125 21.65000 299 0.01265 1.24162 r -1
408 86.05288 -2.65000 55922.26483 21.65000 299 0.01223 1.26630 r -1
356 82.74185 -9.85000 55922.26842 21.65000 299 0.01047 1.38599 r -1
565 109.79245 18.95000 55922.27201 21.65000 299 0.01031 1.19464 r -1
663 117.64379 33.35000 55922.27560 21.65000 299 0.00995 1.19619 r -1
666 141.20364 33.35000 55922.27919 21.65000 299 0.00986 1.59767 r -1
665 133.35036 33.35000 55922.28277 21.65000 299 0.00808 1.38874 r -1
513 99.62356 11.75000 55922.28636 21.65000 299 0.00611 1.12496 r -1
459 89.36968 4.55000 55922.28995 21.65000 299 0.00503 1.14846 r -1
305 79.52832 -17.05000 55922.29354 21.65000 299 0.00457 1.57491 r -1
