532 236.05067 11.75000 56088.16811 21.65000 299 0.00371 1.26175 g -1
583 238.04173 18.95000 56088.17170 21.65000 299 0.00295 1.20366 g -1
584 245.31027 18.95000 56088.17528 21.65000 299 0.00257 1.28050 g -1
533 243.02578 11.75000 56088.17887 21.65000 299 0.00172 1.30344 g -1
633 248.36286 26.15000 56088.18246 21.65000 299 0.00165 1.23419 g -1
684 282.56279 33.35000 56088.18605 21.65000 299 0.00238 2.00445 g -1
585 252.57882 18.95000 56088.18964 21.65000 299 0.00148 1.31237 g -1
636 270.80800 26.15000 56088.19322 21.65000 299 0.00134 1.59984 g -1
634 255.84457 26.15000 56088.19681 21.65000 299 0.00129 1.26553 g -1
531 229.07556 11.75000 56088.20040 21.65000 299 0.00115 1.10919 g -1
635 263.32629 26.15000 56088.20399 21.65000 299 0.00110 1.34302 g -1
638 285.77143 26.15000 56088.20758 21.65000 299 0.00108 1.96058 g -1
637 278.28971 26.15000 56088.21116 21.65000 299 0.00104 1.62937 g -1
582 230.77318 18.95000 56088.21475 21.65000 299 0.00102 1.04991 g -1
481 240.14244 4.55000 56088.21834 21.65000 299 0.00096 1.20816 g -1
726 278.41815 40.55000 56088.22193 21.65000 299 0.00092 1.41343 g -1
632 240.88114 26.15000 56088.22551 21.65000 299 0.00088 1.04556 g -1
480 233.30067 4.55000 56088.22910 21.65000 299 0.00084 1.15482 g -1
727 287.03496 40.55000 56088.23269 21.65000 299 0.00082 1.50908 g -1
587 267.11592 18.95000 56088.23628 21.65000 299 0.00072 1.27715 g -1
683 274.70950 33.35000 56088.23987 21.65000 299 0.00070 1.27580 g -1
685 290.41607 33.35000 56088.24345 21.65000 299 0.00064 1.55505 g -1
586 259.84737 18.95000 56088.24704 21.65000 299 0.00064 1.14952 g -1
534 250.00089 11.75000 56088.25063 21.65000 299 0.00062 1.12302 g -1
682 266.85621 33.35000 56088.25422 21.65000 299 0.00052 1.12960 g -1
631 233.39943 26.15000 56088.25781 21.65000 299 0.00047 1.00828 g -1
851 317.14286 69.35000 56088.26139 21.65000 299 0.00044 1.78270 g -1
681 259.00293 33.35000 56088.26498 21.65000 299 0.00042 1.05146 g -1
639 293.25314 26.15000 56088.26857 21.65000 299 0.00040 1.47648 g -1
680 251.14964 33.35000 56088.27216 21.65000 299 0.00039 1.01333 g -1
765 282.92208 47.75000 56088.27575 21.65000 299 0.00031 1.20918 g -1
592 303.37673 18.95000 56088.27933 21.65000 299 0.00030 1.77243 g -1
542 305.89962 11.75000 56088.28292 21.65000 299 0.00034 2.01719 g -1
591 296.12691 18.95000 56088.28651 21.65000 299 0.00029 1.47858 g -1
590 288.92157 18.95000 56088.29010 21.65000 299 0.00029 1.31318 g -1
679 243.29636 33.35000 56088.29369 21.65000 299 0.00028 1.00214 g -1
482 246.98422 4.55000 56088.29727 21.65000 299 0.00027 1.14221 g -1
589 281.65302 18.95000 56088.30086 21.65000 299 0.00027 1.17149 g -1
491 309.15208 4.55000 56088.30445 21.65000 299 0.00034 2.03637 g -1
850 300.00000 69.35000 56088.30804 21.65000 299 0.00025 1.39767 g -1
640 300.75680 26.15000 56088.31163 21.65000 299 0.00022 1.31852 g -1
852 334.28571 69.35000 56088.31521 21.65000 299 0.00021 1.74741 g -1
430 241.88000 -2.65000 56088.31880 21.65000 299 0.00021 1.28124 g -1
492 316.16296 4.55000 56088.32239 21.65000 299 0.00036 2.06377 g -1
544 319.86812 11.75000 56088.32598 21.65000 299 0.00032 1.93982 g -1
440 312.50481 -2.65000 56088.32957 21.65000 299 0.00033 2.03738 g -1
543 312.88387 11.75000 56088.33315 21.65000 299 0.00021 1.59189 g -1
439 305.47596 -2.65000 56088.33674 21.65000 299 0.00020 1.68605 g -1
388 308.80733 -9.85000 56088.34033 21.65000 299 0.00029 2.01613 g -1
535 256.97600 11.75000 56088.34392 21.65000 299 0.00020 1.08721 g -1
541 298.91537 11.75000 56088.34751 21.65000 299 0.00020 1.23813 g -1
828 300.00000 62.15000 56088.35109 21.65000 299 0.00018 1.22117 g -1
1579 241.34000 15.35000 56088.35468 21.65000 299 0.00018 1.17138 g -1
389 315.85652 -9.85000 56088.35827 21.65000 299 0.00045 2.03951 g -1
490 302.14120 4.55000 56088.36186 21.65000 299 0.00018 1.30458 g -1
829 313.33333 62.15000 56088.36545 21.65000 299 0.00017 1.27136 g -1
686 298.26936 33.35000 56088.36903 21.65000 299 0.00016 1.06029 g -1
588 274.38447 18.95000 56088.37262 21.65000 299 0.00016 1.03289 g -1
338 312.05361 -17.05000 56088.37621 21.65000 299 0.00046 2.01138 g -1
593 310.62655 18.95000 56088.37980 21.65000 299 0.00016 1.17607 g -1
540 291.93112 11.75000 56088.38339 21.65000 299 0.00015 1.09575 g -1
483 253.82600 4.55000 56088.38697 21.65000 299 0.00014 1.27972 g -1
337 304.97168 -17.05000 56088.39056 21.65000 299 0.00014 1.72933 g -1
339 319.13554 -17.05000 56088.39415 21.65000 299 0.00087 2.03069 g -1
1578 234.32714 15.35000 56088.39774 21.65000 299 0.00014 1.53291 g -1
536 263.95111 11.75000 56088.40133 21.65000 299 0.00014 1.15393 g -1
431 248.97000 -2.65000 56088.40491 21.65000 299 0.00014 1.60368 g -1
728 295.65178 40.55000 56088.40850 21.65000 299 0.00013 1.01206 g -1
287 309.40889 -24.25000 56088.41209 21.65000 299 0.00017 2.01974 g -1
595 325.12618 18.95000 56088.41568 21.65000 299 0.00013 1.19212 g -1
641 308.28240 26.15000 56088.41926 21.65000 299 0.00013 1.03518 g -1
678 235.44307 33.35000 56088.42285 21.65000 299 0.00013 1.51071 g -1
630 225.91771 26.15000 56088.42644 21.65000 299 0.00012 1.99458 g -1
725 269.80133 40.55000 56088.43003 21.65000 299 0.00012 1.08472 g -1
288 316.80196 -24.25000 56088.43362 21.65000 299 0.00035 2.01270 g -1
766 292.69677 47.75000 56088.43720 21.65000 299 0.00012 1.03690 g -1
724 261.18452 40.55000 56088.44079 21.65000 299 0.00011 1.18246 g -1
1630 250.78086 22.55000 56088.44438 21.65000 299 0.00011 1.44461 g -1
799 291.09099 54.95000 56088.44797 21.65000 299 0.00011 1.08881 g -1
539 284.87644 11.75000 56088.45156 21.65000 299 0.00011 1.13479 g -1
800 302.18847 54.95000 56088.45514 21.65000 299 0.00011 1.07704 g -1
387 301.75815 -9.85000 56088.45873 21.65000 299 0.00011 1.37836 g -1
827 286.66667 62.15000 56088.46232 21.65000 299 0.00011 1.17975 g -1
867 324.00000 76.55000 56088.46591 21.65000 299 0.00011 1.38367 g -1
489 295.13032 4.55000 56088.46950 21.65000 299 0.00011 1.18489 g -1
833 8.57143 69.35000 56088.47308 21.65000 299 0.00010 1.47375 g -1
687 306.08789 33.35000 56088.47667 21.65000 299 0.00010 1.00639 g -1
537 270.92622 11.75000 56088.48026 21.65000 299 0.00010 1.43160 g -1
