0.0000000000 3.7743057762e-02 47.2102675431
0.0035879630 6.7349839443e-02 94.2631675278
0.0071759259 9.5622531315e-02 141.2636116596
0.0107638889 1.2272978610e-01 188.5263350556
0.0143518519 1.4543208521e-01 234.8448531006
0.0179398148 1.6265925096e-01 282.8944142890
0.0215277778 1.7878694167e-01 330.2095935378
0.0251157408 1.9231271870e-01 377.4198610809
0.0287037037 2.0253255383e-01 425.3120547108
0.0322916667 2.1212542002e-01 471.8403961672
0.0358796296 2.2142187918e-01 518.8932961518
0.0394675926 2.2918591353e-01 565.0544466384
0.0430555556 2.3465915765e-01 611.3729646835
0.0466435185 2.3880013379e-01 658.2160412569
0.0502314815 2.4188962470e-01 706.0033231811
0.0538194445 2.4431965048e-01 753.3185024298
0.0574074074 2.4671645416e-01 799.8992997391
0.0609953704 2.4900354589e-01 803.7285769953
0.0645833334 2.5118930706e-01 850.8863886856
0.0681712963 2.5288907896e-01 853.0895345043
0.0717592593 2.5451279247e-01 900.2998020475
0.0753472223 2.5593087873e-01 902.5554037190
0.0789351852 2.5718563352e-01 905.1781963602
0.0825231482 2.5841224091e-01 952.1261846392
0.0861111112 2.5950834678e-01 998.7069819485
0.0896990741 2.6054166174e-01 1002.3264357934
0.0932870371 2.6151783779e-01 1004.6344933178
0.0968750001 2.6262070997e-01 1052.1070401250
0.1004629630 2.6377717690e-01 1099.4222193738
0.1040509260 2.6478955410e-01 1147.1570454452
0.1076388889 2.6565010145e-01 1194.9443273694
0.1112268519 2.6648882986e-01 1196.9901056296
0.1148148149 2.6778577483e-01 1244.3052848784
0.1184027778 2.6869191365e-01 1292.1450226554
0.1219907408 2.6950260660e-01 1339.1979226401
0.1255787038 2.7014090327e-01 1386.5131018888
0.1291666667 2.7204720345e-01 1429.7367246172
0.1327546297 2.7334169035e-01 1477.1043597188
0.1363425927 2.7500350249e-01 1520.1706148887
0.1399305556 2.7721300489e-01 1563.8138844397
0.1435185186 2.7818775132e-01 1611.6011663639
0.1471064816 2.7932806047e-01 1653.1462018019
0.1506944445 2.7995724568e-01 1700.4613810506
0.1542824075 2.8226636729e-01 1745.5209586279
0.1578703705 2.8295899292e-01 1792.4689469069
0.1614583334 2.8582550925e-01 1835.6401137825
0.1650462964 2.8925654933e-01 1879.3882950391
0.1686342594 2.9103478740e-01 1925.0248869975
0.1722222223 2.9323558594e-01 1968.0386863145
0.1758101853 2.9687748341e-01 2013.2031755975
0.1793981482 2.9814912007e-01 2058.8922234086
0.1829861112 3.0103655425e-01 2104.5812712198
0.1865740742 3.0181491449e-01 2152.6308324082
0.1901620371 3.0538615409e-01 2195.8544551365
0.1937500001 3.0983661996e-01 2239.4977246875
0.1973379631 3.1186009555e-01 2285.2916842044
0.2009259260 3.1666172493e-01 2330.4561734873
0.2045138890 3.2060509879e-01 2376.1452212985
0.2081018520 3.2288811098e-01 2418.3721828232
0.2116898149 3.2412805553e-01 2459.6024831442
0.2152777779 3.2522129311e-01 2507.3373092155
0.2188657409 3.3007011090e-01 2551.0854904722
0.2224537038 3.3367681325e-01 2593.6796429666
0.2260416668 3.3895288531e-01 2638.6343088383
0.2296296298 3.4349684338e-01 2684.2709007966
0.2332175927 3.4622287761e-01 2730.0648603134
0.2368055557 3.4763703408e-01 2776.3833783585
0.2403935187 3.5074589236e-01 2822.0199703169
0.2439814816 3.5519052027e-01 2865.7156957207
0.2475694446 3.6015747813e-01 2910.8277291508
0.2511574075 3.6465156934e-01 2956.5167769620
0.2547453705 3.6782085351e-01 3000.4747816299
0.2583333335 3.6981377028e-01 3044.0655953281
0.2619212964 3.7289915312e-01 3089.9120106977
0.2655092594 3.7454394440e-01 3136.2829845957
0.2690972224 3.7559317690e-01 3178.0902992977
0.2726851853 3.7912214448e-01 3221.7335688487
0.2762731483 3.8302429790e-01 3267.4750725127
0.2798611113 3.8369595745e-01 3313.8460464106
0.2834490742 3.8776712774e-01 3359.0629915464
0.2870370372 3.8861444465e-01 3398.0901460487
0.2906250002 3.8919134332e-01 3441.7858714525
0.2942129631 3.8975839369e-01 3486.9503607354
0.2978009261 3.9028128742e-01 3530.0166159053
0.3013888891 3.9080011211e-01 3573.1353269281
0.3049768520 3.9131220190e-01 3612.1100255776
0.3085648150 3.9182738856e-01 3659.3202931207
0.3121527780 3.9245382071e-01 3706.4256489582
0.3157407409 3.9293070313e-01 3745.2954359020
0.3193287039 3.9334623731e-01 3786.7355596343
0.3229166668 3.9375683645e-01 3832.4770632983
0.3265046298 3.9544041756e-01 3878.6906696378
0.3300925928 3.9580685211e-01 3924.9567318300
0.3336805557 3.9617996043e-01 3972.0096318147
0.8840144912 3.9711675880e-01 4019.1674435050
0.8876024542 3.9788839311e-01 4065.9056083727
0.8911904171 3.9939136735e-01 4113.4830668856
0.8947783801 3.9995039528e-01 4160.0114083420
0.8983663431 4.0038987771e-01 4205.2283534777
0.9019543060 4.0082620528e-01 4252.8058119906
0.9055422690 4.0123184095e-01 4300.6455497677
0.9091302320 4.0163854515e-01 4347.5935380467
0.9127181949 4.0215262236e-01 4394.8562614426
0.9163061579 4.0268846998e-01 4409.3865326753
0.9198941208 4.0307468461e-01 4456.4394326600
0.9234820838 4.0503027287e-01 4502.7579507051
0.9270700468 4.0544457323e-01 4548.8141894860
0.9378339357 4.0605039614e-01 4595.8670894707
0.9414218986 4.0661225290e-01 4642.8675336025
0.9485978246 4.0737067757e-01 4645.0182235684
0.9521857875 4.0780296027e-01 4692.4907703756
0.9593617135 4.0827577522e-01 4739.3338469490
0.9629496764 4.0869938021e-01 4786.3867469336
0.9636441209 4.0869938021e-01 4786.3867469336
0.9672320838 4.0869938021e-01 4786.3867469336
0.9708200468 4.0869938021e-01 4786.3867469336
0.9744080098 4.0869938021e-01 4786.3867469336
0.9779959727 4.0869938021e-01 4786.3867469336
0.9815839357 4.0869938021e-01 4786.3867469336
0.9851718987 4.0869938021e-01 4786.3867469336
0.9887598616 4.0869938021e-01 4786.3867469336
0.9923478246 4.0869938021e-01 4786.3867469336
0.9959357876 4.0869938021e-01 4786.3867469336
0.9995237505 4.0869938021e-01 4786.3867469336
