0.0000000000 1.5963606413e-03 27.2245876165
0.0035879630 4.4541124057e-03 44.7448424603
0.0071759259 6.1520146290e-03 59.0128344289
0.0107638889 7.3287014183e-03 85.9751427813
0.0143518519 7.8363883990e-03 108.3213360851
0.6297184107 1.1938335013e-02 155.5316036282
0.6333063736 1.4584810039e-02 203.7909882278
0.6368943366 1.6671298575e-02 251.5782701520
0.6404822995 1.8412597105e-02 298.7885376952
0.6440702625 1.9436097102e-02 345.9463493855
0.6476582255 2.0364350015e-02 393.2615286343
0.6512461884 2.1181776928e-02 441.4684573811
0.6548341514 2.1975797272e-02 488.1541663959
0.6584221144 2.3174881759e-02 493.8193985011
0.6620100773 2.3796846288e-02 521.4111770874
0.6655980403 2.4398939688e-02 567.4149600156
0.6691860033 2.4928966636e-02 614.2055807361
0.6727739662 2.5539598926e-02 661.9928626603
0.6763619292 2.6065333535e-02 707.2622636489
0.6799498922 2.6436860361e-02 732.2312495939
0.6835378551 2.7123933168e-02 778.0776649636
0.6871258181 2.7757257769e-02 825.3403883595
0.6907137811 2.8494053797e-02 848.9979779839
0.6943017440 2.9075430823e-02 896.6803482025
0.6978897070 2.9685899168e-02 935.3403117350
0.7014776700 3.0160212035e-02 961.9354291176
0.7050656329 3.2713393748e-02 1008.9883291023
0.7086535959 3.3498547884e-02 1056.2510524983
0.7122415588 3.4127660835e-02 1102.2023795736
0.7158295218 3.4683229840e-02 1149.7273822336
0.7194174848 3.5201398536e-02 1154.6582323993
0.7230054477 3.5670925516e-02 1199.8751775350
0.7265934107 3.6283939757e-02 1245.9838721688
0.7301813737 3.6772267272e-02 1293.0367721535
0.7337693366 3.7404531119e-02 1340.6142306664
0.7373572996 3.7959207594e-02 1388.3490567377
0.7409452626 3.8391528348e-02 1435.9265152507
0.7445332255 3.8988704785e-02 1481.9827540316
0.7481211885 3.9471593604e-02 1529.0881098691
0.7517091515 3.9916907781e-02 1576.2459215594
0.7552971144 4.0363304962e-02 1623.4037332497
0.7588850774 4.0779833964e-02 1664.9487686877
0.7624730404 4.1170545097e-02 1707.8052004462
0.7660610033 4.1589178666e-02 1755.2252914007
0.7696489663 4.1966762365e-02 1800.5471482421
0.7732369292 4.2340707274e-02 1846.6033870230
0.7768248922 4.2939433729e-02 1893.8661104190
0.7804128552 4.3192225812e-02 1935.3062341513
0.7840008181 4.3534370739e-02 1980.5756351399
0.7875887811 4.8868057287e-02 2026.8941531850
0.7911767441 4.9211909129e-02 2073.9470531696
0.7947647070 4.9572414964e-02 2121.2622324184
0.7983526700 4.9916440815e-02 2165.4300604976
0.8019406330 5.0239025455e-02 2213.0599748634
0.8055285959 5.0524295771e-02 2257.1228912370
0.8091165589 5.0852094092e-02 2301.5005427275
0.8127045219 5.1228939951e-02 2348.5534427121
0.8162924848 5.1532748986e-02 2395.5014309911
0.8198804478 5.1841836680e-02 2443.2887129154
0.8234684108 5.3381139066e-02 2466.3692881587
0.8270563737 5.3701174014e-02 2513.9992025244
0.8306443367 5.3982976141e-02 2558.1670306036
0.8342322997 5.4289624285e-02 2605.5346657052
0.8378202626 5.4548650778e-02 2648.2861857582
0.8414082256 5.4815454728e-02 2694.1850569807
0.8449961885 5.9219991155e-02 2718.9442195144
0.8485841515 5.9473575470e-02 2763.4792385634
0.8521721145 6.1924650591e-02 2782.2584338750
0.8557600774 6.2169057682e-02 2828.4720402145
0.8593480404 6.2393732239e-02 2875.8396753161
0.8629360034 6.2703472963e-02 2878.2001886932
0.8665239663 6.2915184676e-02 2924.3088833270
0.8701119293 6.3118387355e-02 2968.4242555534
0.8736998923 6.4720632012e-02 3015.4246996852
0.8772878552 6.4917849290e-02 3058.4384990023
0.8808758182 6.5277076495e-02 3101.3473866137
0.8844637812 6.5479937055e-02 3147.9806397758
0.8880517441 6.5674698233e-02 3193.3024966172
0.8916397071 6.5914259444e-02 3238.6243534586
0.8952276701 6.6110880096e-02 3284.6805922396
0.8988156330 6.6302911830e-02 3326.5403627945
0.9024035960 6.6850498571e-02 3365.3576938855
0.9059915590 6.7026100550e-02 3412.6728731343
0.9095795219 6.7141311050e-02 3413.6170784851
0.9131674849 6.7303536026e-02 3459.6733172661
0.9167554478 6.7456851337e-02 3504.6804389905
0.9203434108 6.7612071505e-02 3548.8482670698
0.9239313738 6.7750538830e-02 3594.9569617036
0.9275193367 6.9049746767e-02 3614.6803623660
0.9311072997 6.9180543265e-02 3616.9884198903
0.9346952627 6.9294210033e-02 3658.8481904453
0.9382832256 6.9503058027e-02 3706.0584579884
0.9418711886 6.9645286735e-02 3754.0555633239
0.9454591516 6.9849531695e-02 3800.0593462520
0.9490471145 6.9957048743e-02 3844.2796301841
0.9526350775 7.0048245583e-02 3887.1885177955
0.9562230405 7.0165011190e-02 3926.0583047394
0.9598110034 7.0232232913e-02 3955.5384940274
0.9605054479 7.0232232913e-02 3955.5384940274
0.9640934108 7.0232232913e-02 3955.5384940274
0.9676813738 7.0232232913e-02 3955.5384940274
0.9712693368 7.0232232913e-02 3955.5384940274
0.9748572997 7.0232232913e-02 3955.5384940274
0.9784452627 7.0232232913e-02 3955.5384940274
0.9820332257 7.0232232913e-02 3955.5384940274
0.9856211886 7.0232232913e-02 3955.5384940274
0.9892091516 7.0232232913e-02 3955.5384940274
0.9927971146 7.0232232913e-02 3955.5384940274
0.9963850775 7.0232232913e-02 3955.5384940274
0.9999730405 7.0232232913e-02 3955.5384940274
