0.2446055189 1.0114530045e-02 48.3118404525
0.2481934819 1.7904985196e-02 95.6270197012
0.2517814448 2.3384391640e-02 134.4968066451
0.2553694078 2.9869459890e-02 181.8644417467
0.2589573708 3.5002176083e-02 223.0947420677
0.2625453337 3.8452798666e-02 259.1843688118
0.2661332967 4.3183464427e-02 298.0541557556
0.2697212597 4.5317905822e-02 345.5791584157
0.2733092226 6.0506932550e-02 387.0717380008
0.2768971856 6.1718006556e-02 428.8790527029
0.2804851486 6.2794315485e-02 467.6439279411
0.2840731115 6.3800757199e-02 469.5323386428
0.2876610745 6.4225761047e-02 511.7593001675
0.2912490375 6.4800161690e-02 513.3329757523
0.2948370004 6.5324881255e-02 556.3467750694
0.2984249634 6.5806112441e-02 603.7144101710
0.3343045930 6.6111845848e-02 651.5016920952
0.3414805190 6.7001373429e-02 698.3972245213
0.3594203338 6.8390894696e-02 744.2436398910
0.3630082968 7.1272858914e-02 791.8735542567
0.3809481116 7.6139225270e-02 827.4386224726
0.3845360745 7.7947397232e-02 864.1577194505
0.3917120005 8.2929106034e-02 894.1100114140
0.3952999634 8.3284735560e-02 941.1629113987
0.4024758894 8.9024427042e-02 962.8271786157
0.4096518153 9.2268430268e-02 1004.6344933178
0.4168277412 1.0155947949e-01 1037.2620337754
0.4240036672 1.0800631377e-01 1064.6964448032
0.4347675560 1.1301880590e-01 1092.1308558310
0.4383555190 1.1886084929e-01 1136.2986839103
0.4455314449 1.2585494439e-01 1162.0545076477
0.4527073709 1.3554801039e-01 1194.7345039581
0.4562953338 1.4270821565e-01 1214.6677280319
0.4670592227 1.4738883636e-01 1243.2037119690
0.4706471857 1.5935147500e-01 1272.1593427288
0.4742351487 1.5979135535e-01 1312.8650845216
0.4849990376 1.7738086624e-01 1341.8207152814
0.4885870005 1.7957209900e-01 1366.5798778151
0.5029388524 1.8185847345e-01 1394.4339356655
0.5065268153 1.8419988981e-01 1441.8015707671
0.5101147783 2.0079006270e-01 1462.4167209276
0.5208786672 2.2046706203e-01 1490.0084995139
0.5215731117 2.2046706203e-01 1490.0084995139
0.5251610746 2.2046706203e-01 1490.0084995139
0.5287490376 2.2046706203e-01 1490.0084995139
0.5323370005 2.2046706203e-01 1490.0084995139
0.5359249635 2.2046706203e-01 1490.0084995139
0.5395129265 2.2046706203e-01 1490.0084995139
0.5431008894 2.2046706203e-01 1490.0084995139
0.5466888524 2.2046706203e-01 1490.0084995139
0.5502768154 2.2046706203e-01 1490.0084995139
0.5538647783 2.2046706203e-01 1490.0084995139
0.5574527413 2.2046706203e-01 1490.0084995139
0.5610407043 2.2046706203e-01 1490.0084995139
0.5646286672 2.2046706203e-01 1490.0084995139
0.5682166302 2.2046706203e-01 1490.0084995139
0.5718045932 2.2046706203e-01 1490.0084995139
0.5753925561 2.2046706203e-01 1490.0084995139
0.5789805191 2.2046706203e-01 1490.0084995139
0.5825684821 2.2046706203e-01 1490.0084995139
0.5861564450 2.2046706203e-01 1490.0084995139
0.5897444080 2.2046706203e-01 1490.0084995139
0.5933323710 2.2046706203e-01 1490.0084995139
0.5969203339 2.2046706203e-01 1490.0084995139
0.6005082969 2.2046706203e-01 1490.0084995139
0.6040962598 2.2046706203e-01 1490.0084995139
0.6076842228 2.2046706203e-01 1490.0084995139
0.6112721858 2.2046706203e-01 1490.0084995139
0.6148601487 2.2046706203e-01 1490.0084995139
0.6184481117 2.2046706203e-01 1490.0084995139
0.6220360747 2.2046706203e-01 1490.0084995139
0.6256240376 2.2046706203e-01 1490.0084995139
0.6292120006 2.2046706203e-01 1490.0084995139
0.6327999636 2.2046706203e-01 1490.0084995139
0.6363879265 2.2046706203e-01 1490.0084995139
0.6399758895 2.2046706203e-01 1490.0084995139
