0.2977715211 1.8836300833e-03 47.2627233960
0.3013594840 3.6034006472e-03 91.1158163582
0.3049474470 5.1587990065e-03 138.7457307240
0.3085354100 6.9358077576e-03 186.2182775312
0.3121233729 8.4816603458e-03 233.1662658102
0.3157113359 1.0081337883e-02 279.0126811799
0.3192992989 1.1590614437e-02 326.3803162815
0.3228872618 1.3128851438e-02 373.8528630887
0.3264752248 1.4610567607e-02 419.0173523717
0.3300631878 1.6060832380e-02 466.3325316205
0.3336511507 1.7454058992e-02 514.0673576918
0.3372391137 1.8771139764e-02 559.5990379445
0.3408270766 2.0277591824e-02 606.9142171933
0.3444150396 2.1581787905e-02 654.4916757062
0.3480030026 2.2881951782e-02 701.5970315437
0.3515909655 2.4191908130e-02 747.2336235021
0.3551789285 2.5528036693e-02 794.5488027508
0.3587668915 2.6816703768e-02 840.6050415318
0.3623548544 2.8097972798e-02 885.8219866676
0.3659428174 2.9368081092e-02 930.6192849807
0.3695307804 3.0660212429e-02 975.7313184108
0.3731187433 3.1887359391e-02 1021.0007193994
0.3767067063 3.3091278211e-02 1065.0111799201
0.3802946693 3.4283234553e-02 1112.5361825802
0.3838826322 3.5471532299e-02 1158.3825979499
0.3874705952 3.6654019798e-02 1203.5995430856
0.3910585582 3.7901721547e-02 1250.8622664816
0.3946465211 3.9078136629e-02 1296.1316674702
0.3982344841 4.0250096840e-02 1339.1454667872
0.4018224470 4.1392118530e-02 1385.6213523908
0.4054104100 4.2579666716e-02 1433.4086343150
0.4089983730 4.3744335048e-02 1480.8287252695
0.4125863359 4.4825424957e-02 1527.6193459900
0.4161742989 4.5860522788e-02 1571.8396299220
0.4197622619 4.6931235679e-02 1618.8925299067
0.4233502248 4.7884019151e-02 1659.1261690240
0.4269381878 4.8853997968e-02 1701.9301449298
0.4305261508 4.9891363722e-02 1748.7732215031
0.4341141137 5.0908933437e-02 1790.3182569411
0.4377020767 5.1926160538e-02 1832.9648652884
0.4412900397 5.3423123073e-02 1880.1751328315
0.4448780026 5.4364974137e-02 1921.5628007110
0.4484659656 5.5375451295e-02 1969.1927150767
0.4520539286 5.6367451570e-02 2014.1998368011
0.4556418915 5.7350538580e-02 2061.3576484915
0.4592298545 5.8296283955e-02 2109.6170330911
0.4628178175 5.9237786247e-02 2154.9388899325
0.4664057804 6.0172673154e-02 2199.0542621589
0.4699937434 6.1163681981e-02 2246.6841765246
0.4735817063 6.2442023210e-02 2289.6979758417
0.4771696693 6.3329827286e-02 2337.0131550905
0.4807576323 6.4215906121e-02 2384.2234226336
0.4843455952 6.5098707843e-02 2425.7684580716
0.4879335582 6.5956551150e-02 2471.8771527054
0.4915215212 6.6862911134e-02 2518.9300526900
0.4951094841 6.7632202648e-02 2557.4326486641
0.4986974471 6.8465128797e-02 2604.4855486487
0.5022854101 6.9459767298e-02 2652.6924773955
0.5058733730 7.0286125070e-02 2698.8011720293
0.5094613360 7.1109423505e-02 2741.8149713464
0.5130492990 7.1881780366e-02 2783.3075509315
0.5166372619 7.2636378040e-02 2822.0199703169
0.5202252249 7.3368640747e-02 2869.5974288298
0.5238131879 7.4098559107e-02 2916.4929612560
0.5274011508 7.4815897725e-02 2963.5458612406
0.5309891138 7.5527110753e-02 3011.3855990177
0.5345770768 7.6235701675e-02 3059.0155133834
0.5381650397 7.6942091818e-02 3106.8552511604
0.5417530027 7.7644374595e-02 3145.8299498099
0.5453409656 7.8331123111e-02 3192.8828497946
0.5489289286 7.9011513448e-02 3239.9357497792
0.5525168916 7.9716547431e-02 3287.2509290280
0.5561048545 8.0378585041e-02 3333.5169912203
0.5596928175 8.1049051761e-02 3380.5698912049
0.5632807805 8.1719486290e-02 3427.6227911896
0.5668687434 8.2386598611e-02 3475.8297199364
0.5704567064 8.3047086569e-02 3522.8826199210
0.5740446694 8.3709530496e-02 3570.0928874642
0.5776326323 8.4367481839e-02 3617.6703459771
0.5812205953 8.5023485770e-02 3659.5301165320
0.5848085583 8.5674691300e-02 3705.5338994601
0.5883965212 8.6324603657e-02 3752.5867994448
0.5919844842 8.7142304548e-02 3800.5839047803
0.5955724472 8.7788707349e-02 3845.8008499160
0.5991604101 8.8266027563e-02 3875.4384067626
0.6027483731 8.8903991663e-02 3922.9634094226
0.6063363361 8.9539222676e-02 3970.7506913469
0.6099242990 9.0174289495e-02 4017.9609588900
0.6135122620 9.0796224675e-02 4064.0171976709
0.6171002249 9.1410624038e-02 4108.1850257502
0.6206881879 9.2023004561e-02 4154.7658230594
0.6242761509 9.2631362102e-02 4201.8187230441
0.6278641138 9.3243836846e-02 4249.0289905872
0.6314520768 9.3849438732e-02 4287.9512333839
0.6350400398 9.4450490651e-02 4334.6893982515
0.6386280027 9.5050219237e-02 4381.8996657947
0.6422159657 9.5731289121e-02 4429.2148450435
0.6458039287 9.6303070827e-02 4470.7598804814
0.6493918916 9.6866531097e-02 4518.0750597302
0.6529798546 9.7435678341e-02 4565.2328714205
0.6565678176 9.7993706552e-02 4612.8627857862
0.6601557805 9.8551029172e-02 4659.9156857709
0.6637437435 9.9102010731e-02 4707.4406884310
0.6673317065 9.9647899810e-02 4754.8083235326
0.6709196694 1.0019147805e-01 4801.1792974305
0.6745076324 1.0073405937e-01 4847.8650064454
0.6780955954 1.0127336603e-01 4895.6522883696
0.6816835583 1.0180998429e-01 4934.2597960493
0.6852715213 1.0235579410e-01 4980.3160348302
0.6888594842 1.0294586065e-01 5027.7885816375
0.6924474472 1.0346354893e-01 5069.3336170754
0.6960354102 1.0398954000e-01 5105.1085087026
0.6996233731 1.0443784292e-01 5140.8309444769
0.7032113361 1.0495358741e-01 5188.0936678728
0.7067992991 1.0546353741e-01 5235.4088471216
0.7103872620 1.0596227075e-01 5278.4751022915
0.7139752250 1.0644857824e-01 5324.5837969253
0.7175631880 1.0694067317e-01 5367.5975962424
