561 81.12327 18.95000 55941.08361 21.65000 299 0.11541 1.55884 g -1
509 71.61613 11.75000 55941.08720 21.65000 299 0.09895 1.41425 g -1
456 68.33704 4.55000 55941.09079 21.65000 299 0.07891 1.44234 g -1
562 88.37309 18.95000 55941.09437 21.65000 299 0.07250 1.65817 g -1
612 91.24686 26.15000 55941.09796 21.65000 299 0.06831 1.59357 g -1
510 78.60038 11.75000 55941.10155 21.65000 299 0.06286 1.45124 g -1
613 98.72857 26.15000 55941.10514 21.65000 299 0.06246 1.75065 g -1
404 57.93750 -2.65000 55941.10873 21.65000 299 0.03948 1.33447 g -1
405 64.96635 -2.65000 55941.11231 21.65000 299 0.03559 1.39982 g -1
352 54.54511 -9.85000 55941.11590 21.65000 299 0.03374 1.43265 g -1
455 61.32616 4.55000 55941.11949 21.65000 299 0.02878 1.22053 g -1
614 106.21029 26.15000 55941.12308 21.65000 299 0.02575 1.78796 g -1
301 51.20061 -17.05000 55941.12667 21.65000 299 0.02391 1.59021 g -1
353 61.59430 -9.85000 55941.13025 21.65000 299 0.01693 1.44893 g -1
560 73.87345 18.95000 55941.13384 21.65000 299 0.01635 1.14774 g -1
662 109.79050 33.35000 55941.13743 21.65000 299 0.01596 1.62688 g -1
563 95.57843 18.95000 55941.14102 21.65000 299 0.01246 1.41140 g -1
611 83.74320 26.15000 55941.14461 21.65000 299 0.01139 1.16489 g -1
663 117.64379 33.35000 55941.14819 21.65000 299 0.01015 1.75213 g -1
302 58.28254 -17.05000 55941.15178 21.65000 299 0.01004 1.58120 g -1
661 101.93721 33.35000 55941.15537 21.65000 299 0.00995 1.31683 g -1
252 52.91189 -24.25000 55941.15896 21.65000 299 0.00917 1.86537 g -1
615 113.69200 26.15000 55941.16255 21.65000 299 0.00818 1.56958 g -1
457 75.34792 4.55000 55941.16613 21.65000 299 0.00785 1.20028 g -1
1556 79.84043 15.35000 55941.16972 21.65000 299 0.00755 1.11895 g -1
508 64.63187 11.75000 55941.17331 21.65000 299 0.00670 1.07934 g -1
1608 89.82100 22.55000 55941.17690 21.65000 299 0.00610 1.13058 g -1
1503 70.55524 8.15000 55941.18049 21.65000 299 0.00509 1.11645 g -1
251 45.51882 -24.25000 55941.18407 21.65000 299 0.00410 2.00011 g -1
1450 67.33185 0.95000 55941.18766 21.65000 299 0.00333 1.18549 g -1
1449 60.44662 0.95000 55941.19125 21.65000 299 0.00329 1.18930 g -1
1659 107.99550 29.75000 55941.19484 21.65000 299 0.00272 1.21777 g -1
1397 57.15007 -6.25000 55941.19843 21.65000 299 0.00258 1.32507 g -1
1658 100.33600 29.75000 55941.20201 21.65000 299 0.00254 1.11497 g -1
511 85.58463 11.75000 55941.20560 21.65000 299 0.00247 1.10675 g -1
1555 72.72565 15.35000 55941.20919 21.65000 299 0.00218 1.05140 g -1
1607 82.43329 22.55000 55941.21278 21.65000 299 0.00199 1.02757 g -1
1609 97.13736 22.55000 55941.21637 21.65000 299 0.00172 1.08120 g -1
1502 63.69580 8.15000 55941.21995 21.65000 299 0.00164 1.12955 g -1
1344 53.87329 -13.45000 55941.22354 21.65000 299 0.00147 1.62182 g -1
1660 115.64660 29.75000 55941.22713 21.65000 299 0.00132 1.17236 g -1
561 81.12327 18.95000 55941.22782 21.65000 299 0.11541 1.03297 r -1
509 71.61613 11.75000 55941.23141 21.65000 299 0.09895 1.08652 r -1
456 68.33704 4.55000 55941.23500 21.65000 299 0.07891 1.17090 r -1
562 88.37309 18.95000 55941.23859 21.65000 299 0.07250 1.03626 r -1
612 91.24686 26.15000 55941.24218 21.65000 299 0.06831 1.01372 r -1
510 78.60038 11.75000 55941.24576 21.65000 299 0.06286 1.08245 r -1
613 98.72857 26.15000 55941.24935 21.65000 299 0.06246 1.02468 r -1
404 57.93750 -2.65000 55941.25294 21.65000 299 0.03948 1.43678 r -1
405 64.96635 -2.65000 55941.25653 21.65000 299 0.03559 1.36191 r -1
352 54.54511 -9.85000 55941.26012 21.65000 299 0.03374 1.75292 r -1
455 61.32616 4.55000 55941.26370 21.65000 299 0.02878 1.31604 r -1
614 106.21029 26.15000 55941.26729 21.65000 299 0.02575 1.02768 r -1
353 61.59430 -9.85000 55941.27088 21.65000 299 0.01693 1.67727 r -1
560 73.87345 18.95000 55941.27447 21.65000 299 0.01635 1.09765 r -1
662 109.79050 33.35000 55941.27805 21.65000 299 0.01596 1.01717 r -1
563 95.57843 18.95000 55941.28164 21.65000 299 0.01246 1.03358 r -1
611 83.74320 26.15000 55941.28523 21.65000 299 0.01139 1.03842 r -1
663 117.64379 33.35000 55941.28882 21.65000 299 0.01015 1.02994 r -1
661 101.93721 33.35000 55941.29241 21.65000 299 0.00995 1.00002 r -1
615 113.69200 26.15000 55941.29599 21.65000 299 0.00818 1.01984 r -1
457 75.34792 4.55000 55941.29958 21.65000 299 0.00785 1.30286 r -1
1556 79.84043 15.35000 55941.30317 21.65000 299 0.00755 1.15341 r -1
508 64.63187 11.75000 55941.30676 21.65000 299 0.00670 1.40650 r -1
1608 89.82100 22.55000 55941.31035 21.65000 299 0.00610 1.06363 r -1
1503 70.55524 8.15000 55941.31393 21.65000 299 0.00509 1.39812 r -1
1450 67.33185 0.95000 55941.31752 21.65000 299 0.00333 1.64239 r -1
1449 60.44662 0.95000 55941.32111 21.65000 299 0.00329 1.92271 r -1
1659 107.99550 29.75000 55941.32470 21.65000 299 0.00272 1.00603 r -1
1658 100.33600 29.75000 55941.32829 21.65000 299 0.00254 1.02732 r -1
511 85.58463 11.75000 55941.33187 21.65000 299 0.00247 1.23048 r -1
1555 72.72565 15.35000 55941.33546 21.65000 299 0.00218 1.40180 r -1
1607 82.43329 22.55000 55941.33905 21.65000 299 0.00199 1.20645 r -1
1609 97.13736 22.55000 55941.34264 21.65000 299 0.00172 1.08810 r -1
1502 63.69580 8.15000 55941.34623 21.65000 299 0.00164 1.94186 r -1
1660 115.64660 29.75000 55941.34981 21.65000 299 0.00132 1.00817 r -1
