770 332.10164 47.75000 55859.08291 21.65000 299 0.00377 1.09765 g -1
771 342.13873 47.75000 55859.08650 21.65000 299 0.00358 1.15265 g -1
732 329.74300 40.55000 55859.09009 21.65000 299 0.00350 1.05356 g -1
769 322.06455 47.75000 55859.09368 21.65000 299 0.00345 1.04634 g -1
733 338.17440 40.55000 55859.09726 21.65000 299 0.00341 1.08373 g -1
731 321.31160 40.55000 55859.10085 21.65000 299 0.00327 1.01580 g -1
803 335.18412 54.95000 55859.10444 21.65000 299 0.00309 1.11572 g -1
690 329.43922 33.35000 55859.10803 21.65000 299 0.00308 1.02241 g -1
802 324.38344 54.95000 55859.11162 21.65000 299 0.00304 1.08138 g -1
734 346.60580 40.55000 55859.11520 21.65000 299 0.00300 1.09586 g -1
691 337.22300 33.35000 55859.11879 21.65000 299 0.00296 1.03659 g -1
689 321.65544 33.35000 55859.12238 21.65000 299 0.00295 1.00022 g -1
772 352.17582 47.75000 55859.12597 21.65000 299 0.00285 1.12385 g -1
768 312.24615 47.75000 55859.12956 21.65000 299 0.00285 1.04294 g -1
730 312.82187 40.55000 55859.13314 21.65000 299 0.00285 1.02070 g -1
804 345.77437 54.95000 55859.13673 21.65000 299 0.00272 1.11186 g -1
688 313.87167 33.35000 55859.14032 21.65000 299 0.00266 1.01772 g -1
692 345.00678 33.35000 55859.14391 21.65000 299 0.00259 1.03154 g -1
801 313.28596 54.95000 55859.14750 21.65000 299 0.00253 1.09791 g -1
643 323.33360 26.15000 55859.15108 21.65000 299 0.00243 1.01394 g -1
644 330.85920 26.15000 55859.15467 21.65000 299 0.00241 1.00794 g -1
642 315.80800 26.15000 55859.15826 21.65000 299 0.00230 1.04376 g -1
729 304.26859 40.55000 55859.16185 21.65000 299 0.00222 1.10396 g -1
645 338.38480 26.15000 55859.16544 21.65000 299 0.00220 1.00862 g -1
831 340.00000 62.15000 55859.16902 21.65000 299 0.00218 1.14250 g -1
735 355.03720 40.55000 55859.17261 21.65000 299 0.00218 1.03605 g -1
767 302.47146 47.75000 55859.17620 21.65000 299 0.00214 1.17074 g -1
830 326.66667 62.15000 55859.17979 21.65000 299 0.00201 1.15775 g -1
736 2.21291 47.75000 55859.18338 21.65000 299 0.00200 1.07015 g -1
687 306.08789 33.35000 55859.18696 21.65000 299 0.00199 1.16794 g -1
693 352.79056 33.35000 55859.19055 21.65000 299 0.00192 1.00681 g -1
594 317.87636 18.95000 55859.19414 21.65000 299 0.00186 1.14311 g -1
805 356.36462 54.95000 55859.19773 21.65000 299 0.00184 1.08284 g -1
595 325.12618 18.95000 55859.20132 21.65000 299 0.00183 1.10754 g -1
646 345.91040 26.15000 55859.20490 21.65000 299 0.00182 1.00974 g -1
596 332.37600 18.95000 55859.20849 21.65000 299 0.00170 1.07968 g -1
832 353.33333 62.15000 55859.21208 21.65000 299 0.00170 1.14191 g -1
694 3.46860 40.55000 55859.21567 21.65000 299 0.00168 1.01721 g -1
806 6.66667 62.15000 55859.21926 21.65000 299 0.00167 1.15218 g -1
773 6.95487 54.95000 55859.22284 21.65000 299 0.00150 1.08539 g -1
800 302.18847 54.95000 55859.22643 21.65000 299 0.00149 1.38746 g -1
648 0.57433 33.35000 55859.23002 21.65000 299 0.00149 1.00025 g -1
597 339.62582 18.95000 55859.23361 21.65000 299 0.00146 1.08963 g -1
641 308.28240 26.15000 55859.23719 21.65000 299 0.00145 1.44983 g -1
647 353.43600 26.15000 55859.24078 21.65000 299 0.00132 1.01835 g -1
544 319.86812 11.75000 55859.24437 21.65000 299 0.00127 1.43489 g -1
851 317.14286 69.35000 55859.24796 21.65000 299 0.00124 1.40969 g -1
852 334.28571 69.35000 55859.25155 21.65000 299 0.00122 1.31213 g -1
829 313.33333 62.15000 55859.25513 21.65000 299 0.00121 1.40744 g -1
545 326.85237 11.75000 55859.25872 21.65000 299 0.00120 1.39924 g -1
598 346.87564 18.95000 55859.26231 21.65000 299 0.00113 1.10925 g -1
737 12.25000 47.75000 55859.26590 21.65000 299 0.00109 1.03273 g -1
546 333.83662 11.75000 55859.26949 21.65000 299 0.00103 1.34456 g -1
850 300.00000 69.35000 55859.27307 21.65000 299 0.00101 1.68922 g -1
853 351.42857 69.35000 55859.27666 21.65000 299 0.00101 1.27882 g -1
828 300.00000 62.15000 55859.28025 21.65000 299 0.00097 1.74814 g -1
600 0.96160 26.15000 55859.28384 21.65000 299 0.00090 1.04436 g -1
695 11.90000 40.40000 55859.28743 21.65000 299 0.00088 1.01385 g -1
774 17.54512 54.95000 55859.29101 21.65000 299 0.00088 1.07700 g -1
807 20.00000 62.15000 55859.29460 21.65000 299 0.00086 1.14221 g -1
649 8.35811 33.35000 55859.29819 21.65000 299 0.00085 1.02530 g -1
547 340.82087 11.75000 55859.30178 21.65000 299 0.00080 1.42990 g -1
833 8.57143 69.35000 55859.30537 21.65000 299 0.00078 1.25855 g -1
599 354.12545 18.95000 55859.30895 21.65000 299 0.00076 1.19289 g -1
775 28.13537 54.95000 55859.31254 21.65000 299 0.00072 1.07597 g -1
509 71.61613 11.75000 55859.31613 21.65000 299 0.00070 1.38002 g -1
457 75.34792 4.55000 55859.31972 21.65000 299 0.00065 1.55405 g -1
867 324.00000 76.55000 55859.32331 21.65000 299 0.00060 1.65404 g -1
548 347.80512 11.75000 55859.32689 21.65000 299 0.00057 1.47424 g -1
456 68.33704 4.55000 55859.33048 21.65000 299 0.00051 1.34785 g -1
601 8.48720 26.15000 55859.33407 21.65000 299 0.00050 1.10640 g -1
739 32.32418 47.75000 55859.33766 21.65000 299 0.00050 1.03547 g -1
738 22.28709 47.75000 55859.34125 21.65000 299 0.00049 1.05914 g -1
550 1.37527 18.95000 55859.34483 21.65000 299 0.00046 1.26285 g -1
650 16.14189 33.35000 55859.34842 21.65000 299 0.00046 1.07367 g -1
696 20.38973 40.55000 55859.35201 21.65000 299 0.00045 1.06046 g -1
510 78.60038 11.75000 55859.35560 21.65000 299 0.00044 1.26879 g -1
562 88.37309 18.95000 55859.35919 21.65000 299 0.00042 1.31759 g -1
406 71.99519 -2.65000 55859.36277 21.65000 299 0.00041 1.36823 g -1
868 348.00000 76.55000 55859.36636 21.65000 299 0.00041 1.58565 g -1
549 354.78937 11.75000 55859.36995 21.65000 299 0.00035 1.71170 g -1
559 66.62364 18.95000 55859.37354 21.65000 299 0.00035 1.06511 g -1
561 81.12327 18.95000 55859.37713 21.65000 299 0.00035 1.14997 g -1
854 12.00000 76.55000 55859.38071 21.65000 299 0.00034 1.47060 g -1
560 73.87345 18.95000 55859.38430 21.65000 299 0.00030 1.08119 g -1
698 37.42753 40.55000 55859.38789 21.65000 299 0.00030 1.04276 g -1
611 83.74320 26.15000 55859.39148 21.65000 299 0.00029 1.09449 g -1
511 85.58463 11.75000 55859.39507 21.65000 299 0.00027 1.18930 g -1
602 16.01280 26.15000 55859.39865 21.65000 299 0.00027 1.27737 g -1
551 8.62509 18.95000 55859.40224 21.65000 299 0.00025 1.51758 g -1
606 46.11520 26.15000 55859.40583 21.65000 299 0.00024 1.03970 g -1
651 23.92567 33.35000 55859.40942 21.65000 299 0.00024 1.19337 g -1
697 28.87947 40.55000 55859.41301 21.65000 299 0.00022 1.14990 g -1
834 25.71429 69.35000 55859.41659 21.65000 299 0.00021 1.35545 g -1
508 64.63187 11.75000 55859.42018 21.65000 299 0.00021 1.07669 g -1
609 68.69200 26.15000 55859.42377 21.65000 299 0.00021 1.00792 g -1
612 91.24686 26.15000 55859.42736 21.65000 299 0.00017 1.06121 g -1
653 39.49322 33.35000 55859.43094 21.65000 299 0.00017 1.11896 g -1
654 47.27700 33.35000 55859.43453 21.65000 299 0.00014 1.07326 g -1
603 23.53840 26.15000 55859.43812 21.65000 299 0.00014 1.39206 g -1
405 64.96635 -2.65000 55859.44171 21.65000 299 0.00014 1.25741 g -1
877 340.00000 83.75000 55859.44530 21.65000 299 0.00013 1.86646 g -1
808 33.33333 62.15000 55859.44888 21.65000 299 0.00013 1.30973 g -1
740 42.36127 47.75000 55859.45247 21.65000 299 0.00013 1.16850 g -1
506 50.66337 11.75000 55859.45606 21.65000 299 0.00012 1.21849 g -1
552 15.87491 18.95000 55859.45965 21.65000 299 0.00012 2.00150 g -1
652 31.70944 33.35000 55859.46324 21.65000 299 0.00012 1.35724 g -1
556 44.87418 18.95000 55859.46682 21.65000 299 0.00012 1.27035 g -1
855 36.00000 76.55000 55859.47041 21.65000 299 0.00010 1.51469 g -1
699 45.97560 40.55000 55859.47400 21.65000 299 0.00010 1.19657 g -1
776 38.72562 54.95000 55859.47759 21.65000 299 0.00010 1.31450 g -1
557 52.12400 18.95000 55859.48118 21.65000 299 0.00010 1.24230 g -1
458 82.35880 4.55000 55859.48476 21.65000 299 0.00009 1.15356 g -1
871 100.00000 83.75000 55859.48835 21.65000 299 0.00009 1.57039 g -1
604 31.06400 26.15000 55859.49194 21.65000 299 0.00008 1.69865 g -1
455 61.32616 4.55000 55859.49553 21.65000 299 0.00008 1.35550 g -1
869 20.00000 83.75000 55859.49912 21.65000 299 0.00008 1.75893 g -1
558 59.37382 18.95000 55859.50270 21.65000 299 0.00007 1.24919 g -1
870 60.00000 83.75000 55859.50629 21.65000 299 0.00007 1.61886 g -1
610 76.21760 26.15000 55859.50988 21.65000 299 0.00007 1.07729 g -1
1810 18.98986 58.55000 55859.51347 21.65000 299 0.00006 1.89607 g -1
858 108.00000 76.55000 55859.51706 21.65000 299 0.00006 1.37282 g -1
507 57.64762 11.75000 55859.52064 21.65000 299 0.00006 1.47659 g -1
659 86.23064 33.35000 55859.52423 21.65000 299 0.00006 1.03943 g -1
835 42.85714 69.35000 55859.52782 21.65000 299 0.00006 1.54906 g -1
605 38.58960 26.15000 55859.53141 21.65000 299 0.00006 1.96649 g -1
856 60.00000 76.55000 55859.53500 21.65000 299 0.00005 1.50985 g -1
872 140.00000 83.75000 55859.53858 21.65000 299 0.00005 1.59735 g -1
608 61.16640 26.15000 55859.54217 21.65000 299 0.00004 1.39072 g -1
