0.2608442930 6.2207098169e-04 47.5774585129
0.2680202190 8.3017863892e-04 95.2073728786
0.2751961449 3.0293217717e-03 142.2602728633
0.2787841078 6.6805037102e-03 188.8410701725
0.2823720708 6.9196048669e-03 235.6316908930
0.2859600338 9.4235645665e-03 283.3665169644
0.2895479967 1.1134544174e-02 304.3488580947
0.2931359597 1.4514547244e-02 345.6840701213
0.2967239227 1.5786414287e-02 372.5414667681
0.3003118856 1.6452304030e-02 403.4379640824
0.3038998486 1.8443337970e-02 449.3368353049
0.3074878116 2.2357056311e-02 496.6520145537
0.3110757745 2.3537083446e-02 543.6524586855
0.3146637375 2.3767749613e-02 546.2227954740
0.3182517005 2.5749336617e-02 572.5556335925
0.3218396634 2.6440237941e-02 620.3953713695
0.3254276264 2.9139267664e-02 658.8455114908
0.3290155894 2.9725432908e-02 689.2174502768
0.3326035523 2.9885338658e-02 736.2703502615
0.3361915153 3.2044869850e-02 760.9246010896
0.3397794783 3.2175129805e-02 763.0228352026
0.3433674412 3.2307581160e-02 810.1281910401
0.3469554042 3.4002466481e-02 840.2903064149
0.3505433671 3.5028491925e-02 879.3699167700
0.3541313301 3.5429634443e-02 927.1571986942
0.3577192931 3.7123515445e-02 950.6574207601
0.3648952190 3.7804933808e-02 980.7670802821
0.3684831820 3.9197049584e-02 1020.6859842824
0.3756591079 4.1076976355e-02 1044.3435739068
0.3792470709 4.1348877177e-02 1091.3964738915
0.3864229968 4.2273083318e-02 1120.9815748852
0.3900109598 4.6329045905e-02 1161.6348608251
0.3971868857 4.9980414848e-02 1184.9252594797
0.4079507746 5.0896459720e-02 1214.2480812093
0.4115387375 5.1641485870e-02 1255.3734698246
0.4187146635 5.3270346688e-02 1278.8736918905
0.4294785524 5.4537207288e-02 1307.1998524164
0.4330665153 5.4781460105e-02 1348.7973437072
0.4474183672 5.7430525899e-02 1394.8011266353
0.4510063302 5.7583792763e-02 1442.5884085595
0.4689461450 6.3507553142e-02 1488.6446473405
0.4725341080 6.4877489769e-02 1535.9598265893
0.4797100339 7.3722735358e-02 1560.6665332702
0.4868859598 7.8922885380e-02 1589.0976055017
0.4904739228 7.9118068247e-02 1636.2029613392
0.4976498487 8.0162412069e-02 1660.2801977862
0.5048257746 8.0420606255e-02 1688.5539024592
0.5084137376 8.0620725135e-02 1732.4594512743
0.5091081821 8.0620725135e-02 1732.4594512743
0.5126961450 8.0620725135e-02 1732.4594512743
0.5162841080 8.0620725135e-02 1732.4594512743
0.5198720709 8.0620725135e-02 1732.4594512743
0.5234600339 8.0620725135e-02 1732.4594512743
0.5270479969 8.0620725135e-02 1732.4594512743
0.5306359598 8.0620725135e-02 1732.4594512743
0.5342239228 8.0620725135e-02 1732.4594512743
0.5378118858 8.0620725135e-02 1732.4594512743
0.5413998487 8.0620725135e-02 1732.4594512743
0.5449878117 8.0620725135e-02 1732.4594512743
0.5485757747 8.0620725135e-02 1732.4594512743
0.5521637376 8.0620725135e-02 1732.4594512743
0.5557517006 8.0620725135e-02 1732.4594512743
0.5593396636 8.0620725135e-02 1732.4594512743
0.5629276265 8.0620725135e-02 1732.4594512743
0.5665155895 8.0620725135e-02 1732.4594512743
0.5701035525 8.0620725135e-02 1732.4594512743
0.5736915154 8.0620725135e-02 1732.4594512743
0.5772794784 8.0620725135e-02 1732.4594512743
0.5808674413 8.0620725135e-02 1732.4594512743
0.5844554043 8.0620725135e-02 1732.4594512743
0.5880433673 8.0620725135e-02 1732.4594512743
0.5916313302 8.0620725135e-02 1732.4594512743
0.5952192932 8.0620725135e-02 1732.4594512743
0.5988072562 8.0620725135e-02 1732.4594512743
0.6023952191 8.0620725135e-02 1732.4594512743
