0.0000000000 1.0231445420e-01 47.7348260714
0.0035879630 1.9342932306e-01 94.9975494673
0.0071759259 2.7565579275e-01 142.3651845689
0.0107638889 3.0577317466e-01 189.6803638177
0.0143518519 3.2977972625e-01 234.0580153083
0.0179398148 3.4142063653e-01 277.2816380366
0.0215277778 3.4569872437e-01 320.9773634404
0.0251157408 3.4939735539e-01 364.0960744632
0.0287037037 3.5274447974e-01 371.9644523870
0.0322916667 3.5537792197e-01 419.3845433415
0.5393023535 3.5826374253e-01 462.3458868057
0.5428903165 3.6292775978e-01 509.7659777601
0.5500662424 3.6618599328e-01 557.5008038315
0.5680060573 4.2969674443e-01 600.4621472958
0.5715940202 4.9243925661e-01 643.8955934354
0.5751819832 5.2886293162e-01 690.6337583031
0.5787699462 5.4066714784e-01 738.3685843745
0.5823579091 5.4478051466e-01 740.4668184876
0.5859458721 5.6290838913e-01 746.3943298569
0.5895338351 5.6512921605e-01 748.3876522642
0.5931217980 6.5498243069e-01 790.8244372002
0.5967097610 7.5050702716e-01 838.1396164490
0.6002977239 8.0486639512e-01 885.1925164337
0.6038856869 8.1046370592e-01 891.9593214482
0.6074736499 8.1719457259e-01 940.1137943422
0.6110616128 8.2217161543e-01 946.4084966812
0.6146495758 8.3180479681e-01 953.0179341373
0.6182375388 8.3439547107e-01 954.9063448390
0.6218255017 8.4493389529e-01 997.7103207448
0.6254134647 8.8022249776e-01 1045.5500585218
0.6290014277 8.8294008897e-01 1052.8938779174
0.6325893906 8.9240293121e-01 1100.7860715473
0.6361773536 8.9400041161e-01 1108.1823467957
0.6397653166 8.9933390855e-01 1116.5752832478
0.6433532795 9.0075491023e-01 1122.5552504699
0.6505292055 9.0821626982e-01 1164.4674768777
0.6612930944 9.1394743695e-01 1211.7826561264
0.6828208721 9.1718509977e-01 1258.8355561111
0.7007606870 9.1983690824e-01 1306.1507353599
0.7014551314 9.1983690824e-01 1306.1507353599
0.7050430944 9.1983690824e-01 1306.1507353599
0.7086310573 9.1983690824e-01 1306.1507353599
0.7122190203 9.1983690824e-01 1306.1507353599
0.7158069833 9.1983690824e-01 1306.1507353599
0.7193949462 9.1983690824e-01 1306.1507353599
0.7229829092 9.1983690824e-01 1306.1507353599
0.7265708722 9.1983690824e-01 1306.1507353599
0.7301588351 9.1983690824e-01 1306.1507353599
0.7337467981 9.1983690824e-01 1306.1507353599
0.7373347611 9.1983690824e-01 1306.1507353599
0.7409227240 9.1983690824e-01 1306.1507353599
0.7445106870 9.1983690824e-01 1306.1507353599
0.7480986500 9.1983690824e-01 1306.1507353599
0.7516866129 9.1983690824e-01 1306.1507353599
0.7552745759 9.1983690824e-01 1306.1507353599
0.7588625389 9.1983690824e-01 1306.1507353599
0.7624505018 9.1983690824e-01 1306.1507353599
0.7660384648 9.1983690824e-01 1306.1507353599
0.7696264277 9.1983690824e-01 1306.1507353599
0.7732143907 9.1983690824e-01 1306.1507353599
0.7768023537 9.1983690824e-01 1306.1507353599
0.7803903166 9.1983690824e-01 1306.1507353599
0.7839782796 9.1983690824e-01 1306.1507353599
0.7875662426 9.1983690824e-01 1306.1507353599
0.7911542055 9.1983690824e-01 1306.1507353599
0.7947421685 9.1983690824e-01 1306.1507353599
0.7983301315 9.1983690824e-01 1306.1507353599
0.8019180944 9.1983690824e-01 1306.1507353599
0.8055060574 9.1983690824e-01 1306.1507353599
0.8090940204 9.1983690824e-01 1306.1507353599
0.8126819833 9.1983690824e-01 1306.1507353599
0.8162699463 9.1983690824e-01 1306.1507353599
0.8198579093 9.1983690824e-01 1306.1507353599
0.8234458722 9.1983690824e-01 1306.1507353599
0.8270338352 9.1983690824e-01 1306.1507353599
0.8306217982 9.1983690824e-01 1306.1507353599
0.8342097611 9.1983690824e-01 1306.1507353599
0.8377977241 9.1983690824e-01 1306.1507353599
