0.0000000000 2.7430941587e-02 47.1578116903
0.0035879630 4.5722088990e-02 94.6303584976
0.0071759259 6.3535459235e-02 141.9455377463
0.0107638889 7.1373080500e-02 188.9984377310
0.0143518519 7.8118740790e-02 235.4218674817
0.0179398148 1.0255656054e-01 282.6845908777
0.0215277778 1.0922571049e-01 330.4194169491
0.0251157408 1.1410820140e-01 377.4723169337
0.0287037037 1.1806563547e-01 423.7908349788
0.0322916667 1.2094894891e-01 470.8437349635
0.0358796296 1.2318358899e-01 517.8966349481
0.0394675926 1.2472659346e-01 564.4774322573
0.0430555556 1.2635344353e-01 570.0377526569
0.0466435185 1.2746613308e-01 572.2408984755
0.0502314815 1.2838440207e-01 578.6929683731
0.0538194445 1.2918875687e-01 620.1855479582
0.0574074074 1.2990309289e-01 667.3958155014
0.0609953704 1.3061695305e-01 715.7076559538
0.0645833334 1.3121636975e-01 762.8130117913
0.0681712963 1.3145604543e-01 806.5611930479
0.0717592593 1.3197454331e-01 816.0557024094
0.0753472223 1.3236732547e-01 822.7175957182
0.8396419834 1.4042007240e-01 864.3150870090
0.8432299463 1.4175737641e-01 903.1848739529
0.8468179093 1.4220063801e-01 905.2831080659
0.8475123538 1.4220063801e-01 905.2831080659
0.8511003167 1.4220063801e-01 905.2831080659
0.8546882797 1.4220063801e-01 905.2831080659
0.8582762426 1.4220063801e-01 905.2831080659
0.8618642056 1.4220063801e-01 905.2831080659
0.8654521686 1.4220063801e-01 905.2831080659
0.8690401315 1.4220063801e-01 905.2831080659
0.8726280945 1.4220063801e-01 905.2831080659
0.8762160575 1.4220063801e-01 905.2831080659
0.8798040204 1.4220063801e-01 905.2831080659
0.8833919834 1.4220063801e-01 905.2831080659
0.8869799464 1.4220063801e-01 905.2831080659
0.8905679093 1.4220063801e-01 905.2831080659
0.8941558723 1.4220063801e-01 905.2831080659
0.9049197612 1.4220063801e-01 905.2831080659
0.9085077242 1.4220063801e-01 905.2831080659
0.9228595760 1.4220063801e-01 905.2831080659
0.9372114279 1.4220063801e-01 905.2831080659
0.9407993908 1.4220063801e-01 905.2831080659
0.9443873538 1.4220063801e-01 905.2831080659
0.9587392057 1.4220063801e-01 905.2831080659
0.9766790205 1.4220063801e-01 905.2831080659
0.9838549464 1.4220063801e-01 905.2831080659
0.9982067983 1.4220063801e-01 905.2831080659
