0.7061577723 6.9445104426e-04 47.3151792488
0.7097457353 1.7123190922e-03 94.7877260560
0.7133336983 2.4526607604e-03 142.1553611576
0.7169216612 4.7076283760e-03 189.4705404064
0.7205096242 8.2944372562e-03 237.3102781835
0.7240975871 8.7878782267e-03 285.5172069303
0.7276855501 2.0729732189e-02 332.8323861791
0.7312735131 2.6522373598e-02 380.6196681033
0.7348614760 4.1225849639e-02 425.3645105636
0.7384494390 4.6650735154e-02 472.4174105482
0.7420374020 5.7554153508e-02 517.6868115368
0.7456253649 7.3123219046e-02 560.8055225595
0.7492133279 8.7701067358e-02 603.8193218766
0.7528012909 9.4891984029e-02 650.7148543028
0.7563892538 1.0575971659e-01 692.2598897407
0.7599772168 1.1176701994e-01 736.7424529369
0.7635651798 1.1663739111e-01 782.7986917179
0.7671531427 1.2088464486e-01 830.2712385251
0.7707411057 1.2458368868e-01 877.3241385098
0.7743290687 1.2705121650e-01 924.4819502001
0.7779170316 1.2930040042e-01 971.3250267734
0.7815049946 1.3131650053e-01 1018.3779267581
0.7850929576 1.3247744487e-01 1063.4899601882
0.7886809205 1.3408506451e-01 1110.7526835842
0.7922688835 1.3573265033e-01 1158.0678628329
0.7958568464 1.4148868821e-01 1196.8851939239
0.7994448094 1.4219721581e-01 1199.4555307124
0.8030327724 1.4289737713e-01 1202.3406026178
0.8066207353 1.4345585467e-01 1204.7011159950
0.8102086983 1.4388576850e-01 1251.1245457457
0.8137966613 1.4440177458e-01 1256.3176751755
0.8173846242 1.4496618935e-01 1261.5108046052
0.8209725872 1.4536097279e-01 1308.5637045899
0.8245605502 1.4572680107e-01 1355.6166045745
0.8281485131 1.4599045252e-01 1357.5574711291
0.8317364761 1.4632557386e-01 1404.5579152609
0.8353244391 1.4706020114e-01 1446.2603182573
0.8389124020 1.4737879739e-01 1449.0929343099
0.8425003650 1.4769092176e-01 1451.2436242758
0.8460883280 1.4830108944e-01 1460.0562075505
0.8496762909 1.5099340132e-01 1485.2350169068
0.8532642539 1.5131836558e-01 1490.1134112196
0.8568522168 1.5161310986e-01 1494.9918055324
0.8604401798 1.5188645748e-01 1500.3947583734
0.8640281428 1.5210625402e-01 1544.8248657168
0.8676161057 1.5233183328e-01 1548.0246727392
0.8712040687 1.5252384042e-01 1552.5358760822
0.8747920317 1.5286555667e-01 1599.6412319197
0.8783799946 1.5299630357e-01 1644.4909860856
0.8790744391 1.5299630357e-01 1644.4909860856
0.8826624021 1.5299630357e-01 1644.4909860856
0.8862503650 1.5299630357e-01 1644.4909860856
0.8898383280 1.5299630357e-01 1644.4909860856
0.8934262909 1.5299630357e-01 1644.4909860856
0.8970142539 1.5299630357e-01 1644.4909860856
0.9006022169 1.5299630357e-01 1644.4909860856
0.9041901798 1.5299630357e-01 1644.4909860856
0.9077781428 1.5299630357e-01 1644.4909860856
0.9113661058 1.5299630357e-01 1644.4909860856
0.9149540687 1.5299630357e-01 1644.4909860856
0.9185420317 1.5299630357e-01 1644.4909860856
0.9221299947 1.5299630357e-01 1644.4909860856
0.9257179576 1.5299630357e-01 1644.4909860856
0.9293059206 1.5299630357e-01 1644.4909860856
0.9328938836 1.5299630357e-01 1644.4909860856
0.9364818465 1.5299630357e-01 1644.4909860856
0.9400698095 1.5299630357e-01 1644.4909860856
0.9436577725 1.5299630357e-01 1644.4909860856
0.9472457354 1.5299630357e-01 1644.4909860856
0.9508336984 1.5299630357e-01 1644.4909860856
0.9544216614 1.5299630357e-01 1644.4909860856
0.9580096243 1.5299630357e-01 1644.4909860856
0.9615975873 1.5299630357e-01 1644.4909860856
0.9651855502 1.5299630357e-01 1644.4909860856
0.9687735132 1.5299630357e-01 1644.4909860856
0.9723614762 1.5299630357e-01 1644.4909860856
0.9759494391 1.5299630357e-01 1644.4909860856
0.9795374021 1.5299630357e-01 1644.4909860856
0.9831253651 1.5299630357e-01 1644.4909860856
