0.1245843315 1.5534815817e-01 47.0528999847
0.1281722945 2.4122156525e-01 94.1057999693
0.1317602575 2.9572862645e-01 141.3160675124
0.1353482204 3.3716629433e-01 189.1558052895
0.1389361834 3.6124286276e-01 236.2087052741
0.1425241464 3.8519770073e-01 283.6812520814
0.1461121093 3.9830664129e-01 331.4685340056
0.1497000723 4.1069138423e-01 378.5214339902
0.1532880353 4.2107596082e-01 425.5743339749
0.1568759982 4.3143823550e-01 473.3091600463
0.1604639612 4.4064713566e-01 520.6243392951
0.1640519242 4.4962796281e-01 568.1493419551
0.1676398871 4.5893298257e-01 615.5169770567
0.1712278501 4.6800911034e-01 620.4478272224
0.1748158131 4.7627744067e-01 623.6476342447
0.1784037760 4.8354938164e-01 669.3891379087
0.1819917390 4.9053476313e-01 714.5536271917
0.1855797020 4.9806774128e-01 761.9737181461
0.1891676649 5.0355021104e-01 807.6103101044
0.1927556279 5.0920275321e-01 854.9779452061
0.1963435908 5.1390932333e-01 901.8734776322
0.1999315538 5.1795689272e-01 945.4642913304
0.2035195168 5.2226111264e-01 988.4780906475
0.2071074797 5.2573343638e-01 1033.2229331078
0.2106954427 5.2997261154e-01 1038.6258859488
0.2142834057 5.3348900869e-01 1083.7379193789
0.2178713686 5.3753605965e-01 1132.0497598314
0.2214593316 5.4019717404e-01 1173.2800601524
0.2250472946 5.4338847755e-01 1216.8184179977
0.2286352575 5.4643581087e-01 1262.4550099561
0.2322232205 5.4936917511e-01 1308.7735280012
0.2358111835 5.5206791157e-01 1350.3185634391
0.2393991464 5.5430867959e-01 1392.5455249638
0.2429871094 5.5721349459e-01 1439.5984249485
0.2465750724 5.5965127458e-01 1443.5850697632
0.2501630353 5.6196119162e-01 1491.2674399818
0.2537509983 5.6418121515e-01 1538.1105165551
0.2573389613 5.6595831576e-01 1576.8753917933
0.2609269242 5.6807665004e-01 1621.9874252234
0.2645148872 5.7009174425e-01 1666.5749001252
0.2681028501 5.7216081014e-01 1712.2639479364
0.2716908131 5.7380125371e-01 1756.1694967515
0.2752787761 5.7558859965e-01 1803.2223967362
0.2788667390 5.7735782223e-01 1848.4393418719
0.2824547020 5.7909501249e-01 1894.8103157699
0.2860426650 5.8073590277e-01 1942.0205833130
0.2896306279 5.8235614389e-01 1989.0734832976
0.2903250724 5.8235614389e-01 1989.0734832976
0.2939130353 5.8235614389e-01 1989.0734832976
0.2975009983 5.8235614389e-01 1989.0734832976
0.3010889613 5.8235614389e-01 1989.0734832976
0.3046769242 5.8235614389e-01 1989.0734832976
0.3082648872 5.8235614389e-01 1989.0734832976
0.3118528502 5.8235614389e-01 1989.0734832976
0.3154408131 5.8235614389e-01 1989.0734832976
0.3190287761 5.8235614389e-01 1989.0734832976
0.3226167391 5.8235614389e-01 1989.0734832976
0.3262047020 5.8235614389e-01 1989.0734832976
0.3297926650 5.8235614389e-01 1989.0734832976
0.3333806280 5.8235614389e-01 1989.0734832976
0.3369685909 5.8235614389e-01 1989.0734832976
0.3405565539 5.8235614389e-01 1989.0734832976
0.3441445169 5.8235614389e-01 1989.0734832976
0.3477324798 5.8235614389e-01 1989.0734832976
0.3513204428 5.8235614389e-01 1989.0734832976
0.3549084058 5.8235614389e-01 1989.0734832976
0.3584963687 5.8235614389e-01 1989.0734832976
0.3620843317 5.8235614389e-01 1989.0734832976
0.3656722946 5.8235614389e-01 1989.0734832976
0.3692602576 5.8235614389e-01 1989.0734832976
0.3728482206 5.8235614389e-01 1989.0734832976
0.3764361835 5.8235614389e-01 1989.0734832976
0.3800241465 5.8235614389e-01 1989.0734832976
0.3836121095 5.8235614389e-01 1989.0734832976
0.3872000724 5.8235614389e-01 1989.0734832976
0.3907880354 5.8235614389e-01 1989.0734832976
0.3943759984 5.8235614389e-01 1989.0734832976
0.3979639613 5.8235614389e-01 1989.0734832976
0.4015519243 5.8235614389e-01 1989.0734832976
0.4051398873 5.8235614389e-01 1989.0734832976
0.4087278502 5.8235614389e-01 1989.0734832976
