0.0808634224 2.3758413955e-03 47.3151792488
0.0844513853 3.4842069401e-03 91.0109046526
0.0880393483 4.1377150508e-03 134.6541742036
0.0916273113 4.4999582744e-03 181.9693534523
0.1059791631 5.3220594443e-03 229.0222534370
0.1095671261 5.8214301220e-03 277.1242704782
0.1131550891 6.6021042971e-03 323.9673470515
0.1239189780 9.1418081199e-03 371.0202470362
0.1346828668 1.1995723757e-02 418.3878821378
0.1418587928 1.6072595875e-02 452.0120837990
0.1454467557 1.6368086898e-02 489.8327536864
0.1526226817 2.3005695310e-02 516.7426061860
0.1562106446 2.4759208645e-02 563.9004178763
0.1705624965 3.2230541066e-02 610.0091125100
0.1741504595 3.4474886435e-02 657.7439385814
0.1777384224 4.4881335960e-02 680.5622345606
0.1885023113 6.1643320034e-02 706.0033231811
0.1920902743 6.5924715695e-02 730.5002064507
0.1992662002 6.7045313968e-02 776.1892542619
0.2100300891 7.1328262434e-02 822.3504047485
0.2136180521 9.2203382864e-02 845.7457151087
0.2172060150 9.6492698841e-02 869.4557605859
0.2315578669 1.0435800681e-01 894.9493050592
0.2387337928 1.2896459441e-01 919.0265415062
0.2602615706 1.4436805507e-01 944.6774535380
0.2609560151 1.4436805507e-01 944.6774535380
0.2645439780 1.4436805507e-01 944.6774535380
0.2681319410 1.4436805507e-01 944.6774535380
0.2717199040 1.4436805507e-01 944.6774535380
0.2753078669 1.4436805507e-01 944.6774535380
0.2788958299 1.4436805507e-01 944.6774535380
0.2824837929 1.4436805507e-01 944.6774535380
0.2860717558 1.4436805507e-01 944.6774535380
0.2896597188 1.4436805507e-01 944.6774535380
0.2932476818 1.4436805507e-01 944.6774535380
0.2968356447 1.4436805507e-01 944.6774535380
0.3004236077 1.4436805507e-01 944.6774535380
0.3040115706 1.4436805507e-01 944.6774535380
0.3075995336 1.4436805507e-01 944.6774535380
0.3111874966 1.4436805507e-01 944.6774535380
0.3147754595 1.4436805507e-01 944.6774535380
0.3183634225 1.4436805507e-01 944.6774535380
0.3219513855 1.4436805507e-01 944.6774535380
0.3255393484 1.4436805507e-01 944.6774535380
0.3291273114 1.4436805507e-01 944.6774535380
