0.0000000000 1.6280549501e-01 47.4200909544
0.0035879630 2.4695106826e-01 94.7877260560
0.0071759259 2.8966206506e-01 137.8539812259
0.0107638889 3.0661194045e-01 145.5649915913
0.0143518519 3.1311868069e-01 188.5263350556
0.0179398148 3.1909287422e-01 231.5925902255
0.0215277778 3.2336353030e-01 278.8553136214
0.0251157408 3.2656341719e-01 320.4528049122
0.0287037037 3.2852726142e-01 322.4461273196
0.9231622561 3.2914542139e-01 360.1618855012
0.9238567006 3.2914542139e-01 360.1618855012
0.9274446635 3.2914542139e-01 360.1618855012
0.9310326265 3.2914542139e-01 360.1618855012
0.9346205895 3.2914542139e-01 360.1618855012
0.9382085524 3.2914542139e-01 360.1618855012
0.9417965154 3.2914542139e-01 360.1618855012
0.9453844784 3.2914542139e-01 360.1618855012
0.9489724413 3.2914542139e-01 360.1618855012
0.9525604043 3.2914542139e-01 360.1618855012
0.9561483673 3.2914542139e-01 360.1618855012
