818 166.66667 62.15000 56057.15127 21.65000 299 0.03926 1.14044 g -1
861 180.00000 76.55000 56057.15486 21.65000 299 0.03154 1.37953 g -1
712 157.78274 40.55000 56057.15845 21.65000 299 0.02548 1.01884 g -1
843 180.00000 69.35000 56057.16203 21.65000 299 0.02454 1.24229 g -1
713 166.39956 40.55000 56057.16562 21.65000 299 0.02278 1.00982 g -1
842 162.85714 69.35000 56057.16921 21.65000 299 0.02021 1.24097 g -1
788 169.45049 54.95000 56057.17280 21.65000 299 0.01694 1.07639 g -1
753 166.67577 47.75000 56057.17639 21.65000 299 0.01613 1.03818 g -1
787 158.52573 54.95000 56057.17997 21.65000 299 0.01343 1.10157 g -1
862 204.00000 76.55000 56057.18356 21.65000 299 0.01197 1.40978 g -1
752 157.25108 47.75000 56057.18715 21.65000 299 0.01013 1.07532 g -1
669 164.76350 33.35000 56057.19074 21.65000 299 0.00812 1.02519 g -1
759 224.27392 47.75000 56057.19433 21.65000 299 0.00763 1.22187 g -1
819 180.00000 62.15000 56057.19791 21.65000 299 0.00758 1.14087 g -1
874 220.00000 83.75000 56057.20150 21.65000 299 0.00743 1.61040 g -1
720 226.71726 40.55000 56057.20509 21.65000 299 0.00726 1.20053 g -1
793 224.50609 54.95000 56057.20868 21.65000 299 0.00649 1.20685 g -1
677 227.58979 33.35000 56057.21227 21.65000 299 0.00587 1.19262 g -1
719 218.10044 40.55000 56057.21585 21.65000 299 0.00584 1.09563 g -1
873 180.00000 83.75000 56057.21944 21.65000 299 0.00581 1.57010 g -1
758 214.49923 47.75000 56057.22303 21.65000 299 0.00578 1.08109 g -1
860 156.00000 76.55000 56057.22662 21.65000 299 0.00558 1.44766 g -1
792 213.41224 54.95000 56057.23021 21.65000 299 0.00532 1.10649 g -1
676 219.73650 33.35000 56057.23379 21.65000 299 0.00532 1.06507 g -1
754 176.10046 47.75000 56057.23738 21.65000 299 0.00522 1.07247 g -1
865 276.00000 76.55000 56057.24097 21.65000 299 0.00519 1.73435 g -1
844 197.14286 69.35000 56057.24456 21.65000 299 0.00515 1.23534 g -1
822 220.00000 62.15000 56057.24815 21.65000 299 0.00491 1.16944 g -1
760 234.04862 47.75000 56057.25173 21.65000 299 0.00489 1.13169 g -1
757 204.72454 47.75000 56057.25532 21.65000 299 0.00462 1.03229 g -1
817 153.33333 62.15000 56057.25891 21.65000 299 0.00456 1.36861 g -1
875 260.00000 83.75000 56057.26250 21.65000 299 0.00450 1.66446 g -1
791 202.40112 54.95000 56057.26609 21.65000 299 0.00445 1.07700 g -1
718 209.48363 40.55000 56057.26967 21.65000 299 0.00443 1.00789 g -1
630 225.91771 26.15000 56057.27326 21.65000 299 0.00437 1.03883 g -1
721 235.33407 40.55000 56057.27685 21.65000 299 0.00423 1.06782 g -1
668 156.91021 33.35000 56057.28044 21.65000 299 0.00421 1.43366 g -1
820 193.33333 62.15000 56057.28403 21.65000 299 0.00416 1.17314 g -1
821 206.66667 62.15000 56057.28761 21.65000 299 0.00396 1.14587 g -1
863 228.00000 76.55000 56057.29120 21.65000 299 0.00389 1.37803 g -1
794 235.60357 54.95000 56057.29479 21.65000 299 0.00380 1.10288 g -1
866 300.00000 76.55000 56057.29838 21.65000 299 0.00375 1.76813 g -1
845 214.28571 69.35000 56057.30197 21.65000 299 0.00351 1.23754 g -1
629 218.43600 26.15000 56057.30555 21.65000 299 0.00350 1.00917 g -1
675 211.88321 33.35000 56057.30914 21.65000 299 0.00347 1.01276 g -1
678 235.44307 33.35000 56057.31273 21.65000 299 0.00346 1.01384 g -1
789 180.37888 54.95000 56057.31632 21.65000 299 0.00341 1.26633 g -1
823 233.33333 62.15000 56057.31991 21.65000 299 0.00324 1.14399 g -1
714 175.01637 40.55000 56057.32349 21.65000 299 0.00322 1.35134 g -1
790 191.39000 54.95000 56057.32708 21.65000 299 0.00320 1.20615 g -1
864 252.00000 76.55000 56057.33067 21.65000 299 0.00308 1.39637 g -1
631 233.39943 26.15000 56057.33426 21.65000 299 0.00287 1.00833 g -1
581 223.50463 18.95000 56057.33785 21.65000 299 0.00282 1.04472 g -1
761 243.82331 47.75000 56057.34143 21.65000 299 0.00249 1.04026 g -1
756 194.94985 47.75000 56057.34502 21.65000 299 0.00231 1.20139 g -1
722 243.95089 40.55000 56057.34861 21.65000 299 0.00228 1.01255 g -1
846 231.42857 69.35000 56057.35220 21.65000 299 0.00223 1.23866 g -1
876 300.00000 83.75000 56057.35578 21.65000 299 0.00223 1.68907 g -1
717 200.86681 40.55000 56057.35937 21.65000 299 0.00219 1.18580 g -1
582 230.77318 18.95000 56057.36296 21.65000 299 0.00216 1.04967 g -1
679 243.29636 33.35000 56057.36655 21.65000 299 0.00207 1.00001 g -1
628 210.95429 26.15000 56057.37014 21.65000 299 0.00202 1.15623 g -1
795 246.70105 54.95000 56057.37372 21.65000 299 0.00200 1.07529 g -1
580 216.23608 18.95000 56057.37731 21.65000 299 0.00198 1.17043 g -1
632 240.88114 26.15000 56057.38090 21.65000 299 0.00185 1.01516 g -1
674 204.02993 33.35000 56057.38449 21.65000 299 0.00175 1.27023 g -1
824 246.66667 62.15000 56057.38808 21.65000 299 0.00174 1.14248 g -1
762 253.59800 47.75000 56057.39166 21.65000 299 0.00165 1.03239 g -1
723 252.56770 40.55000 56057.39525 21.65000 299 0.00161 1.00806 g -1
755 185.52515 47.75000 56057.39884 21.65000 299 0.00159 1.66010 g -1
583 238.04173 18.95000 56057.40243 21.65000 299 0.00156 1.07766 g -1
530 222.10044 11.75000 56057.40602 21.65000 299 0.00152 1.28832 g -1
1871 172.43831 72.95000 56057.40960 21.65000 299 0.00151 1.85096 g -1
680 251.14964 33.35000 56057.41319 21.65000 299 0.00149 1.00909 g -1
633 248.36286 26.15000 56057.41678 21.65000 299 0.00142 1.02883 g -1
796 257.79854 54.95000 56057.42037 21.65000 299 0.00138 1.07765 g -1
531 229.07556 11.75000 56057.42396 21.65000 299 0.00130 1.28145 g -1
584 245.31027 18.95000 56057.42754 21.65000 299 0.00129 1.08723 g -1
847 248.57143 69.35000 56057.43113 21.65000 299 0.00128 1.25898 g -1
825 260.00000 62.15000 56057.43472 21.65000 299 0.00120 1.14617 g -1
529 215.12533 11.75000 56057.43831 21.65000 299 0.00115 1.69757 g -1
579 208.96753 18.95000 56057.44190 21.65000 299 0.00107 1.81046 g -1
532 236.05067 11.75000 56057.44548 21.65000 299 0.00104 1.29233 g -1
850 300.00000 69.35000 56057.44907 21.65000 299 0.00097 1.28583 g -1
533 243.02578 11.75000 56057.45266 21.65000 299 0.00093 1.23671 g -1
848 265.71429 69.35000 56057.45625 21.65000 299 0.00093 1.24318 g -1
849 282.85714 69.35000 56057.45984 21.65000 299 0.00084 1.23825 g -1
479 226.45889 4.55000 56057.46342 21.65000 299 0.00075 1.79912 g -1
763 263.37269 47.75000 56057.46701 21.65000 299 0.00074 1.05746 g -1
480 233.30067 4.55000 56057.47060 21.65000 299 0.00068 1.65807 g -1
1872 192.43831 72.95000 56057.47419 21.65000 299 0.00068 1.90210 g -1
826 273.33333 62.15000 56057.47778 21.65000 299 0.00066 1.14955 g -1
481 240.14244 4.55000 56057.48136 21.65000 299 0.00062 1.57676 g -1
797 268.89602 54.95000 56057.48495 21.65000 299 0.00058 1.10154 g -1
724 261.18452 40.55000 56057.48854 21.65000 299 0.00056 1.07993 g -1
1888 201.31878 80.15000 56057.49213 21.65000 299 0.00049 1.82618 g -1
