0.0000000000 1.5067900770e-02 47.8397377770
0.0035879630 2.7238392675e-02 95.9417548182
0.0071759259 3.8962301853e-02 144.2011394178
0.0107638889 4.7929800551e-02 191.2540394025
0.0143518519 5.6692546661e-02 238.5692186513
0.0179398148 6.4116188420e-02 286.0417654585
0.0215277778 7.0147592402e-02 333.0946654432
0.0251157408 7.5356765255e-02 380.4098446920
0.0287037037 8.0590072108e-02 428.0397590577
0.0322916667 8.5165487719e-02 475.2500266008
0.0358796296 8.9143010512e-02 523.0373085250
0.0394675926 9.3538179872e-02 570.3000319210
0.0430555556 9.7423386322e-02 617.7201228754
0.0466435185 1.0107279510e-01 664.6681111544
0.0502314815 1.0435739820e-01 710.9866291995
0.0538194445 1.0793419534e-01 757.7772499200
0.0574074074 1.1145720229e-01 804.8301499047
0.0609953704 1.1493897511e-01 852.1453291535
0.0645833334 1.1770530027e-01 899.3031408438
0.0681712963 1.2039855392e-01 945.9363940058
0.0717592593 1.2219607055e-01 984.7012692440
0.0753472223 1.2385300389e-01 1030.5476846137
0.0789351852 1.2545604527e-01 1074.2434100175
0.0825231482 1.2701578775e-01 1101.2581742227
0.0861111112 1.2824788283e-01 1144.3244293926
0.0896990741 1.2951106017e-01 1190.8527708490
0.0932870371 1.3104769418e-01 1200.3997360633
0.0968750001 1.3237779902e-01 1227.5194119742
0.1004629630 1.3353300994e-01 1270.6381229969
0.1040509260 1.3455865283e-01 1315.7501564270
0.1076388889 1.3568674684e-01 1357.2951918649
0.1112268519 1.3647196778e-01 1398.7353155972
0.1148148149 1.3765412253e-01 1425.5402563912
0.1184027778 1.3853006065e-01 1430.1563714398
0.1219907408 1.3920920720e-01 1473.6947292852
0.1255787038 1.3944214113e-01 1509.5220767651
0.1291666667 1.4001103766e-01 1555.1586687235
0.1327546297 1.4066605385e-01 1563.3417817643
0.1363425927 1.4120286147e-01 1609.0308295755
0.1399305556 1.4198335655e-01 1617.2663984691
0.1435185186 1.4246009392e-01 1626.0789817438
0.1471064816 1.4289807753e-01 1671.8204854078
0.1506944445 1.4310644699e-01 1709.1165967669
0.1542824075 1.4357484365e-01 1717.5095332190
0.1578703705 1.4416420056e-01 1724.1714265279
0.1614583334 1.4436254345e-01 1767.1852258449
0.1650462964 1.4474806262e-01 1771.4866057766
0.1686342594 1.4490195551e-01 1812.0874358637
0.1722222223 1.4518068277e-01 1857.1470134410
0.1758101853 1.4543540377e-01 1884.0568659406
0.1793981482 1.4579686267e-01 1890.4564799853
0.1829861112 1.4602946258e-01 1892.3973465399
0.1865740742 1.4620182409e-01 1933.2080000383
0.1901620371 1.4644130825e-01 1981.2575612266
0.1937500001 1.4656904392e-01 2020.3371715818
0.1973379631 1.4668341680e-01 2063.4558826045
0.2009259260 1.4686461695e-01 2090.4706468097
0.2045138890 1.4704524367e-01 2092.8311601869
0.2081018520 1.4721875083e-01 2131.7009471307
0.2116898149 1.4738218416e-01 2134.0090046550
0.2152777779 1.4756235689e-01 2135.8449595039
0.2188657409 1.4786727763e-01 2174.7147464478
0.2224537038 1.4802020246e-01 2176.7605247080
0.2260416668 1.4817405850e-01 2178.8063029682
0.8950507034 1.4843434872e-01 2225.2821885718
0.9237544071 1.4889620958e-01 2232.6784638202
0.9273423700 1.4923509334e-01 2240.1271949214
0.9309303330 1.5054700720e-01 2286.4457129665
0.9345182960 1.5064246454e-01 2329.6693356949
0.9703979256 1.5085446214e-01 2370.7422684574
0.9710923701 1.5085446214e-01 2370.7422684574
0.9746803330 1.5085446214e-01 2370.7422684574
0.9782682960 1.5085446214e-01 2370.7422684574
0.9818562590 1.5085446214e-01 2370.7422684574
0.9854442219 1.5085446214e-01 2370.7422684574
0.9890321849 1.5085446214e-01 2370.7422684574
0.9926201479 1.5085446214e-01 2370.7422684574
0.9962081108 1.5085446214e-01 2370.7422684574
0.9997960738 1.5085446214e-01 2370.7422684574
