0.0000000000 2.2877435377e-03 47.0004441318
0.0035879630 4.5476438506e-03 94.0533441165
0.0071759259 7.0516342859e-03 140.8964206898
0.0107638889 9.1626263088e-03 188.0542323801
0.0143518519 1.1524753204e-02 234.2678387196
0.0179398148 1.3594163625e-02 281.3207387042
0.0215277778 1.5641606811e-02 328.6359179530
0.0251157408 1.7579340937e-02 375.6888179376
0.0287037037 1.9432886830e-02 422.7417179223
0.0322916667 2.1495015673e-02 469.7946179070
0.0358796296 2.3282041622e-02 517.4245322727
0.0394675926 2.5061148088e-02 564.7397115215
0.0430555556 2.6828535433e-02 611.3205088307
0.0466435185 2.8532087942e-02 658.3734088153
0.7162471421 3.1796021987e-02 705.2689412415
0.7198351050 3.5127055292e-02 753.0562231657
0.7234230680 3.8304520030e-02 798.7977268297
0.7270110310 4.1463481532e-02 846.5325529011
0.7305989939 4.4643085873e-02 894.1624672668
0.7341869569 4.7797998721e-02 940.0088826365
0.7377749199 5.0905874094e-02 985.5930187420
0.7413628828 5.4003993100e-02 1033.0655655493
0.7449508458 5.7093146477e-02 1078.7021575077
0.7485388088 6.0151772195e-02 1124.3387494660
0.7521267717 6.3344418723e-02 1171.7063845676
0.7557147347 6.6366636352e-02 1216.7659621449
0.7593026977 6.9378138698e-02 1262.4025541032
0.7628906606 7.2382066655e-02 1309.7177333520
0.7664786236 7.5352667819e-02 1355.6166045745
0.7700665865 7.8281751107e-02 1402.9317838233
0.7736545495 8.1226697232e-02 1447.9913614006
0.7772425125 8.4137554444e-02 1493.6804092117
0.7808304754 8.7046625298e-02 1538.8973543475
0.7844184384 8.9939782865e-02 1585.9502543322
0.7880064014 9.2799261809e-02 1631.6393021433
0.7915943643 9.5643513870e-02 1677.8529084828
0.7951823273 9.8617142601e-02 1725.1680877316
0.7987702903 1.0143052752e-01 1770.4374887201
0.8023582532 1.0424309340e-01 1816.2839040898
0.8059462162 1.0704832804e-01 1863.3892599273
0.8095341792 1.0985035792e-01 1910.3897040591
0.8131221421 1.1263715881e-01 1957.7048833079
0.8167101051 1.1540216327e-01 2002.8693725908
0.8202980681 1.1816311726e-01 2048.1387735794
0.8238860310 1.2088056550e-01 2093.7753655377
0.8274739940 1.2354051500e-01 2138.9923106735
0.8310619570 1.2620061784e-01 2184.7338143375
0.8346499199 1.2882859947e-01 2231.8391701750
0.8382378829 1.3139374166e-01 2277.0036594579
0.8418258458 1.3394266043e-01 2324.0565594425
0.8454138088 1.3646975805e-01 2371.8438413668
0.8490017718 1.3896900328e-01 2416.9034189440
0.8525897347 1.4163459805e-01 2464.5333333098
0.8561776977 1.4408324046e-01 2508.0716911551
0.8597656607 1.4652030164e-01 2553.9181065248
0.8633536236 1.4894003770e-01 2600.9710065094
0.8669415866 1.5129927304e-01 2644.8240994717
0.8705295496 1.5365578700e-01 2690.5131472829
0.8741175125 1.5598835462e-01 2736.8316653280
0.8777054755 1.5828798159e-01 2782.0486104637
0.8812934385 1.6049482554e-01 2829.1015104484
0.8848814014 1.6269125330e-01 2874.2135438785
0.8884693644 1.6486074676e-01 2921.4762672744
0.8920573274 1.6701190621e-01 2965.3293602367
0.8956452903 1.6912049984e-01 3011.0184080479
0.8992332533 1.7142483233e-01 3058.4909548551
0.9028212163 1.7348183521e-01 3105.4389431341
0.9064091792 1.7551363809e-01 3151.0230792397
0.9099971422 1.7750418001e-01 3193.9844227039
0.9135851051 1.7947970335e-01 3239.0964561340
0.9171730681 1.8135263437e-01 3284.2609454169
0.9207610311 1.8320772102e-01 3327.6943915566
0.9243489940 1.8504165215e-01 3375.0620266582
0.9279369570 1.8683540013e-01 3420.9084420279
0.9315249200 1.8862539563e-01 3464.0271530506
0.9351128829 1.9035735288e-01 3511.1849647409
0.9387008459 1.9208088043e-01 3556.9789242578
0.9422888089 1.9371813796e-01 3602.1958693935
0.9458767718 1.9535197952e-01 3649.2487693782
0.9494647348 1.9697261978e-01 3697.2983305665
0.9530526978 1.9876385167e-01 3744.5610539624
0.9566406607 2.0032975933e-01 3788.8337937473
0.9602286237 2.0188031055e-01 3833.9982830303
0.9638165867 2.0341036379e-01 3881.7331091016
0.9674045496 2.0492883806e-01 3929.5203910259
0.9709925126 2.0643829833e-01 3972.5866461958
0.9745804756 2.0793406393e-01 4018.3806057126
0.9781684385 2.0953565111e-01 4065.5908732557
0.9817564015 2.1098494705e-01 4112.2241264178
0.9853443644 2.1243345459e-01 4159.3294822552
0.9889323274 2.1386253012e-01 4207.2216758851
0.9925202904 2.1528998416e-01 4252.8582678435
0.9961082533 2.1670887478e-01 4299.9111678281
0.9996962163 2.1807269102e-01 4341.3512915604
