848 265.71429 69.35000 56152.14937 21.65000 299 0.29581 1.23915 g -1
847 248.57143 69.35000 56152.15296 21.65000 299 0.14962 1.24496 g -1
827 286.66667 62.15000 56152.15654 21.65000 299 0.11632 1.19196 g -1
849 282.85714 69.35000 56152.16013 21.65000 299 0.07976 1.26423 g -1
846 231.42857 69.35000 56152.16372 21.65000 299 0.05031 1.31078 g -1
863 228.00000 76.55000 56152.16731 21.65000 299 0.04576 1.45049 g -1
826 273.33333 62.15000 56152.17090 21.65000 299 0.04216 1.14468 g -1
864 252.00000 76.55000 56152.17448 21.65000 299 0.04142 1.38574 g -1
799 291.09099 54.95000 56152.17807 21.65000 299 0.01936 1.11734 g -1
1857 278.87953 65.75000 56152.18166 21.65000 299 0.01767 1.18962 g -1
1875 252.48468 72.95000 56152.18525 21.65000 299 0.01516 1.32131 g -1
1874 232.43831 72.95000 56152.18884 21.65000 299 0.00380 1.40533 g -1
848 265.71429 69.35000 56152.18953 21.65000 299 0.29581 1.24004 r -1
847 248.57143 69.35000 56152.19312 21.65000 299 0.14962 1.28341 r -1
827 286.66667 62.15000 56152.19671 21.65000 299 0.11632 1.15031 r -1
849 282.85714 69.35000 56152.20029 21.65000 299 0.07976 1.23842 r -1
846 231.42857 69.35000 56152.20388 21.65000 299 0.05031 1.39829 r -1
863 228.00000 76.55000 56152.20747 21.65000 299 0.04576 1.52709 r -1
826 273.33333 62.15000 56152.21106 21.65000 299 0.04216 1.14590 r -1
864 252.00000 76.55000 56152.21465 21.65000 299 0.04142 1.42409 r -1
799 291.09099 54.95000 56152.21823 21.65000 299 0.01936 1.08037 r -1
1857 278.87953 65.75000 56152.22182 21.65000 299 0.01767 1.18728 r -1
1875 252.48468 72.95000 56152.22541 21.65000 299 0.01516 1.37162 r -1
1874 232.43831 72.95000 56152.22900 21.65000 299 0.00380 1.50247 r -1
