764 273.14738 47.75000 55877.14298 21.65000 299 0.00281 1.73091 g -1
798 279.99351 54.95000 55877.14656 21.65000 299 0.00218 1.56420 g -1
765 282.92208 47.75000 55877.15015 21.65000 299 0.00127 1.55439 g -1
797 268.89602 54.95000 55877.15374 21.65000 299 0.00118 1.88823 g -1
799 291.09099 54.95000 55877.15733 21.65000 299 0.00106 1.44265 g -1
827 286.66667 62.15000 55877.16092 21.65000 299 0.00081 1.54054 g -1
730 312.82187 40.55000 55877.16450 21.65000 299 0.00070 1.18900 g -1
828 300.00000 62.15000 55877.16809 21.65000 299 0.00070 1.40383 g -1
826 273.33333 62.15000 55877.17168 21.65000 299 0.00059 1.86267 g -1
686 298.26936 33.35000 55877.17527 21.65000 299 0.00055 1.50637 g -1
729 304.26859 40.55000 55877.17886 21.65000 299 0.00053 1.37053 g -1
769 322.06455 47.75000 55877.18244 21.65000 299 0.00049 1.17393 g -1
731 321.31160 40.55000 55877.18603 21.65000 299 0.00047 1.18174 g -1
849 282.85714 69.35000 55877.18962 21.65000 299 0.00045 1.76047 g -1
770 332.10164 47.75000 55877.19321 21.65000 299 0.00044 1.12867 g -1
851 317.14286 69.35000 55877.19680 21.65000 299 0.00043 1.40422 g -1
687 306.08789 33.35000 55877.20038 21.65000 299 0.00041 1.53646 g -1
850 300.00000 69.35000 55877.20397 21.65000 299 0.00039 1.59508 g -1
768 312.24615 47.75000 55877.20756 21.65000 299 0.00037 1.39462 g -1
866 300.00000 76.55000 55877.21115 21.65000 299 0.00036 1.66566 g -1
867 324.00000 76.55000 55877.21474 21.65000 299 0.00036 1.50213 g -1
852 334.28571 69.35000 55877.21832 21.65000 299 0.00023 1.34227 g -1
405 64.96635 -2.65000 55877.22191 21.65000 299 0.00031 2.00482 g -1
771 342.13873 47.75000 55877.22550 21.65000 299 0.00023 1.13947 g -1
829 313.33333 62.15000 55877.22909 21.65000 299 0.00023 1.51077 g -1
353 61.59430 -9.85000 55877.23268 21.65000 299 0.00027 2.00035 g -1
800 302.18847 54.95000 55877.23626 21.65000 299 0.00020 1.79013 g -1
854 12.00000 76.55000 55877.23985 21.65000 299 0.00019 1.37703 g -1
404 57.93750 -2.65000 55877.24344 21.65000 299 0.00018 1.54471 g -1
876 300.00000 83.75000 55877.24703 21.65000 299 0.00017 1.79576 g -1
354 68.64348 -9.85000 55877.25061 21.65000 299 0.00052 2.02387 g -1
732 329.74300 40.55000 55877.25420 21.65000 299 0.00016 1.40007 g -1
803 335.18412 54.95000 55877.25779 21.65000 299 0.00016 1.33781 g -1
406 71.99519 -2.65000 55877.26138 21.65000 299 0.00016 1.73561 g -1
833 8.57143 69.35000 55877.26497 21.65000 299 0.00015 1.26707 g -1
303 65.36446 -17.05000 55877.26855 21.65000 299 0.00036 2.01572 g -1
459 89.36968 4.55000 55877.27214 21.65000 299 0.00030 2.03059 g -1
355 75.69267 -9.85000 55877.27573 21.65000 299 0.00024 1.94579 g -1
408 86.05288 -2.65000 55877.27932 21.65000 299 0.00023 2.02248 g -1
512 92.56888 11.75000 55877.28291 21.65000 299 0.00020 1.78289 g -1
304 72.44639 -17.05000 55877.28649 21.65000 299 0.00071 2.03594 g -1
460 96.38056 4.55000 55877.29008 21.65000 299 0.00035 2.05832 g -1
511 85.58463 11.75000 55877.29367 21.65000 299 0.00015 1.46673 g -1
409 93.08173 -2.65000 55877.29726 21.65000 299 0.00046 2.04900 g -1
513 99.62356 11.75000 55877.30085 21.65000 299 0.00015 1.80537 g -1
458 82.35880 4.55000 55877.30443 21.65000 299 0.00015 1.44218 g -1
357 89.79104 -9.85000 55877.30802 21.65000 299 0.00029 2.04261 g -1
305 79.52832 -17.05000 55877.31161 21.65000 299 0.00029 1.97375 g -1
461 103.30689 4.55000 55877.31520 21.65000 299 0.00022 1.95387 g -1
410 100.11058 -2.65000 55877.31879 21.65000 299 0.00051 2.01433 g -1
254 67.69804 -24.25000 55877.32237 21.65000 299 0.00027 1.99720 g -1
853 351.42857 69.35000 55877.32596 21.65000 299 0.00015 1.51176 g -1
358 96.84022 -9.85000 55877.32955 21.65000 299 0.00059 2.01311 g -1
736 2.21291 47.75000 55877.33314 21.65000 299 0.00013 1.32569 g -1
411 107.17000 -2.65000 55877.33673 21.65000 299 0.00030 2.04201 g -1
255 75.09111 -24.25000 55877.34031 21.65000 299 0.00076 2.01279 g -1
772 352.17582 47.75000 55877.34390 21.65000 299 0.00013 1.56748 g -1
359 103.88941 -9.85000 55877.34749 21.65000 299 0.00063 2.03709 g -1
307 93.69218 -17.05000 55877.35108 21.65000 299 0.00033 1.97205 g -1
868 348.00000 76.55000 55877.35467 21.65000 299 0.00011 1.69857 g -1
804 345.77437 54.95000 55877.35825 21.65000 299 0.00011 1.79998 g -1
256 82.48418 -24.25000 55877.36184 21.65000 299 0.00033 2.00689 g -1
308 100.77411 -17.05000 55877.36543 21.65000 299 0.00069 2.03203 g -1
360 110.94883 -9.85000 55877.36902 21.65000 299 0.00040 2.00822 g -1
562 88.37309 18.95000 55877.37261 21.65000 299 0.00010 1.08663 g -1
356 82.74185 -9.85000 55877.37619 21.65000 299 0.00009 1.41373 g -1
306 86.61025 -17.05000 55877.37978 21.65000 299 0.00009 1.64617 g -1
563 95.57843 18.95000 55877.38337 21.65000 299 0.00009 1.10712 g -1
309 107.85604 -17.05000 55877.38696 21.65000 299 0.00072 2.01009 g -1
737 12.25000 47.75000 55877.39055 21.65000 299 0.00009 1.49991 g -1
742 62.43545 47.75000 55877.39413 21.65000 299 0.00008 1.04942 g -1
805 356.36462 54.95000 55877.39772 21.65000 299 0.00008 1.90218 g -1
258 97.27032 -24.25000 55877.40131 21.65000 299 0.00019 2.01700 g -1
310 114.91235 -17.05000 55877.40490 21.65000 299 0.00027 2.02927 g -1
834 25.71429 69.35000 55877.40849 21.65000 299 0.00008 1.46741 g -1
407 79.02404 -2.65000 55877.41207 21.65000 299 0.00008 1.23832 g -1
877 340.00000 83.75000 55877.41566 21.65000 299 0.00008 1.90515 g -1
855 36.00000 76.55000 55877.41925 21.65000 299 0.00008 1.51045 g -1
259 104.66339 -24.25000 55877.42284 21.65000 299 0.00017 2.01104 g -1
695 11.90000 40.40000 55877.42643 21.65000 299 0.00008 1.94924 g -1
257 89.87725 -24.25000 55877.43001 21.65000 299 0.00007 1.86679 g -1
454 54.31528 4.55000 55877.43360 21.65000 299 0.00012 1.39287 g -1
361 118.01850 -9.85000 55877.43719 21.65000 299 0.00007 1.55640 g -1
743 72.25385 47.75000 55877.44078 21.65000 299 0.00007 1.07200 g -1
696 20.38973 40.55000 55877.44436 21.65000 299 0.00007 1.86796 g -1
457 75.34792 4.55000 55877.44795 21.65000 299 0.00006 1.21115 g -1
744 81.85354 47.75000 55877.45154 21.65000 299 0.00006 1.05276 g -1
807 20.00000 62.15000 55877.45513 21.65000 299 0.00006 1.76239 g -1
778 60.11656 54.95000 55877.45872 21.65000 299 0.00006 1.21646 g -1
741 52.39836 47.75000 55877.46230 21.65000 299 0.00006 1.27966 g -1
738 22.28709 47.75000 55877.46589 21.65000 299 0.00005 1.96649 g -1
745 91.27823 47.75000 55877.46948 21.65000 299 0.00005 1.04536 g -1
835 42.85714 69.35000 55877.47307 21.65000 299 0.00005 1.52727 g -1
777 49.31587 54.95000 55877.47666 21.65000 299 0.00005 1.39791 g -1
808 33.33333 62.15000 55877.48024 21.65000 299 0.00005 1.67871 g -1
704 88.84822 40.55000 55877.48383 21.65000 299 0.00005 1.04634 g -1
703 80.23141 40.55000 55877.48742 21.65000 299 0.00005 1.09855 g -1
869 20.00000 83.75000 55877.49101 21.65000 299 0.00005 1.83325 g -1
612 91.24686 26.15000 55877.49460 21.65000 299 0.00005 1.06133 g -1
780 82.05244 54.95000 55877.49818 21.65000 299 0.00005 1.16366 g -1
462 110.14867 4.55000 55877.50177 21.65000 299 0.00005 1.14519 g -1
412 114.26000 -2.65000 55877.50536 21.65000 299 0.00005 1.23731 g -1
809 46.66667 62.15000 55877.50895 21.65000 299 0.00004 1.62582 g -1
856 60.00000 76.55000 55877.51254 21.65000 299 0.00004 1.57211 g -1
779 71.12768 54.95000 55877.51612 21.65000 299 0.00004 1.30588 g -1
781 92.97719 54.95000 55877.51971 21.65000 299 0.00004 1.14604 g -1
1404 105.50400 -6.25000 55877.52330 21.65000 299 0.00004 1.36373 g -1
700 54.52367 40.55000 55877.52689 21.65000 299 0.00004 1.72079 g -1
514 106.74867 11.75000 55877.53048 21.65000 299 0.00004 1.12689 g -1
1403 98.58206 -6.25000 55877.53406 21.65000 299 0.00004 1.48509 g -1
812 86.66667 62.15000 55877.53765 21.65000 299 0.00004 1.28129 g -1
1351 102.43379 -13.45000 55877.54124 21.65000 299 0.00004 1.67343 g -1
659 86.23064 33.35000 55877.54483 21.65000 299 0.00004 1.24551 g -1
836 60.00000 69.35000 55877.54842 21.65000 299 0.00004 1.64562 g -1
564 102.73929 18.95000 55877.55200 21.65000 299 0.00003 1.16165 g -1
725 269.80133 40.55000 55878.07247 21.65000 299 0.00184 1.32377 g -1
763 263.37269 47.75000 55878.07606 21.65000 299 0.00075 1.43471 g -1
589 281.65302 18.95000 55878.07965 21.65000 299 0.00073 1.30390 g -1
726 278.41815 40.55000 55878.08324 21.65000 299 0.00061 1.25808 g -1
539 284.87644 11.75000 55878.08682 21.65000 299 0.00046 1.37523 g -1
590 288.92157 18.95000 55878.09041 21.65000 299 0.00045 1.25459 g -1
639 293.25314 26.15000 55878.09400 21.65000 299 0.00039 1.17212 g -1
683 274.70950 33.35000 55878.09759 21.65000 299 0.00038 1.42983 g -1
825 260.00000 62.15000 55878.10118 21.65000 299 0.00034 1.63779 g -1
848 265.71429 69.35000 55878.10476 21.65000 299 0.00033 1.58877 g -1
638 285.77143 26.15000 55878.10835 21.65000 299 0.00032 1.34603 g -1
865 276.00000 76.55000 55878.11194 21.65000 299 0.00021 1.57866 g -1
685 290.41607 33.35000 55878.11553 21.65000 299 0.00021 1.27171 g -1
728 295.65178 40.55000 55878.11912 21.65000 299 0.00020 1.20770 g -1
766 292.69677 47.75000 55878.12270 21.65000 299 0.00019 1.25919 g -1
640 300.75680 26.15000 55878.12629 21.65000 299 0.00017 1.21935 g -1
796 257.79854 54.95000 55878.12988 21.65000 299 0.00016 1.99692 g -1
688 313.87167 33.35000 55878.13347 21.65000 299 0.00015 1.09642 g -1
802 324.38344 54.95000 55878.13706 21.65000 299 0.00015 1.11006 g -1
767 302.47146 47.75000 55878.14064 21.65000 299 0.00013 1.22407 g -1
