658 78.41211 33.35000 55901.28519 21.65000 299 0.39652 1.03576 g -1
781 92.97719 54.95000 55901.28877 21.65000 299 0.24055 1.16350 g -1
610 76.21760 26.15000 55901.29236 21.65000 299 0.14451 1.02879 g -1
659 86.23064 33.35000 55901.29595 21.65000 299 0.07137 1.05370 g -1
704 88.84822 40.55000 55901.29954 21.65000 299 0.04222 1.06377 g -1
703 80.23141 40.55000 55901.30313 21.65000 299 0.02684 1.02598 g -1
745 91.27823 47.75000 55901.30671 21.65000 299 0.02476 1.08331 g -1
1655 77.35732 29.75000 55901.31030 21.65000 299 0.01973 1.00906 g -1
611 83.74320 26.15000 55901.31389 21.65000 299 0.00886 1.02804 g -1
658 78.41211 33.35000 55901.31458 21.65000 299 0.39652 1.00599 r -1
781 92.97719 54.95000 55901.31817 21.65000 299 0.24055 1.11291 r -1
610 76.21760 26.15000 55901.32176 21.65000 299 0.14451 1.00877 r -1
659 86.23064 33.35000 55901.32535 21.65000 299 0.07137 1.01401 r -1
704 88.84822 40.55000 55901.32894 21.65000 299 0.04222 1.02411 r -1
703 80.23141 40.55000 55901.33252 21.65000 299 0.02684 1.00875 r -1
745 91.27823 47.75000 55901.33611 21.65000 299 0.02476 1.04705 r -1
1655 77.35732 29.75000 55901.33970 21.65000 299 0.01973 1.00274 r -1
611 83.74320 26.15000 55901.34329 21.65000 299 0.00886 1.00864 r -1
