340 326.21746 -17.05000 55865.19593 21.65000 299 0.01016 1.80308 g -1
390 322.90570 -9.85000 55865.19952 21.65000 299 0.00743 1.63485 g -1
341 333.29939 -17.05000 55865.20311 21.65000 299 0.00670 1.72324 g -1
389 315.85652 -9.85000 55865.20670 21.65000 299 0.00532 1.88470 g -1
391 329.95489 -9.85000 55865.21028 21.65000 299 0.00410 1.57710 g -1
441 319.53365 -2.65000 55865.21387 21.65000 299 0.00408 1.61809 g -1
440 312.50481 -2.65000 55865.21746 21.65000 299 0.00268 1.87204 g -1
442 326.56250 -2.65000 55865.22105 21.65000 299 0.00227 1.52138 g -1
492 316.16296 4.55000 55865.22464 21.65000 299 0.00169 1.63030 g -1
342 340.38132 -17.05000 55865.22822 21.65000 299 0.00162 1.75576 g -1
493 323.17384 4.55000 55865.23181 21.65000 299 0.00117 1.51843 g -1
858 108.00000 76.55000 55865.23540 21.65000 299 0.00228 2.01476 g -1
838 94.28571 69.35000 55865.23899 21.65000 299 0.00101 1.87386 g -1
781 92.97719 54.95000 55865.24258 21.65000 299 0.00087 1.98518 g -1
392 337.00407 -9.85000 55865.24616 21.65000 299 0.00074 1.69299 g -1
813 100.00000 62.15000 55865.24975 21.65000 299 0.00323 2.00232 g -1
745 91.27823 47.75000 55865.25334 21.65000 299 0.00065 1.90838 g -1
871 100.00000 83.75000 55865.25693 21.65000 299 0.00059 1.80833 g -1
704 88.84822 40.55000 55865.26052 21.65000 299 0.00055 1.83928 g -1
839 111.42857 69.35000 55865.26769 21.65000 299 0.00696 2.00480 g -1
782 103.90195 54.95000 55865.27128 21.65000 299 0.01159 2.00391 g -1
746 100.70292 47.75000 55865.27487 21.65000 299 0.01070 1.96820 g -1
705 97.46504 40.55000 55865.27846 21.65000 299 0.00854 1.91990 g -1
660 94.08393 33.35000 55865.28204 21.65000 299 0.00385 1.86410 g -1
814 113.33333 62.15000 55865.28563 21.65000 299 0.01853 2.01273 g -1
612 91.24686 26.15000 55865.28922 21.65000 299 0.00206 1.78635 g -1
661 101.93721 33.35000 55865.29281 21.65000 299 0.02371 2.03926 g -1
747 110.12762 47.75000 55865.29639 21.65000 299 0.04518 2.03218 g -1
706 106.08185 40.55000 55865.29998 21.65000 299 0.04264 1.95400 g -1
783 114.82671 54.95000 55865.30357 21.65000 299 0.03729 1.97966 g -1
613 98.72857 26.15000 55865.30716 21.65000 299 0.01422 1.82552 g -1
563 95.57843 18.95000 55865.31075 21.65000 299 0.00682 1.80020 g -1
662 109.79050 33.35000 55865.31433 21.65000 299 0.03253 2.04337 g -1
707 114.69867 40.55000 55865.31792 21.65000 299 0.05105 2.04645 g -1
748 119.55231 47.75000 55865.32151 21.65000 299 0.04549 2.04657 g -1
614 106.21029 26.15000 55865.32510 21.65000 299 0.02613 1.86675 g -1
784 125.75146 54.95000 55865.32869 21.65000 299 0.03206 2.04213 g -1
815 126.66667 62.15000 55865.33227 21.65000 299 0.02306 1.92028 g -1
663 117.64379 33.35000 55865.33586 21.65000 299 0.02361 2.04744 g -1
615 113.69200 26.15000 55865.33945 21.65000 299 0.01930 1.96958 g -1
708 123.31548 40.55000 55865.34304 21.65000 299 0.02888 2.02621 g -1
565 109.79245 18.95000 55865.34663 21.65000 299 0.01631 1.85175 g -1
749 128.97700 47.75000 55865.35021 21.65000 299 0.02362 2.00908 g -1
564 102.73929 18.95000 55865.35380 21.65000 299 0.01450 1.53227 g -1
816 140.00000 62.15000 55865.35739 21.65000 299 0.01359 2.03329 g -1
785 136.67622 54.95000 55865.36098 21.65000 299 0.01541 2.01665 g -1
840 128.57143 69.35000 55865.36457 21.65000 299 0.01207 1.69523 g -1
664 125.49707 33.35000 55865.36815 21.65000 299 0.00878 1.87748 g -1
514 106.74867 11.75000 55865.37174 21.65000 299 0.00800 1.58615 g -1
841 145.71429 69.42000 55865.37533 21.65000 299 0.00788 1.91268 g -1
566 116.84562 18.95000 55865.37892 21.65000 299 0.00732 1.68006 g -1
709 131.93230 40.55000 55865.38251 21.65000 299 0.00713 1.80584 g -1
513 99.62356 11.75000 55865.38609 21.65000 299 0.00637 1.32739 g -1
750 138.40169 47.75000 55865.38968 21.65000 299 0.00592 1.83785 g -1
616 121.17371 26.15000 55865.39327 21.65000 299 0.00529 1.54528 g -1
817 153.33333 62.15000 55865.39686 21.65000 299 0.00495 2.00722 g -1
859 132.00000 76.55000 55865.40045 21.65000 299 0.00474 1.62645 g -1
515 114.02378 11.75000 55865.40403 21.65000 299 0.00450 1.47665 g -1
786 147.60097 54.95000 55865.40762 21.65000 299 0.00408 1.83490 g -1
842 162.85714 69.35000 55865.41121 21.65000 299 0.00362 1.99498 g -1
461 103.30689 4.55000 55865.41480 21.65000 299 0.00331 1.32923 g -1
860 156.00000 76.55000 55865.41839 21.65000 299 0.00329 1.79231 g -1
512 92.56888 11.75000 55865.42197 21.65000 299 0.00269 1.12583 g -1
460 96.38056 4.55000 55865.42556 21.65000 299 0.00234 1.21692 g -1
1746 109.02631 44.15000 55865.42915 21.65000 299 0.00230 1.12368 g -1
462 110.14867 4.55000 55865.43274 21.65000 299 0.00214 1.33431 g -1
1747 118.27338 44.15000 55865.43633 21.65000 299 0.00208 1.17718 g -1
1785 114.00820 51.35000 55865.43991 21.65000 299 0.00193 1.15570 g -1
1705 112.76807 36.95000 55865.44350 21.65000 299 0.00189 1.10624 g -1
1704 104.40156 36.95000 55865.44709 21.65000 299 0.00161 1.04913 g -1
1786 124.44044 51.35000 55865.45068 21.65000 299 0.00159 1.20511 g -1
665 133.35036 33.35000 55865.45427 21.65000 299 0.00147 1.29228 g -1
1659 107.99550 29.75000 55865.45785 21.65000 299 0.00147 1.05195 g -1
818 166.66667 62.15000 55865.46144 21.65000 299 0.00144 1.76696 g -1
1818 115.06828 58.55000 55865.46503 21.65000 299 0.00138 1.15868 g -1
861 180.00000 76.55000 55865.46862 21.65000 299 0.00133 1.85732 g -1
1819 126.98986 58.55000 55865.47221 21.65000 299 0.00126 1.20823 g -1
1706 121.13459 36.95000 55865.47579 21.65000 299 0.00125 1.08383 g -1
751 147.82638 47.75000 55865.47938 21.65000 299 0.00111 1.34063 g -1
562 88.37309 18.95000 55865.48297 21.65000 299 0.00109 1.04046 g -1
872 140.00000 83.75000 55865.48656 21.65000 299 0.00109 1.62909 g -1
710 140.54911 40.55000 55865.49014 21.65000 299 0.00109 1.20309 g -1
617 128.65543 26.15000 55865.49373 21.65000 299 0.00109 1.10988 g -1
410 100.11058 -2.65000 55865.49732 21.65000 299 0.00104 1.23669 g -1
1610 104.45371 22.55000 55865.50091 21.65000 299 0.00100 1.01848 g -1
459 89.36968 4.55000 55865.50450 21.65000 299 0.00097 1.17768 g -1
1658 100.33600 29.75000 55865.50808 21.65000 299 0.00097 1.00474 g -1
787 158.52573 54.95000 55865.51167 21.65000 299 0.00096 1.34026 g -1
567 123.89878 18.95000 55865.51526 21.65000 299 0.00096 1.06628 g -1
1748 127.52046 44.15000 55865.51885 21.65000 299 0.00096 1.05045 g -1
1660 115.64660 29.75000 55865.52244 21.65000 299 0.00094 1.00498 g -1
1611 111.60116 22.55000 55865.52602 21.65000 299 0.00087 1.01815 g -1
843 180.00000 69.35000 55865.52961 21.65000 299 0.00087 1.58640 g -1
516 121.29889 11.75000 55865.53320 21.65000 299 0.00084 1.08274 g -1
1847 128.90751 65.75000 55865.53679 21.65000 299 0.00082 1.19677 g -1
411 107.17000 -2.65000 55865.54038 21.65000 299 0.00074 1.25548 g -1
873 180.00000 83.75000 55865.54396 21.65000 299 0.00072 1.69447 g -1
409 93.08173 -2.65000 55865.54755 21.65000 299 0.00071 1.38656 g -1
339 319.13554 -17.05000 55866.07839 21.65000 299 0.00471 1.58633 g -1
290 331.58811 -24.25000 55866.08198 21.65000 299 0.00395 2.02146 g -1
388 308.80733 -9.85000 55866.08557 21.65000 299 0.00151 1.37685 g -1
439 305.47596 -2.65000 55866.08916 21.65000 299 0.00141 1.25371 g -1
491 309.15208 4.55000 55866.09274 21.65000 299 0.00114 1.14945 g -1
543 312.88387 11.75000 55866.09633 21.65000 299 0.00061 1.07856 g -1
490 302.14120 4.55000 55866.09992 21.65000 299 0.00057 1.18931 g -1
291 338.98118 -24.25000 55866.10351 21.65000 299 0.00437 2.01456 g -1
1332 328.85071 -20.65000 55866.10710 21.65000 299 0.00053 1.71763 g -1
292 346.37425 -24.25000 55866.12504 21.65000 299 0.00161 2.00789 g -1
340 326.21746 -17.05000 55866.12573 21.65000 299 0.01016 1.56844 r -1
390 322.90570 -9.85000 55866.12932 21.65000 299 0.00743 1.38130 r -1
341 333.29939 -17.05000 55866.13291 21.65000 299 0.00670 1.56876 r -1
389 315.85652 -9.85000 55866.13649 21.65000 299 0.00532 1.43616 r -1
339 319.13554 -17.05000 55866.14008 21.65000 299 0.00471 1.63089 r -1
291 338.98118 -24.25000 55866.14367 21.65000 299 0.00437 1.87056 r -1
391 329.95489 -9.85000 55866.14726 21.65000 299 0.00410 1.37945 r -1
441 319.53365 -2.65000 55866.15085 21.65000 299 0.00408 1.29971 r -1
290 331.58811 -24.25000 55866.15443 21.65000 299 0.00395 1.88385 r -1
440 312.50481 -2.65000 55866.15802 21.65000 299 0.00268 1.39768 r -1
442 326.56250 -2.65000 55866.16161 21.65000 299 0.00227 1.27833 r -1
492 316.16296 4.55000 55866.16520 21.65000 299 0.00169 1.26597 r -1
342 340.38132 -17.05000 55866.16879 21.65000 299 0.00162 1.57048 r -1
292 346.37425 -24.25000 55866.17237 21.65000 299 0.00161 1.86386 r -1
388 308.80733 -9.85000 55866.17596 21.65000 299 0.00151 1.79125 r -1
439 305.47596 -2.65000 55866.17955 21.65000 299 0.00141 1.68757 r -1
493 323.17384 4.55000 55866.18314 21.65000 299 0.00117 1.26042 r -1
491 309.15208 4.55000 55866.18673 21.65000 299 0.00114 1.49090 r -1
392 337.00407 -9.85000 55866.19031 21.65000 299 0.00074 1.42238 r -1
543 312.88387 11.75000 55866.19390 21.65000 299 0.00061 1.35427 r -1
