0.3587991535 1.5939989435e-02 27.2770434694
0.3623871165 3.6014688748e-02 75.2741488049
0.3659750794 3.9123984019e-02 114.1439357487
0.3695630424 4.2224693350e-02 141.0013323955
0.3731510053 4.8953281169e-02 156.4758089791
0.3767389683 5.0467239864e-02 204.2106350504
0.3803269313 5.2146586397e-02 251.5258142992
0.3839148942 5.3523773129e-02 298.5787142839
0.3875028572 5.4815228642e-02 345.7365259742
0.3910908202 5.5880807038e-02 393.5238078984
0.3946787831 5.6916142501e-02 395.3073068945
0.3982667461 5.9268889959e-02 441.4684573811
0.4018547091 6.0112743204e-02 488.5213573657
0.4054426720 6.0926668887e-02 534.6825078523
0.4090306350 6.9208550940e-02 557.0287011561
0.4126185980 7.1647802650e-02 604.2914245520
0.4162065609 7.2460719354e-02 651.6590596536
0.4197945239 7.5309441167e-02 697.8202101403
0.4233824869 8.2697268781e-02 736.6375412313
0.4269704498 8.3545029780e-02 778.1825766692
0.4305584128 9.5932100620e-02 823.7667127748
0.4341463758 9.6694272640e-02 871.8687298159
0.4377343387 1.0914917084e-01 918.0298803025
0.4413223017 1.0968692649e-01 959.5749157405
0.4449102646 1.1030795379e-01 1006.1032571969
0.4484982276 1.1092423014e-01 1052.2644076835
0.4520861906 1.2000519036e-01 1098.0059113475
0.4556741535 1.3084191150e-01 1118.5686056552
0.4592621165 1.5540893190e-01 1145.7931932717
0.4628500795 1.5596269760e-01 1191.9543437583
0.4700260054 2.1917069099e-01 1215.9266684997
0.4915537832 2.5571419115e-01 1243.6758146445
0.4951417462 2.6508519419e-01 1282.5456015883
0.5238454499 2.7324281744e-01 1306.3081029184
0.5597250795 2.8602757823e-01 1345.1778898622
0.5604195240 2.8602757823e-01 1345.1778898622
0.5640074869 2.8602757823e-01 1345.1778898622
0.5675954499 2.8602757823e-01 1345.1778898622
0.5711834129 2.8602757823e-01 1345.1778898622
0.5747713758 2.8602757823e-01 1345.1778898622
0.5783593388 2.8602757823e-01 1345.1778898622
0.5819473018 2.8602757823e-01 1345.1778898622
0.5855352647 2.8602757823e-01 1345.1778898622
0.5891232277 2.8602757823e-01 1345.1778898622
0.5927111907 2.8602757823e-01 1345.1778898622
0.5962991536 2.8602757823e-01 1345.1778898622
0.5998871166 2.8602757823e-01 1345.1778898622
0.6034750796 2.8602757823e-01 1345.1778898622
0.6070630425 2.8602757823e-01 1345.1778898622
0.6106510055 2.8602757823e-01 1345.1778898622
0.6142389684 2.8602757823e-01 1345.1778898622
0.6178269314 2.8602757823e-01 1345.1778898622
0.6214148944 2.8602757823e-01 1345.1778898622
0.6250028573 2.8602757823e-01 1345.1778898622
0.6285908203 2.8602757823e-01 1345.1778898622
