308 100.77411 -17.05000 55977.10484 21.65000 299 0.00571 1.90119 g -1
307 93.69218 -17.05000 55977.10843 21.65000 299 0.00549 1.73020 g -1
309 107.85604 -17.05000 55977.11202 21.65000 299 0.00575 2.03276 g -1
358 96.84022 -9.85000 55977.11561 21.65000 299 0.00513 1.50474 g -1
360 110.94883 -9.85000 55977.11919 21.65000 299 0.00507 1.73971 g -1
306 86.61025 -17.05000 55977.12278 21.65000 299 0.00505 1.59916 g -1
257 89.87725 -24.25000 55977.12637 21.65000 299 0.00496 1.92577 g -1
258 97.27032 -24.25000 55977.12996 21.65000 299 0.00489 2.00711 g -1
359 103.88941 -9.85000 55977.13355 21.65000 299 0.00488 1.51231 g -1
361 118.01850 -9.85000 55977.13713 21.65000 299 0.00450 1.75527 g -1
357 89.79104 -9.85000 55977.14072 21.65000 299 0.00447 1.38256 g -1
310 114.91235 -17.05000 55977.14431 21.65000 299 0.00437 1.89921 g -1
256 82.48418 -24.25000 55977.14790 21.65000 299 0.00411 1.87066 g -1
305 79.52832 -17.05000 55977.15149 21.65000 299 0.00408 1.58572 g -1
412 114.26000 -2.65000 55977.15507 21.65000 299 0.00402 1.38039 g -1
411 107.17000 -2.65000 55977.15866 21.65000 299 0.00390 1.29911 g -1
413 121.35000 -2.65000 55977.16225 21.65000 299 0.00385 1.44220 g -1
356 82.74185 -9.85000 55977.16584 21.65000 299 0.00381 1.39319 g -1
362 125.08817 -9.85000 55977.16943 21.65000 299 0.00374 1.64921 g -1
259 104.66339 -24.25000 55977.17301 21.65000 299 0.00368 1.90781 g -1
410 100.11058 -2.65000 55977.17660 21.65000 299 0.00357 1.23958 g -1
311 121.94304 -17.05000 55977.18019 21.65000 299 0.00355 1.77134 g -1
414 128.44000 -2.65000 55977.18378 21.65000 299 0.00344 1.43208 g -1
363 132.15783 -9.85000 55977.18737 21.65000 299 0.00340 1.66179 g -1
465 130.67400 4.55000 55977.19095 21.65000 299 0.00316 1.30143 g -1
464 123.83222 4.55000 55977.19454 21.65000 299 0.00312 1.22092 g -1
463 116.99044 4.55000 55977.19813 21.65000 299 0.00311 1.17081 g -1
518 135.84911 11.75000 55977.20172 21.65000 299 0.00304 1.22764 g -1
355 75.69267 -9.85000 55977.20531 21.65000 299 0.00304 1.63040 g -1
415 135.53000 -2.65000 55977.20889 21.65000 299 0.00301 1.40433 g -1
619 143.61886 26.15000 55977.21248 21.65000 299 0.00285 1.16396 g -1
569 138.00511 18.95000 55977.21607 21.65000 299 0.00285 1.13934 g -1
570 145.05827 18.95000 55977.21966 21.65000 299 0.00278 1.19432 g -1
466 137.51578 4.55000 55977.22325 21.65000 299 0.00277 1.24981 g -1
462 110.14867 4.55000 55977.22683 21.65000 299 0.00270 1.14422 g -1
519 143.12422 11.75000 55977.23042 21.65000 299 0.00253 1.19614 g -1
516 121.29889 11.75000 55977.23401 21.65000 299 0.00250 1.07881 g -1
417 149.71000 -2.65000 55977.23760 21.65000 299 0.00250 1.46110 g -1
468 151.19933 4.55000 55977.24119 21.65000 299 0.00250 1.33236 g -1
520 150.39933 11.75000 55977.24477 21.65000 299 0.00249 1.21706 g -1
365 146.29717 -9.85000 55977.24836 21.65000 299 0.00248 1.52637 g -1
517 128.57400 11.75000 55977.25195 21.65000 299 0.00246 1.08001 g -1
666 141.20364 33.35000 55977.25554 21.65000 299 0.00246 1.03024 g -1
618 136.13714 26.15000 55977.25912 21.65000 299 0.00241 1.02053 g -1
315 150.06583 -17.05000 55977.26271 21.65000 299 0.00241 1.74352 g -1
366 153.36683 -9.85000 55977.26630 21.65000 299 0.00240 1.53482 g -1
461 103.30689 4.55000 55977.26989 21.65000 299 0.00238 1.26732 g -1
467 144.35756 4.55000 55977.27348 21.65000 299 0.00224 1.17187 g -1
571 152.11144 18.95000 55977.27706 21.65000 299 0.00222 1.08507 g -1
416 142.62000 -2.65000 55977.28065 21.65000 299 0.00207 1.25297 g -1
418 156.80000 -2.65000 55977.28424 21.65000 299 0.00206 1.33656 g -1
568 130.95195 18.95000 55977.28783 21.65000 299 0.00203 1.03623 g -1
469 158.04111 4.55000 55977.29142 21.65000 299 0.00194 1.21536 g -1
620 151.10057 26.15000 55977.29500 21.65000 299 0.00193 1.02594 g -1
521 157.67444 11.75000 55977.29859 21.65000 299 0.00193 1.12219 g -1
364 139.22750 -9.85000 55977.30218 21.65000 299 0.00193 1.37431 g -1
409 93.08173 -2.65000 55977.30577 21.65000 299 0.00183 1.94137 g -1
316 157.09652 -17.05000 55977.30936 21.65000 299 0.00182 1.62424 g -1
567 123.89878 18.95000 55977.31294 21.65000 299 0.00175 1.09400 g -1
515 114.02378 11.75000 55977.31653 21.65000 299 0.00173 1.24823 g -1
665 133.35036 33.35000 55977.32012 21.65000 299 0.00159 1.02271 g -1
367 160.43650 -9.85000 55977.32371 21.65000 299 0.00159 1.40403 g -1
667 149.05693 33.35000 55977.32730 21.65000 299 0.00158 1.00020 g -1
514 106.74867 11.75000 55977.33088 21.65000 299 0.00154 1.44912 g -1
710 140.54911 40.55000 55977.33447 21.65000 299 0.00147 1.02326 g -1
572 159.16460 18.95000 55977.33806 21.65000 299 0.00146 1.03577 g -1
312 128.97374 -17.05000 55977.34165 21.65000 299 0.00137 1.81272 g -1
794 235.60357 54.95000 55977.34524 21.65000 299 0.00129 1.83486 g -1
824 246.66667 62.15000 55977.34882 21.65000 299 0.00168 2.00972 g -1
419 163.89000 -2.65000 55977.35241 21.65000 299 0.00120 1.24096 g -1
314 143.03513 -17.05000 55977.35600 21.65000 299 0.00119 1.67132 g -1
761 243.82331 47.75000 55977.35959 21.65000 299 0.00232 2.04662 g -1
795 246.70105 54.95000 55977.36318 21.65000 299 0.00226 1.97275 g -1
760 234.04862 47.75000 55977.36676 21.65000 299 0.00117 1.65105 g -1
722 243.95089 40.55000 55977.37035 21.65000 299 0.00231 2.03881 g -1
566 116.84562 18.95000 55977.37394 21.65000 299 0.00116 1.46726 g -1
679 243.29636 33.35000 55977.37753 21.65000 299 0.00190 2.05448 g -1
617 128.65543 26.15000 55977.38112 21.65000 299 0.00116 1.24037 g -1
825 260.00000 62.15000 55977.38470 21.65000 299 0.00231 2.01970 g -1
762 253.59800 47.75000 55977.38829 21.65000 299 0.00355 2.02260 g -1
796 257.79854 54.95000 55977.39188 21.65000 299 0.00318 1.99642 g -1
723 252.56770 40.55000 55977.39547 21.65000 299 0.00362 2.01838 g -1
680 251.14964 33.35000 55977.39906 21.65000 299 0.00313 2.05818 g -1
633 248.36286 26.15000 55977.40264 21.65000 299 0.00204 2.03902 g -1
848 265.71429 69.35000 55977.40623 21.65000 299 0.00145 1.87909 g -1
709 131.93230 40.55000 55977.40982 21.65000 299 0.00114 1.28236 g -1
763 263.37269 47.75000 55977.41341 21.65000 299 0.00225 2.05069 g -1
724 261.18452 40.55000 55977.41700 21.65000 299 0.00167 2.05603 g -1
797 268.89602 54.95000 55977.42058 21.65000 299 0.00115 2.02079 g -1
317 164.12722 -17.05000 55977.42417 21.65000 299 0.00114 1.71874 g -1
721 235.33407 40.55000 55977.42776 21.65000 299 0.00113 1.28610 g -1
847 248.57143 69.35000 55977.43135 21.65000 299 0.00113 1.51453 g -1
632 240.88114 26.15000 55977.43494 21.65000 299 0.00110 1.41115 g -1
621 158.58229 26.15000 55977.43852 21.65000 299 0.00108 1.13919 g -1
584 245.31027 18.95000 55977.44211 21.65000 299 0.00105 1.53920 g -1
470 164.88289 4.55000 55977.44570 21.65000 299 0.00105 1.28868 g -1
823 233.33333 62.15000 55977.44929 21.65000 299 0.00101 1.26446 g -1
522 164.94956 11.75000 55977.45287 21.65000 299 0.00097 1.22910 g -1
678 235.44307 33.35000 55977.45646 21.65000 299 0.00088 1.17690 g -1
368 167.50617 -9.85000 55977.46005 21.65000 299 0.00086 1.63559 g -1
681 259.00293 33.35000 55977.46364 21.65000 299 0.00077 1.51800 g -1
826 273.33333 62.15000 55977.46723 21.65000 299 0.00076 1.65192 g -1
711 149.16593 40.55000 55977.47081 21.65000 299 0.00074 1.35382 g -1
846 231.42857 69.35000 55977.47440 21.65000 299 0.00072 1.28913 g -1
668 156.91021 33.35000 55977.47799 21.65000 299 0.00072 1.29943 g -1
750 138.40169 47.75000 55977.48158 21.65000 299 0.00067 1.61303 g -1
573 166.21777 18.95000 55977.48517 21.65000 299 0.00064 1.29482 g -1
864 252.00000 76.55000 55977.48875 21.65000 299 0.00063 1.47678 g -1
793 224.50609 54.95000 55977.49234 21.65000 299 0.00061 1.09278 g -1
822 220.00000 62.15000 55977.49593 21.65000 299 0.00051 1.14616 g -1
583 238.04173 18.95000 55977.49952 21.65000 299 0.00051 1.12094 g -1
865 276.00000 76.55000 55977.50311 21.65000 299 0.00051 1.59574 g -1
420 170.98000 -2.65000 55977.50669 21.65000 299 0.00051 1.74954 g -1
622 166.06400 26.15000 55977.51028 21.65000 299 0.00046 1.38994 g -1
759 224.27392 47.75000 55977.51387 21.65000 299 0.00045 1.03590 g -1
631 233.39943 26.15000 55977.51746 21.65000 299 0.00042 1.03210 g -1
863 228.00000 76.55000 55977.52105 21.65000 299 0.00042 1.37354 g -1
845 214.28571 69.35000 55977.52463 21.65000 299 0.00040 1.23888 g -1
634 255.84457 26.15000 55977.52822 21.65000 299 0.00039 1.14622 g -1
720 226.71726 40.55000 55977.53181 21.65000 299 0.00039 1.00838 g -1
471 171.72467 4.55000 55977.53540 21.65000 299 0.00038 1.87255 g -1
533 243.02578 11.75000 55977.53899 21.65000 299 0.00037 1.11441 g -1
712 157.78274 40.55000 55977.54257 21.65000 299 0.00035 1.75316 g -1
669 164.76350 33.35000 55977.54616 21.65000 299 0.00034 1.66616 g -1
523 172.22467 11.75000 55977.54975 21.65000 299 0.00027 1.85805 g -1
677 227.58979 33.35000 55977.55334 21.65000 299 0.00027 1.00217 g -1
821 206.66667 62.15000 55977.55693 21.65000 299 0.00026 1.19751 g -1
792 213.41224 54.95000 55977.56051 21.65000 299 0.00025 1.11432 g -1
