707 114.69867 40.55000 55949.08832 21.65000 299 0.00307 2.05086 g -1
748 119.55231 47.75000 55949.09191 21.65000 299 0.00461 2.05058 g -1
815 126.66667 62.15000 55949.09550 21.65000 299 0.00197 1.99033 g -1
662 109.79050 33.35000 55949.09909 21.65000 299 0.00113 1.82402 g -1
784 125.75146 54.95000 55949.10268 21.65000 299 0.00617 2.00139 g -1
663 117.64379 33.35000 55949.10626 21.65000 299 0.00780 2.05223 g -1
615 113.69200 26.15000 55949.10985 21.65000 299 0.00584 1.97416 g -1
708 123.31548 40.55000 55949.11344 21.65000 299 0.01247 2.03058 g -1
565 109.79245 18.95000 55949.11703 21.65000 299 0.00411 1.85579 g -1
749 128.97700 47.75000 55949.12062 21.65000 299 0.01439 2.01299 g -1
514 106.74867 11.75000 55949.12420 21.65000 299 0.00242 1.80283 g -1
816 140.00000 62.15000 55949.12779 21.65000 299 0.01077 2.03627 g -1
785 136.67622 54.95000 55949.13138 21.65000 299 0.01455 2.02013 g -1
664 125.49707 33.35000 55949.13497 21.65000 299 0.00824 1.93595 g -1
616 121.17371 26.15000 55949.13856 21.65000 299 0.00795 1.84691 g -1
566 116.84562 18.95000 55949.14214 21.65000 299 0.00601 1.77529 g -1
841 145.71429 69.42000 55949.14573 21.65000 299 0.00522 1.91476 g -1
515 114.02378 11.75000 55949.14932 21.65000 299 0.00440 1.73641 g -1
709 131.93230 40.55000 55949.15291 21.65000 299 0.00428 1.80925 g -1
516 121.29889 11.75000 55949.15650 21.65000 299 0.00409 1.92565 g -1
463 116.99044 4.55000 55949.16008 21.65000 299 0.00373 1.89770 g -1
786 147.60097 54.95000 55949.16367 21.65000 299 0.00360 1.99514 g -1
817 153.33333 62.15000 55949.16726 21.65000 299 0.00959 2.01016 g -1
462 110.14867 4.55000 55949.17085 21.65000 299 0.00359 1.55104 g -1
567 123.89878 18.95000 55949.17444 21.65000 299 0.00343 1.61970 g -1
842 162.85714 69.35000 55949.17802 21.65000 299 0.00698 2.02426 g -1
750 138.40169 47.75000 55949.18161 21.65000 299 0.00327 1.62432 g -1
711 149.16593 40.55000 55949.18520 21.65000 299 0.00316 2.02777 g -1
666 141.20364 33.35000 55949.18879 21.65000 299 0.00280 1.78816 g -1
787 158.52573 54.95000 55949.19238 21.65000 299 0.00278 2.01353 g -1
751 147.82638 47.75000 55949.19596 21.65000 299 0.00258 1.73453 g -1
752 157.25108 47.75000 55949.19955 21.65000 299 0.00356 2.00356 g -1
818 166.66667 62.15000 55949.20314 21.65000 299 0.00417 2.01999 g -1
861 180.00000 76.55000 55949.20673 21.65000 299 0.00346 2.00615 g -1
618 136.13714 26.15000 55949.21032 21.65000 299 0.00244 1.50037 g -1
712 157.78274 40.55000 55949.21390 21.65000 299 0.00241 1.95294 g -1
412 114.26000 -2.65000 55949.21749 21.65000 299 0.00239 1.45085 g -1
788 169.45049 54.95000 55949.22108 21.65000 299 0.00353 2.03218 g -1
753 166.67577 47.75000 55949.22467 21.65000 299 0.00345 2.01716 g -1
843 180.00000 69.35000 55949.22825 21.65000 299 0.00482 2.00245 g -1
710 140.54911 40.55000 55949.23184 21.65000 299 0.00231 1.33947 g -1
411 107.17000 -2.65000 55949.23543 21.65000 299 0.00228 1.29825 g -1
819 180.00000 62.15000 55949.23902 21.65000 299 0.00314 2.02979 g -1
572 159.16460 18.95000 55949.24261 21.65000 299 0.00461 2.04786 g -1
713 166.39956 40.55000 55949.24619 21.65000 299 0.00227 1.83626 g -1
521 157.67444 11.75000 55949.24978 21.65000 299 0.00587 2.06048 g -1
622 166.06400 26.15000 55949.25337 21.65000 299 0.00514 2.00131 g -1
789 180.37888 54.95000 55949.25696 21.65000 299 0.00359 1.96417 g -1
754 176.10046 47.75000 55949.26055 21.65000 299 0.00340 1.88729 g -1
573 166.21777 18.95000 55949.26413 21.65000 299 0.00688 2.01037 g -1
469 158.04111 4.55000 55949.26772 21.65000 299 0.00547 1.99839 g -1
623 173.54571 26.15000 55949.27131 21.65000 299 0.00721 2.05205 g -1
522 164.94956 11.75000 55949.27490 21.65000 299 0.00494 1.96894 g -1
418 156.80000 -2.65000 55949.27849 21.65000 299 0.00427 2.02938 g -1
671 180.47007 33.35000 55949.28207 21.65000 299 0.00562 2.01996 g -1
574 173.27093 18.95000 55949.28566 21.65000 299 0.00460 1.97438 g -1
715 183.63319 40.55000 55949.28925 21.65000 299 0.00387 1.89830 g -1
624 181.02743 26.15000 55949.29284 21.65000 299 0.00540 2.03684 g -1
755 185.52515 47.75000 55949.29643 21.65000 299 0.00385 1.77457 g -1
470 164.88289 4.55000 55949.30001 21.65000 299 0.00370 1.79473 g -1
672 188.32336 33.35000 55949.30360 21.65000 299 0.00647 2.02354 g -1
716 192.25000 40.55000 55949.30719 21.65000 299 0.00494 1.98447 g -1
756 194.94985 47.75000 55949.31078 21.65000 299 0.00422 1.91110 g -1
625 188.50914 26.15000 55949.31437 21.65000 299 0.00383 2.02185 g -1
523 172.22467 11.75000 55949.31795 21.65000 299 0.00357 1.64840 g -1
670 172.61679 33.35000 55949.32154 21.65000 299 0.00338 1.36381 g -1
673 196.17664 33.35000 55949.32513 21.65000 299 0.00684 2.02710 g -1
717 200.86681 40.55000 55949.32872 21.65000 299 0.00549 2.02064 g -1
757 204.72454 47.75000 55949.33231 21.65000 299 0.00373 1.98372 g -1
575 180.32410 18.95000 55949.33589 21.65000 299 0.00334 1.56609 g -1
790 191.39000 54.95000 55949.33948 21.65000 299 0.00332 1.51601 g -1
862 204.00000 76.55000 55949.34307 21.65000 299 0.00311 1.71202 g -1
674 204.02993 33.35000 55949.34666 21.65000 299 0.00733 2.03066 g -1
626 195.99086 26.15000 55949.35025 21.65000 299 0.00307 1.78301 g -1
718 209.48363 40.55000 55949.35383 21.65000 299 0.00536 2.00049 g -1
627 203.47257 26.15000 55949.35742 21.65000 299 0.00365 1.99252 g -1
820 193.33333 62.15000 55949.36101 21.65000 299 0.00298 1.44596 g -1
419 163.89000 -2.65000 55949.36460 21.65000 299 0.00295 1.40132 g -1
675 211.88321 33.35000 55949.36819 21.65000 299 0.00639 2.03422 g -1
714 175.01637 40.55000 55949.37177 21.65000 299 0.00293 1.14901 g -1
628 210.95429 26.15000 55949.37536 21.65000 299 0.00607 2.04260 g -1
719 218.10044 40.55000 55949.37895 21.65000 299 0.00346 1.98078 g -1
844 197.14286 69.35000 55949.38254 21.65000 299 0.00269 1.45596 g -1
367 160.43650 -9.85000 55949.38613 21.65000 299 0.00268 1.43902 g -1
676 219.73650 33.35000 55949.38971 21.65000 299 0.00404 2.03778 g -1
846 231.42857 69.35000 55949.39330 21.65000 299 0.00261 1.84418 g -1
629 218.43600 26.15000 55949.39689 21.65000 299 0.00425 2.02743 g -1
791 202.40112 54.95000 55949.40048 21.65000 299 0.00259 1.35422 g -1
471 171.72467 4.55000 55949.40407 21.65000 299 0.00240 1.22010 g -1
821 206.66667 62.15000 55949.40765 21.65000 299 0.00233 1.40511 g -1
524 179.49978 11.75000 55949.41124 21.65000 299 0.00230 1.18423 g -1
576 187.38957 18.95000 55949.41483 21.65000 299 0.00228 1.18856 g -1
413 121.35000 -2.65000 55949.41842 21.65000 299 0.00213 1.50934 g -1
569 138.00511 18.95000 55949.42200 21.65000 299 0.00213 1.08095 g -1
465 130.67400 4.55000 55949.42559 21.65000 299 0.00201 1.28105 g -1
667 149.05693 33.35000 55949.42918 21.65000 299 0.00201 1.01198 g -1
568 130.95195 18.95000 55949.43277 21.65000 299 0.00197 1.15918 g -1
518 135.84911 11.75000 55949.43636 21.65000 299 0.00196 1.18449 g -1
758 214.49923 47.75000 55949.43994 21.65000 299 0.00195 1.31392 g -1
792 213.41224 54.95000 55949.44353 21.65000 299 0.00189 1.30212 g -1
517 128.57400 11.75000 55949.44712 21.65000 299 0.00188 1.31560 g -1
464 123.83222 4.55000 55949.45071 21.65000 299 0.00188 1.54695 g -1
669 164.76350 33.35000 55949.45430 21.65000 299 0.00187 1.00165 g -1
619 143.61886 26.15000 55949.45788 21.65000 299 0.00185 1.09418 g -1
617 128.65543 26.15000 55949.46147 21.65000 299 0.00184 1.25964 g -1
665 133.35036 33.35000 55949.46506 21.65000 299 0.00180 1.18655 g -1
368 167.50617 -9.85000 55949.46865 21.65000 299 0.00178 1.38319 g -1
845 214.28571 69.35000 55949.47224 21.65000 299 0.00172 1.34421 g -1
366 153.36683 -9.85000 55949.47582 21.65000 299 0.00170 1.51048 g -1
420 170.98000 -2.65000 55949.47941 21.65000 299 0.00168 1.24631 g -1
414 128.44000 -2.65000 55949.48300 21.65000 299 0.00167 1.98680 g -1
468 151.19933 4.55000 55949.48659 21.65000 299 0.00163 1.29847 g -1
525 186.77489 11.57000 55949.49018 21.65000 299 0.00158 1.08124 g -1
472 178.56644 4.55000 55949.49376 21.65000 299 0.00158 1.14520 g -1
668 156.91021 33.35000 55949.49735 21.65000 299 0.00152 1.08451 g -1
577 194.55043 18.95000 55949.50094 21.65000 299 0.00150 1.04325 g -1
621 158.58229 26.15000 55949.50453 21.65000 299 0.00150 1.10793 g -1
316 157.09652 -17.05000 55949.50812 21.65000 299 0.00148 1.91543 g -1
860 156.00000 76.55000 55949.51170 21.65000 299 0.00147 1.43313 g -1
317 164.12722 -17.05000 55949.51529 21.65000 299 0.00146 1.81198 g -1
580 216.23608 18.95000 55949.51888 21.65000 299 0.00144 1.11246 g -1
793 224.50609 54.95000 55949.52247 21.65000 299 0.00122 1.16132 g -1
863 228.00000 76.55000 55949.52606 21.65000 299 0.00119 1.43285 g -1
473 185.30822 4.71000 55949.52964 21.65000 299 0.00119 1.15904 g -1
620 151.10057 26.15000 55949.53323 21.65000 299 0.00112 1.31225 g -1
421 178.07000 -2.65000 55949.53682 21.65000 299 0.00109 1.32322 g -1
759 224.27392 47.75000 55949.54041 21.65000 299 0.00105 1.08865 g -1
526 193.90000 11.75000 55949.54400 21.65000 299 0.00103 1.08361 g -1
578 201.71129 18.95000 55949.54758 21.65000 299 0.00101 1.03284 g -1
579 208.96753 18.95000 55949.55117 21.65000 299 0.00100 1.03633 g -1
822 220.00000 62.15000 55949.55476 21.65000 299 0.00098 1.15788 g -1
571 152.11144 18.95000 55949.55835 21.65000 299 0.00098 1.56051 g -1
520 150.39933 11.75000 55949.56194 21.65000 299 0.00094 1.80205 g -1
570 145.05827 18.95000 55949.56552 21.65000 299 0.00093 1.89742 g -1
369 174.57583 -9.85000 55949.56911 21.65000 299 0.00086 1.74094 g -1
474 192.25000 4.55000 55949.57270 21.65000 299 0.00080 1.20582 g -1
422 185.16000 -2.65000 55949.57629 21.65000 299 0.00079 1.40184 g -1
