618 136.13714 26.15000 55906.28456 21.65000 299 0.00912 2.06236 g -1
666 141.20364 33.35000 55906.29174 21.65000 299 0.00556 2.00320 g -1
569 138.00511 18.95000 55906.30250 21.65000 299 0.00272 2.02668 g -1
619 143.61886 26.15000 55906.30609 21.65000 299 0.00442 2.04718 g -1
518 135.84911 11.75000 55906.30968 21.65000 299 0.00158 2.00447 g -1
667 149.05693 33.35000 55906.31327 21.65000 299 0.00154 2.00691 g -1
570 145.05827 18.95000 55906.32044 21.65000 299 0.00482 2.05718 g -1
620 151.10057 26.15000 55906.32762 21.65000 299 0.00550 2.03220 g -1
519 143.12422 11.75000 55906.33121 21.65000 299 0.00433 1.97986 g -1
668 156.91021 33.35000 55906.33480 21.65000 299 0.00245 2.01058 g -1
466 137.51578 4.55000 55906.33838 21.65000 299 0.00209 1.83849 g -1
571 152.11144 18.95000 55906.34197 21.65000 299 0.01564 2.01936 g -1
467 144.35756 4.55000 55906.34556 21.65000 299 0.00178 2.02759 g -1
621 158.58229 26.15000 55906.34915 21.65000 299 0.01696 2.01742 g -1
520 150.39933 11.75000 55906.35274 21.65000 299 0.00538 1.95591 g -1
669 164.76350 33.35000 55906.35632 21.65000 299 0.00236 2.01421 g -1
572 159.16460 18.95000 55906.35991 21.65000 299 0.03642 2.04953 g -1
416 142.62000 -2.65000 55906.36350 21.65000 299 0.00161 1.92025 g -1
521 157.67444 11.75000 55906.36709 21.65000 299 0.00718 2.06216 g -1
622 166.06400 26.15000 55906.37068 21.65000 299 0.03780 2.00284 g -1
1618 162.98457 22.55000 55906.37426 21.65000 299 0.00188 1.88775 g -1
468 151.19933 4.55000 55906.37785 21.65000 299 0.00154 1.81690 g -1
573 166.21777 18.95000 55906.38144 21.65000 299 0.04992 2.01195 g -1
1619 170.30093 22.55000 55906.38503 21.65000 299 0.00719 2.05272 g -1
623 173.54571 26.15000 55906.38861 21.65000 299 0.06953 2.05365 g -1
522 164.94956 11.75000 55906.39220 21.65000 299 0.00609 1.97044 g -1
469 158.04111 4.55000 55906.39579 21.65000 299 0.00164 1.83101 g -1
574 173.27093 18.95000 55906.39938 21.65000 299 0.14171 2.04179 g -1
1569 171.19434 15.35000 55906.40297 21.65000 299 0.00329 1.97698 g -1
1620 177.61729 22.55000 55906.40655 21.65000 299 0.00362 2.02873 g -1
523 172.22467 11.75000 55906.41014 21.65000 299 0.04379 2.01005 g -1
624 181.02743 26.15000 55906.41373 21.65000 299 0.00230 1.97428 g -1
575 180.32410 18.95000 55906.42091 21.65000 299 0.03105 2.00447 g -1
471 171.72467 4.55000 55906.42449 21.65000 299 0.01619 1.97298 g -1
524 179.49978 11.75000 55906.42808 21.65000 299 0.04130 2.05156 g -1
1570 178.22429 15.35000 55906.43167 21.65000 299 0.00393 1.82778 g -1
420 170.98000 -2.65000 55906.43526 21.65000 299 0.00915 2.02781 g -1
472 178.56644 4.55000 55906.43885 21.65000 299 0.03835 2.05499 g -1
1518 174.79500 8.15000 55906.44243 21.65000 299 0.00299 1.73021 g -1
1466 178.32815 0.95000 55906.44602 21.65000 299 0.00250 2.05017 g -1
525 186.77489 11.57000 55906.44961 21.65000 299 0.00749 2.03128 g -1
421 178.07000 -2.65000 55906.45320 21.65000 299 0.05498 2.05714 g -1
473 185.30822 4.71000 55906.45679 21.65000 299 0.02327 2.06271 g -1
1414 174.90080 -6.25000 55906.46037 21.65000 299 0.00345 1.95182 g -1
369 174.57583 -9.85000 55906.46396 21.65000 299 0.02936 2.04226 g -1
368 167.50617 -9.85000 55906.46755 21.65000 299 0.00198 1.76142 g -1
1519 181.77700 8.15000 55906.47114 21.65000 299 0.00179 1.62360 g -1
422 185.16000 -2.65000 55906.47473 21.65000 299 0.02818 2.02465 g -1
1415 181.84048 -6.25000 55906.47831 21.65000 299 0.00308 1.97061 g -1
318 171.15791 -17.05000 55906.48190 21.65000 299 0.00289 2.02732 g -1
370 181.64550 -9.85000 55906.48549 21.65000 299 0.04058 2.01332 g -1
1467 185.03306 1.05000 55906.48908 21.65000 299 0.00170 1.70038 g -1
319 178.18861 -17.05000 55906.50343 21.65000 299 0.01152 2.00368 g -1
371 188.71517 -9.85000 55906.50702 21.65000 299 0.00558 1.98549 g -1
320 185.21930 -17.05000 55906.52137 21.65000 299 0.00385 2.02141 g -1
574 173.27093 18.95000 55906.52206 21.65000 299 0.14171 1.10104 r -1
623 173.54571 26.15000 55906.52565 21.65000 299 0.06953 1.06387 r -1
421 178.07000 -2.65000 55906.52924 21.65000 299 0.05498 1.36602 r -1
573 166.21777 18.95000 55906.53283 21.65000 299 0.04992 1.05010 r -1
523 172.22467 11.75000 55906.53642 21.65000 299 0.04379 1.11528 r -1
524 179.49978 11.75000 55906.54000 21.65000 299 0.04130 1.15137 r -1
370 181.64550 -9.85000 55906.54359 21.65000 299 0.04058 1.50996 r -1
472 178.56644 4.55000 55906.54718 21.65000 299 0.03835 1.20233 r -1
622 166.06400 26.15000 55906.55077 21.65000 299 0.03780 1.01092 r -1
572 159.16460 18.95000 55906.55436 21.65000 299 0.03642 1.03415 r -1
575 180.32410 18.95000 55906.55794 21.65000 299 0.03105 1.06903 r -1
369 174.57583 -9.85000 55906.56153 21.65000 299 0.02936 1.39519 r -1
422 185.16000 -2.65000 55906.56512 21.65000 299 0.02818 1.30946 r -1
473 185.30822 4.71000 55906.56871 21.65000 299 0.02327 1.19367 r -1
