0.1917308120 1.7424202375e-03 47.4725468073
0.1953187750 3.2264218563e-03 94.9450936145
0.1989067379 5.9857322106e-03 142.7323755387
0.2024947009 7.4537330202e-03 189.9950989347
0.2060826639 8.7517678336e-03 237.2578223306
0.2096706268 9.9192794535e-03 284.6779132851
0.2132585898 1.1033230683e-02 331.9930925338
0.2168465528 1.2097652746e-02 379.7803744581
0.2204345157 1.3000516724e-02 422.7941737751
0.2240224787 1.4746904782e-02 469.4798827900
0.2276104417 1.5807729208e-02 516.7950620388
0.2311984046 1.6722260535e-02 560.6481550011
0.2347863676 1.7597616762e-02 602.0882787334
0.2383743306 1.8442843513e-02 645.1545339033
0.2419622935 1.9254215934e-02 691.0009492729
0.2455502565 2.0095842100e-02 738.8406870500
0.2491382194 2.0901088367e-02 786.1034104459
0.2527261824 2.1741648899e-02 833.3661338419
0.2563141454 2.2455764920e-02 876.4848448646
0.2599021083 2.3214392555e-02 923.1705538795
0.2634900713 2.3955279980e-02 970.4332772754
0.2670780343 2.4725132718e-02 1017.7484565242
0.2706659972 2.5494256701e-02 1065.5357384484
0.2742539602 2.6250155581e-02 1112.5886384331
0.2778419232 2.6948019613e-02 1158.2776862442
0.2814298861 2.7642886919e-02 1204.9633952591
0.2850178491 2.8337437695e-02 1252.2261186551
0.2886058121 2.9016919292e-02 1298.1774457304
0.2921937750 2.9694838686e-02 1345.8598159489
0.2957817380 3.0363705731e-02 1392.0209664355
0.2993697010 3.0941044701e-02 1427.8483139155
0.3029576639 3.1600858190e-02 1469.3933493535
0.3065456269 3.2248720333e-02 1514.6627503420
0.3101335899 3.2821483858e-02 1553.2702580217
0.3137215528 3.3454017691e-02 1600.7952606818
0.3173095158 3.4085593483e-02 1645.2253680252
0.3208974787 3.4674655343e-02 1690.4423131609
0.3244854417 3.5233149719e-02 1734.5052295345
0.3280734047 3.5908716919e-02 1782.5023348700
0.3316613676 3.6488250891e-02 1826.7226188021
0.3352493306 3.7067226516e-02 1873.7230629339
0.3388372936 3.7698428201e-02 1921.0906980355
0.3424252565 3.8217069129e-02 1966.5174665826
0.3460132195 3.8778530661e-02 2008.3772371375
0.3496011825 3.9382041509e-02 2056.0071515032
0.3531891454 3.9931156477e-02 2101.3290083446
0.3567771084 4.0479813144e-02 2147.4377029784
0.3603650714 4.1023817442e-02 2194.3856912574
0.3639530343 4.1689019833e-02 2242.5926200042
0.3675409973 4.2228591699e-02 2290.0127109587
0.3711289603 4.2757041076e-02 2336.1214055925
0.3747169232 4.3280608194e-02 2382.1776443734
0.3783048862 4.3797067234e-02 2428.0765155959
0.3818928492 4.4396190424e-02 2475.3916948447
0.3854808121 4.4900249980e-02 2517.2514653996
0.3890687751 4.5389206578e-02 2563.1503366221
0.3926567380 4.5901830650e-02 2609.5213105200
0.3962447010 4.6394590718e-02 2652.4301981314
0.3998326640 4.6880359874e-02 2695.5489091541
0.4034206269 4.7346688458e-02 2737.0939445921
0.4070085899 4.7836757640e-02 2784.6714031050
0.4105965529 4.8318273518e-02 2831.7243030897
0.4141845158 4.8788771476e-02 2877.0461599311
0.4177724788 4.9275724747e-02 2924.8334418553
0.4213604418 4.9760192862e-02 2970.7847689306
0.4249484047 5.0174060887e-02 3012.6445394855
0.4285363677 5.0648911835e-02 3039.8166712492
0.4321243307 5.1069437394e-02 3078.5290906346
0.4357122936 5.1532423127e-02 3124.5853294155
0.4393002566 5.1994735833e-02 3170.9563033134
0.4428882196 5.2482430012e-02 3218.2190267094
0.4464761825 5.2962870726e-02 3266.0063086336
0.4500641455 5.3416163380e-02 3308.8102845394
0.4536521085 5.3868068615e-02 3356.6500223164
0.4572400714 5.4319132921e-02 3404.0701132708
0.4608280344 5.4770157212e-02 3451.4902042253
0.4644159973 5.5199398654e-02 3494.5040035423
0.4680039603 5.5645429653e-02 3535.7867597162
0.4715919233 5.6090617811e-02 3583.5215857876
0.4751798862 5.6533388595e-02 3610.3789824343
0.4787678492 5.6970588858e-02 3651.9240178723
0.4823558122 5.7413295876e-02 3693.4690533102
0.4859437751 5.7856044399e-02 3720.4313616626
0.4895317381 5.8338559980e-02 3767.9039084699
0.4931197011 5.8899585394e-02 3815.2190877187
0.4967076640 5.9328315841e-02 3863.0588254957
0.5002956270 5.9753975926e-02 3911.2132983897
0.5038835900 6.0178248566e-02 3959.0005803139
0.5074715529 6.0601886147e-02 4006.0534802986
0.5110595159 6.1021066587e-02 4053.1063802832
0.5146474789 6.1438749968e-02 4097.6413993322
0.5182354418 6.1808049347e-02 4136.2489070119
0.5218234048 6.2212703521e-02 4175.0662381029
0.5254113678 6.2613792146e-02 4214.0409367524
0.5289993307 6.3006178996e-02 4261.9331303823
0.5325872937 6.3398458055e-02 4310.1400591291
0.5361752566 6.3751346549e-02 4353.0489467405
0.5397632196 6.4136433461e-02 4400.2592142837
0.5433511826 6.4575265111e-02 4442.1714406914
0.5469391455 6.4902519027e-02 4477.8938764657
0.5505271085 6.5281459463e-02 4525.5237908314
0.5541150715 6.5663235434e-02 4572.7340583746
0.5577030344 6.6039327491e-02 4620.5737961516
0.5612909974 6.6414249440e-02 4665.8956529930
0.5648789604 6.6782223392e-02 4712.4764503022
0.5684669233 6.7147334481e-02 4754.3362208571
0.5720548863 6.7511561496e-02 4801.5464884003
0.5756428493 6.7874889676e-02 4847.7076388869
0.5792308122 6.8234100076e-02 4889.1477626192
0.5828187752 6.8588704064e-02 4936.4629418680
0.5864067382 6.8941217325e-02 4983.3584742941
0.5899947011 6.9291190840e-02 5030.4113742788
0.5935826641 6.9640794742e-02 5077.9888327917
0.5971706271 6.9982488111e-02 5124.2548949840
0.6007585900 7.0322350675e-02 5170.8356922932
0.6043465530 7.0661865791e-02 5218.0459598363
0.6079345159 7.0991418621e-02 5265.3611390851
0.6115224789 7.1318037335e-02 5313.4107002734
0.6151104419 7.1634539491e-02 5360.4636002581
0.6186984048 7.1950257399e-02 5407.6214119484
0.6222863678 7.2323607942e-02 5435.2131905347
0.6258743308 7.2639012826e-02 5478.2269898518
0.6294622937 7.2957338932e-02 5525.0176105723
0.6330502567 7.3270331807e-02 5572.7524366437
0.6366382197 7.3496891410e-02 5602.2850817845
0.6402261826 7.3801519426e-02 5645.3513369544
0.6438141456 7.4102653169e-02 5692.0370459693
0.6474021086 7.4399767456e-02 5739.4571369237
