0.6067160561 2.1435033866e-03 47.0528999847
0.6103040190 4.3899709542e-03 94.1057999693
0.6174799450 9.8777009761e-03 141.8406260407
0.6210679079 1.7479699105e-02 189.0508935838
0.6246558709 2.8997003843e-02 236.1037935685
0.6282438338 4.8007696994e-02 283.1566935531
0.6318317968 5.2675324647e-02 330.8915196245
0.6354197598 5.4260920354e-02 377.6296844922
0.6390077227 8.5982030897e-02 423.4760998619
0.6425956857 1.1681025419e-01 470.8437349635
0.6461836487 1.4346400701e-01 518.6310168877
0.6497716116 1.6000679726e-01 565.7888285780
0.6533595746 1.9066246073e-01 612.9466402683
0.6569475376 2.7094048447e-01 658.7405997851
0.6605355005 3.0641127099e-01 706.4754258565
0.6641234635 3.3299023368e-01 754.2627077807
0.6677114265 3.4905909946e-01 801.6303428823
0.6712993894 3.6105903449e-01 848.6832428670
0.6748873524 3.7551433156e-01 894.8443933536
0.6784753154 4.2097157474e-01 940.4285294591
0.6820632783 4.5086728636e-01 986.0126655646
0.6856512413 4.6349045769e-01 1033.2753889606
0.6892392043 4.7314620759e-01 1080.3282889452
0.6928271672 4.7982949443e-01 1126.7517186960
0.6964151302 4.8655515178e-01 1174.0668979448
0.7000030931 4.9492919188e-01 1220.0706808729
0.7035910561 5.0876389793e-01 1265.6023611256
0.7071790191 5.1780402916e-01 1312.8126286687
0.7107669820 5.2270533690e-01 1358.5541323328
0.7143549450 5.3773178145e-01 1403.3514306459
0.7179429080 5.4083970204e-01 1449.5125811325
0.7215308709 5.4393001841e-01 1451.7681828040
0.7251188339 5.4975719541e-01 1497.0375837926
0.7287067969 5.5333198590e-01 1542.6217198981
0.7322947598 5.5639975222e-01 1544.9822332753
0.7358827228 5.7637277465e-01 1589.4123406186
0.7394706858 5.7886764600e-01 1636.5701523089
0.7430586487 5.8130611439e-01 1638.8257539805
0.7466466117 5.8715980255e-01 1684.0951549690
0.7502345747 5.8926573210e-01 1729.3121001048
0.7538225376 5.9141608599e-01 1776.1551766781
0.7574105006 5.9305081876e-01 1778.4107783496
0.7609984635 6.3037177061e-01 1822.6310622817
0.7645864265 6.3209580909e-01 1869.6839622664
0.7681743895 6.4070371124e-01 1915.0058191078
0.7717623524 6.4242056466e-01 1918.5203612471
0.7753503154 6.4398610392e-01 1964.3143207639
0.7789382784 6.4523979545e-01 2010.3705595449
0.7825262413 6.4648025774e-01 2057.4234595295
0.7861142043 6.4784922879e-01 2062.8788682234
0.7897021673 6.4898717796e-01 2065.1869257477
0.7932901302 6.5010134747e-01 2068.9637471512
0.7968780932 6.5116402097e-01 2115.7543678717
0.8004660562 6.5215608537e-01 2117.9575136904
0.8040540191 6.5313673556e-01 2120.1606595091
0.8076419821 6.5409907641e-01 2122.2064377693
0.8112299451 6.5499200027e-01 2124.8292304105
0.8148179080 6.5587765667e-01 2127.1897437877
0.8184058710 6.5673418404e-01 2129.2879779007
0.8191003154 6.5673418404e-01 2129.2879779007
0.8226882784 6.5673418404e-01 2129.2879779007
0.8262762414 6.5673418404e-01 2129.2879779007
0.8298642043 6.5673418404e-01 2129.2879779007
0.8334521673 6.5673418404e-01 2129.2879779007
0.8370401303 6.5673418404e-01 2129.2879779007
