0.6575183323 1.9345390700e-02 47.1578116903
0.6611062952 3.2406728564e-02 94.1057999693
0.6646942582 4.1504977668e-02 141.1586999540
0.6682822212 4.8422183399e-02 189.4180845536
0.6718701841 5.3713816120e-02 236.6283520967
0.6754581471 5.7617407499e-02 283.2091494059
0.6790461101 6.0696877231e-02 330.2095935378
0.6826340730 6.3001327601e-02 377.8395079035
0.6862220360 9.6470074970e-02 425.1022312995
0.6898099990 9.8633397114e-02 472.1551312841
0.6933979619 1.0018547516e-01 518.4736493292
0.6969859249 1.0141451741e-01 566.2609312534
0.7005738879 1.0238037017e-01 613.5761105022
0.7041618508 1.0321384572e-01 616.1464472906
0.7077498138 1.1199689149e-01 662.4649653357
0.7113377768 1.1299139887e-01 672.4315773726
0.7149257397 1.1359138382e-01 674.5822673385
0.7185137027 1.1419465015e-01 685.6504522847
0.7221016656 1.1473867993e-01 732.7033522693
0.7256896286 1.1527745586e-01 735.3786007635
0.7292775916 1.1578352222e-01 738.9455987556
0.7328655545 1.1614921613e-01 785.8411311818
0.7364535175 1.1664094546e-01 832.1596492269
0.7400414805 1.1681301164e-01 870.7147010538
0.7436294434 1.1709892968e-01 917.5577776271
0.7472174064 1.1738154926e-01 919.6035558873
0.7479118508 1.1738154926e-01 919.6035558873
0.7514998138 1.1738154926e-01 919.6035558873
0.7550877768 1.1738154926e-01 919.6035558873
0.7586757397 1.1738154926e-01 919.6035558873
0.7622637027 1.1738154926e-01 919.6035558873
0.7658516657 1.1738154926e-01 919.6035558873
0.7694396286 1.1738154926e-01 919.6035558873
0.7730275916 1.1738154926e-01 919.6035558873
0.7766155546 1.1738154926e-01 919.6035558873
0.7802035175 1.1738154926e-01 919.6035558873
0.7837914805 1.1738154926e-01 919.6035558873
0.7873794435 1.1738154926e-01 919.6035558873
0.7909674064 1.1738154926e-01 919.6035558873
0.7945553694 1.1738154926e-01 919.6035558873
0.7981433324 1.1738154926e-01 919.6035558873
0.8017312953 1.1738154926e-01 919.6035558873
0.8053192583 1.1738154926e-01 919.6035558873
0.8089072213 1.1738154926e-01 919.6035558873
0.8124951842 1.1738154926e-01 919.6035558873
0.8160831472 1.1738154926e-01 919.6035558873
0.8196711101 1.1738154926e-01 919.6035558873
0.8232590731 1.1738154926e-01 919.6035558873
0.8268470361 1.1738154926e-01 919.6035558873
0.8304349990 1.1738154926e-01 919.6035558873
0.8340229620 1.1738154926e-01 919.6035558873
