0.0000000000 8.6915327476e-03 47.3676351016
0.0035879630 1.5154171462e-02 94.7352702032
0.0071759259 2.0970607281e-02 141.9979935992
0.0107638889 2.5978302632e-02 187.0575711764
0.0143518519 3.0613072827e-02 232.2220604594
0.0179398148 3.5020807128e-02 277.5963731536
0.0215277778 3.9567497786e-02 325.3836550778
0.0251157408 4.3478578132e-02 370.5481443607
0.0287037037 4.6648687329e-02 415.7650894965
0.0322916667 5.0178866253e-02 460.9295787794
0.0358796296 5.3710077257e-02 508.6644048508
0.0394675926 5.7474919069e-02 555.9795840996
0.0430555556 6.0575144042e-02 602.9275723786
0.0466435185 6.3559835659e-02 650.7148543028
0.0502314815 6.6422044744e-02 697.9775776987
0.0538194445 6.9076950192e-02 743.7190813627
0.0574074074 7.1656012382e-02 786.7853365326
0.0609953704 7.4166865509e-02 834.4152508984
0.0645833334 7.6582780166e-02 879.9993870039
0.0681712963 7.9055444432e-02 927.7866689281
0.7471144755 8.0820504903e-02 971.6397618904
0.7507024385 8.2936171904e-02 1014.3388260905
0.7542904014 8.5141861048e-02 1061.6015494865
0.7578783644 8.6865377880e-02 1105.2448190375
0.7614663274 8.8655637235e-02 1149.0979119997
0.7650542903 9.0396400731e-02 1192.6887256979
0.7686422533 9.2220718197e-02 1240.1088166523
0.7722302163 9.3705308909e-02 1283.5422627920
0.7758181792 9.5072183930e-02 1330.4377952182
0.7794061422 9.6313397757e-02 1377.3857834972
0.7829941052 9.7256385085e-02 1421.9732583990
0.7865820681 9.8105812989e-02 1469.3933493535
0.7901700311 9.8868166554e-02 1513.6660891383
0.7937579941 1.0088547799e-01 1557.1519911308
0.7973459570 1.0277573854e-01 1602.3689362666
0.8009339200 1.0409132154e-01 1648.0579840778
0.8045218830 1.0473575072e-01 1695.7928101492
0.8081098459 1.0542781546e-01 1739.5934472586
0.8116978089 1.0660702424e-01 1785.4398626283
0.8152857719 1.0730266570e-01 1832.8074977299
0.8188737348 1.0793398920e-01 1878.5490013939
0.8224616978 1.0891534470e-01 1923.7659465296
0.8260496607 1.0944128438e-01 1966.8322016995
0.8296376237 1.0993843503e-01 2014.1473809483
0.8332255867 1.1100523533e-01 2059.9413404652
0.8368135496 1.1172541033e-01 2107.6761665365
0.8404015126 1.1303999897e-01 2152.7881999666
0.8439894756 1.1359747315e-01 2196.7986604874
0.8475774385 1.1409627469e-01 2238.2387842197
0.8511654015 1.1473229482e-01 2283.4557293555
0.8547533645 1.1660072129e-01 2328.0956601101
0.8583413274 1.1731778952e-01 2375.3583835061
0.8619292904 1.1780135430e-01 2377.5090734719
0.8655172534 1.1843723516e-01 2422.7260186077
0.8691052163 1.1898092105e-01 2470.0411978565
0.8726931793 1.1986004019e-01 2516.8842744298
0.8762811423 1.2037420411e-01 2563.9896302673
0.8798691052 1.2099081645e-01 2609.5213105200
0.8834570682 1.2147037225e-01 2654.7907115086
0.8870450312 1.2190590715e-01 2700.4797593198
0.8906329941 1.2235844885e-01 2745.2770576329
0.8942209571 1.2297116314e-01 2792.4873251760
0.8978089200 1.2369531961e-01 2838.5435639570
0.9013968830 1.2414448643e-01 2885.7538315001
0.9049848460 1.2460118425e-01 2933.1739224546
0.9085728089 1.2494121657e-01 2969.0012699345
0.9121607719 1.2676145224e-01 3016.1066257720
0.9157487349 1.2760388020e-01 3063.6840842849
0.9193366978 1.2813429465e-01 3110.7369842695
0.9229246608 1.2855545906e-01 3158.7865454579
0.9265126238 1.2899182007e-01 3206.2066364123
0.9301005867 1.2976809108e-01 3252.6825220159
0.9336885497 1.3127111696e-01 3299.7354220005
0.9372765127 1.3168685272e-01 3347.0506012493
0.9408644756 1.3221335810e-01 3394.1035012340
0.9444524386 1.3261572120e-01 3441.1564012186
0.9480404016 1.3298492001e-01 3486.4258022072
0.9516283645 1.3335461640e-01 3533.0590553692
0.9552163275 1.3383267176e-01 3580.6889697350
0.9588042905 1.3488713658e-01 3627.7418697196
0.9623922534 1.3521046894e-01 3667.9755088369
0.9659802164 1.3552693628e-01 3706.7403840751
0.9695681793 1.3602187009e-01 3754.2129308824
0.9731561423 1.3633791737e-01 3792.8204385621
0.9767441053 1.3668623860e-01 3840.3978970750
0.9803320682 1.3701377032e-01 3887.4507970596
0.9839200312 1.3732643156e-01 3934.5036970443
0.9875079942 1.3763551145e-01 3936.6019311573
0.9910959571 1.3816041525e-01 3983.7597428476
0.9946839201 1.3844668979e-01 4030.2880843040
0.9982718831 1.3873717151e-01 4073.4067953267
