0.1956021643 4.3312759850e-02 46.9479882790
0.1991901272 8.6577806504e-02 94.8401819089
0.2027780902 1.2231291063e-01 142.1553611576
0.2063660532 1.5909203017e-01 189.4705404064
0.2099540161 1.9189303782e-01 236.7332638024
0.2135419791 2.1905877484e-01 284.3107223153
0.2171299421 2.4277541791e-01 329.4227557454
0.2207179050 2.6766577245e-01 376.8953025526
0.2243058680 2.8465216867e-01 422.1122476884
0.2278938310 2.9929440369e-01 465.9653406507
0.2314817939 3.1581173906e-01 513.1231523410
0.2350697569 3.2954133818e-01 558.7597442993
0.2386577199 3.4296192352e-01 604.5537038162
0.2422456828 3.5837185428e-01 651.8688830649
0.2458336458 3.7066320125e-01 699.6037091363
0.2494216088 3.8069391829e-01 741.1487445743
0.2530095717 3.9116516328e-01 784.1625438914
0.2565975347 4.0232860198e-01 832.1596492269
0.2601854976 4.1149730744e-01 879.2125492115
0.2637734606 4.2018847960e-01 924.8491411699
0.2673614236 4.2714761821e-01 970.0136304528
0.2709493865 4.3404256268e-01 1017.5386331129
0.2745373495 4.3930053973e-01 1060.5524324300
0.2781253125 4.4513683174e-01 1106.9758621807
0.2817132754 4.5089384888e-01 1152.6124541391
0.2853012384 4.5532727038e-01 1191.5346969357
0.2888892014 4.6097679292e-01 1238.7449644789
0.2924771643 4.6629281896e-01 1284.1192771731
0.2960651273 4.7100919866e-01 1331.1721771577
0.2996530903 4.7492038331e-01 1358.3967647743
0.3032410532 4.7873984918e-01 1405.4496647589
0.3068290162 4.8224818743e-01 1449.6174928382
0.3104169792 4.8559278038e-01 1495.2540847965
0.3140049421 4.8839292951e-01 1536.7991202345
0.3175929051 4.9124909257e-01 1580.8095807552
0.3211808680 4.9388059246e-01 1627.8624807399
0.3247688310 4.9636544534e-01 1672.9745141700
0.3283567940 4.9881424478e-01 1699.8319108167
0.3319447569 5.0105073735e-01 1744.9439442468
0.3355327199 5.0330571799e-01 1790.7903596165
0.3391206829 5.0537604207e-01 1835.6401137825
0.3427086458 5.0704782230e-01 1874.4574448735
0.3462966088 5.0886667713e-01 1917.5237000434
0.3498845718 5.1083386171e-01 1919.6219341564
0.3534725347 5.1275649755e-01 1958.4917211003
0.3570604977 5.1457796155e-01 2005.5446210849
0.3606484607 5.1632875982e-01 2052.8073444809
0.3642364236 5.1801196620e-01 2100.1225237296
0.3678243866 5.1965428910e-01 2145.8640273937
0.3714123496 5.2133979438e-01 2191.4481634992
0.3750003125 5.2287450931e-01 2234.9865213445
0.3785882755 5.2455683960e-01 2237.3470347217
0.3821762385 5.2608729809e-01 2278.8920701596
0.3857642014 5.2761635199e-01 2305.7494668064
0.3893521644 5.2915495728e-01 2308.0050684779
0.3929401273 5.3062003495e-01 2310.1033025909
0.3965280903 5.3196349448e-01 2312.4113601152
0.4001160533 5.3344053248e-01 2314.4571383754
0.4037040162 5.3480257642e-01 2359.6740835112
0.4072919792 5.3604888278e-01 2401.1142072435
0.4108799422 5.3739497955e-01 2447.9048279640
0.4144679051 5.3865644499e-01 2475.1294155806
0.4180558681 5.3978128586e-01 2521.9200363011
0.4216438311 5.4090202088e-01 2567.5041724066
0.4252317940 5.4202026178e-01 2610.5179717237
0.4288197570 5.4316043402e-01 2612.8260292480
0.4324077200 5.4420283395e-01 2658.0954302366
0.4359956829 5.4527101517e-01 2705.2532419269
0.4395836459 5.4627880871e-01 2748.3719529496
0.4431716089 5.4732277728e-01 2794.0085449080
0.4467595718 5.4827810121e-01 2833.1406111159
0.4503475348 5.4929031079e-01 2835.1863893761
0.4539354978 5.5018784955e-01 2837.3370793420
0.4575234607 5.5106393358e-01 2882.4491127721
0.4611114237 5.5207218672e-01 2884.6522585908
0.4646993866 5.5284168897e-01 2886.5931251453
0.4682873496 5.5366901118e-01 2932.2297171037
0.4718753126 5.5452160295e-01 2979.2826170883
0.4754632755 5.5537362167e-01 2981.4857629070
0.4790512385 5.5622042488e-01 3028.5911187445
0.4826392015 5.5704739556e-01 3073.8080638802
0.4862271644 5.5787426546e-01 3075.7489304348
0.4898151274 5.5867614940e-01 3119.5495675443
0.4934030904 5.5944835743e-01 3165.5533504724
0.4969910533 5.6009901025e-01 3212.6062504570
0.5005790163 5.6072898011e-01 3257.8756514456
0.5041669793 5.6149607619e-01 3268.7864688334
0.5077549422 5.6210634793e-01 3310.2790484185
