0.0000000000 4.1410017052e-02 46.8955324262
0.0035879630 6.2583901526e-02 94.5254467919
0.0071759259 9.0968078071e-02 140.1620387503
0.0107638889 1.0817841396e-01 187.2149387349
0.0143518519 1.2202394727e-01 235.0546765120
0.0179398148 1.3598129941e-01 281.3207387042
0.0215277778 1.4915631482e-01 327.0097865154
0.0251157408 1.5868037399e-01 374.3774216170
0.0287037037 1.6685391532e-01 422.4794386582
0.0322916667 1.7359005058e-01 469.6897062013
0.0358796296 1.7779718352e-01 516.8999737444
0.0394675926 1.8123228485e-01 563.2184917895
0.0430555556 1.8468166095e-01 610.2713917742
0.0466435185 1.8750993081e-01 656.7997332306
0.0502314815 1.9123835915e-01 703.7477215096
0.0538194445 2.2949262631e-01 748.8072990868
0.0574074074 2.3175968891e-01 794.4438910452
0.0609953704 2.3767498200e-01 841.7066144411
0.0645833334 2.3980374313e-01 887.4481181052
0.0681712963 2.4187055497e-01 889.8086314823
0.0717592593 2.4363395137e-01 936.8615314670
0.0753472223 2.4497568927e-01 939.5892358139
0.0789351852 2.4615819892e-01 941.8448374854
0.0825231482 2.5783532928e-01 988.1633555305
0.0861111112 2.5893171516e-01 990.3140454964
0.0896990741 2.6002506273e-01 1037.6292247451
0.0932870371 2.6085254337e-01 1040.8290317675
0.0968750001 2.6146939167e-01 1085.9935210504
0.1004629630 2.6200186902e-01 1129.6892464542
0.1040509260 2.6387387083e-01 1176.7421464389
0.1076388889 2.6445744169e-01 1223.6901347179
0.1112268519 2.6566365489e-01 1233.0797323737
0.1148148149 2.6613288049e-01 1235.2304223395
0.1155092593 2.6613288049e-01 1235.2304223395
0.1190972223 2.6613288049e-01 1235.2304223395
0.1226851853 2.6613288049e-01 1235.2304223395
0.1262731482 2.6613288049e-01 1235.2304223395
0.1298611112 2.6613288049e-01 1235.2304223395
0.1334490742 2.6613288049e-01 1235.2304223395
0.1370370371 2.6613288049e-01 1235.2304223395
0.1406250001 2.6613288049e-01 1235.2304223395
0.1442129630 2.6613288049e-01 1235.2304223395
0.1478009260 2.6613288049e-01 1235.2304223395
0.1513888890 2.6613288049e-01 1235.2304223395
0.1549768519 2.6613288049e-01 1235.2304223395
0.1585648149 2.6613288049e-01 1235.2304223395
0.1621527779 2.6613288049e-01 1235.2304223395
0.1657407408 2.6613288049e-01 1235.2304223395
0.1693287038 2.6613288049e-01 1235.2304223395
0.1729166668 2.6613288049e-01 1235.2304223395
0.1765046297 2.6613288049e-01 1235.2304223395
0.1800925927 2.6613288049e-01 1235.2304223395
0.1836805557 2.6613288049e-01 1235.2304223395
0.1872685186 2.6613288049e-01 1235.2304223395
0.1908564816 2.6613288049e-01 1235.2304223395
0.1944444446 2.6613288049e-01 1235.2304223395
0.1980324075 2.6613288049e-01 1235.2304223395
0.2016203705 2.6613288049e-01 1235.2304223395
0.2052083334 2.6613288049e-01 1235.2304223395
0.2087962964 2.6613288049e-01 1235.2304223395
0.2123842594 2.6613288049e-01 1235.2304223395
0.2159722223 2.6613288049e-01 1235.2304223395
0.2195601853 2.6613288049e-01 1235.2304223395
0.2231481483 2.6613288049e-01 1235.2304223395
0.2267361112 2.6613288049e-01 1235.2304223395
0.2303240742 2.6613288049e-01 1235.2304223395
