703 80.23141 40.55000 55956.14118 21.65000 299 0.01873 1.03946 g -1
704 88.84822 40.55000 55956.14477 21.65000 299 0.01527 1.07236 g -1
702 71.61980 40.55000 55956.14836 21.65000 299 0.01516 1.01215 g -1
658 78.41211 33.35000 55956.15195 21.65000 299 0.01396 1.01545 g -1
744 81.85354 47.75000 55956.15554 21.65000 299 0.01383 1.05098 g -1
659 86.23064 33.35000 55956.15912 21.65000 299 0.01308 1.03227 g -1
743 72.25385 47.75000 55956.16271 21.65000 299 0.01171 1.03287 g -1
745 91.27823 47.75000 55956.16630 21.65000 299 0.01059 1.06869 g -1
657 70.62833 33.35000 55956.16989 21.65000 299 0.01006 1.00055 g -1
705 97.46504 40.55000 55956.17348 21.65000 299 0.00989 1.06332 g -1
660 94.08393 33.35000 55956.17706 21.65000 299 0.00979 1.03780 g -1
661 101.93721 33.35000 55956.18065 21.65000 299 0.00665 1.07086 g -1
701 63.07173 40.55000 55956.18424 21.65000 299 0.00662 1.03047 g -1
611 83.74320 26.15000 55956.18783 21.65000 299 0.00659 1.01015 g -1
746 100.70292 47.75000 55956.19142 21.65000 299 0.00658 1.07001 g -1
612 91.24686 26.15000 55956.19500 21.65000 299 0.00607 1.01801 g -1
780 82.05244 54.95000 55956.19859 21.65000 299 0.00596 1.07567 g -1
706 106.08185 40.55000 55956.20218 21.65000 299 0.00593 1.05503 g -1
610 76.21760 26.15000 55956.20577 21.65000 299 0.00554 1.01881 g -1
742 62.43545 47.75000 55956.20936 21.65000 299 0.00494 1.09033 g -1
781 92.97719 54.95000 55956.21294 21.65000 299 0.00494 1.07724 g -1
613 98.72857 26.15000 55956.21653 21.65000 299 0.00491 1.01741 g -1
779 71.12768 54.95000 55956.22012 21.65000 299 0.00442 1.10968 g -1
662 109.79050 33.35000 55956.22371 21.65000 299 0.00441 1.03323 g -1
416 142.62000 -2.65000 55956.22730 21.65000 299 0.00408 1.91589 g -1
364 139.22750 -9.85000 55956.23088 21.65000 299 0.00599 2.02126 g -1
656 62.84456 33.35000 55956.23447 21.65000 299 0.00403 1.12997 g -1
614 106.21029 26.15000 55956.23806 21.65000 299 0.00385 1.01683 g -1
747 110.12762 47.75000 55956.24165 21.65000 299 0.00368 1.04414 g -1
707 114.69867 40.55000 55956.24524 21.65000 299 0.00344 1.02916 g -1
365 146.29717 -9.85000 55956.24882 21.65000 299 0.00755 2.04627 g -1
313 136.00443 -17.05000 55956.25241 21.65000 299 0.00465 1.97668 g -1
415 135.53000 -2.65000 55956.25600 21.65000 299 0.00343 1.45882 g -1
363 132.15783 -9.85000 55956.25959 21.65000 299 0.00334 1.56306 g -1
417 149.71000 -2.65000 55956.26318 21.65000 299 0.00312 1.71438 g -1
314 143.03513 -17.05000 55956.26676 21.65000 299 0.00858 2.03526 g -1
366 153.36683 -9.85000 55956.27035 21.65000 299 0.00488 2.01735 g -1
782 103.90195 54.95000 55956.27394 21.65000 299 0.00312 1.07894 g -1
609 68.69200 26.15000 55956.27753 21.65000 299 0.00304 1.26571 g -1
615 113.69200 26.15000 55956.28112 21.65000 299 0.00300 1.00807 g -1
663 117.64379 33.35000 55956.28470 21.65000 299 0.00293 1.00115 g -1
315 150.06583 -17.05000 55956.28829 21.65000 299 0.00878 2.01148 g -1
563 95.57843 18.95000 55956.29188 21.65000 299 0.00255 1.09391 g -1
564 102.73929 18.95000 55956.29547 21.65000 299 0.00250 1.06417 g -1
562 88.37309 18.95000 55956.29906 21.65000 299 0.00241 1.17031 g -1
466 137.51578 4.55000 55956.30264 21.65000 299 0.00239 1.18923 g -1
316 157.09652 -17.05000 55956.30623 21.65000 299 0.00351 2.02967 g -1
264 141.25200 -24.25000 55956.30982 21.65000 299 0.00346 2.00572 g -1
565 109.79245 18.95000 55956.31341 21.65000 299 0.00236 1.06186 g -1
616 121.17371 26.15000 55956.31700 21.65000 299 0.00231 1.01078 g -1
414 128.44000 -2.65000 55956.32058 21.65000 299 0.00229 1.23711 g -1
566 116.84562 18.95000 55956.32417 21.65000 299 0.00221 1.05065 g -1
265 148.53743 -24.25000 55956.32776 21.65000 299 0.00475 2.01963 g -1
465 130.67400 4.55000 55956.33135 21.65000 299 0.00220 1.14179 g -1
467 144.35756 4.55000 55956.33493 21.65000 299 0.00207 1.16543 g -1
708 123.31548 40.55000 55956.33852 21.65000 299 0.00201 1.01867 g -1
748 119.55231 47.75000 55956.34211 21.65000 299 0.00199 1.05447 g -1
567 123.89878 18.95000 55956.34570 21.65000 299 0.00199 1.05299 g -1
266 155.82286 -24.25000 55956.34929 21.65000 299 0.00224 2.01166 g -1
664 125.49707 33.35000 55956.35287 21.65000 299 0.00194 1.01956 g -1
517 128.57400 11.75000 55956.35646 21.65000 299 0.00193 1.09598 g -1
561 81.12327 18.95000 55956.36005 21.65000 299 0.00193 1.75963 g -1
516 121.29889 11.75000 55956.36364 21.65000 299 0.00186 1.14653 g -1
312 128.97374 -17.05000 55956.36723 21.65000 299 0.00185 1.64281 g -1
464 123.83222 4.55000 55956.37081 21.65000 299 0.00179 1.22365 g -1
518 135.84911 11.75000 55956.37440 21.65000 299 0.00174 1.09336 g -1
812 86.66667 62.15000 55956.37799 21.65000 299 0.00173 1.48425 g -1
783 114.82671 54.95000 55956.38158 21.65000 299 0.00171 1.18223 g -1
617 128.65543 26.15000 55956.38517 21.65000 299 0.00171 1.06665 g -1
515 114.02378 11.75000 55956.38875 21.65000 299 0.00166 1.32115 g -1
568 130.95195 18.95000 55956.39234 21.65000 299 0.00165 1.09966 g -1
362 125.08817 -9.85000 55956.39593 21.65000 299 0.00158 1.60779 g -1
514 106.74867 11.75000 55956.39952 21.65000 299 0.00141 1.54440 g -1
813 100.00000 62.15000 55956.40311 21.65000 299 0.00140 1.43120 g -1
413 121.35000 -2.65000 55956.40669 21.65000 299 0.00136 1.56288 g -1
463 116.99044 4.55000 55956.41028 21.65000 299 0.00134 1.52679 g -1
811 73.33333 62.15000 55956.41387 21.65000 299 0.00129 1.98856 g -1
519 143.12422 11.75000 55956.41746 21.65000 299 0.00129 1.13127 g -1
665 133.35036 33.35000 55956.42105 21.65000 299 0.00122 1.10485 g -1
569 138.00511 18.95000 55956.42463 21.65000 299 0.00121 1.13260 g -1
468 151.19933 4.55000 55956.42822 21.65000 299 0.00120 1.18013 g -1
709 131.93230 40.55000 55956.43181 21.65000 299 0.00119 1.14408 g -1
418 156.80000 -2.65000 55956.43540 21.65000 299 0.00116 1.26570 g -1
618 136.13714 26.15000 55956.43899 21.65000 299 0.00113 1.15700 g -1
367 160.43650 -9.85000 55956.44257 21.65000 299 0.00111 1.40228 g -1
749 128.97700 47.75000 55956.44616 21.65000 299 0.00111 1.22923 g -1
784 125.75146 54.95000 55956.44975 21.65000 299 0.00091 1.29809 g -1
814 113.33333 62.15000 55956.45334 21.65000 299 0.00088 1.49130 g -1
570 145.05827 18.95000 55956.45693 21.65000 299 0.00076 1.17381 g -1
520 150.39933 11.75000 55956.46051 21.65000 299 0.00070 1.19439 g -1
666 141.20364 33.35000 55956.46410 21.65000 299 0.00068 1.17287 g -1
619 143.61886 26.15000 55956.46769 21.65000 299 0.00066 1.18703 g -1
710 140.54911 40.55000 55956.47128 21.65000 299 0.00064 1.19714 g -1
750 138.40169 47.75000 55956.47487 21.65000 299 0.00063 1.23905 g -1
785 136.67622 54.95000 55956.47845 21.65000 299 0.00052 1.29230 g -1
815 126.66667 62.15000 55956.48204 21.65000 299 0.00050 1.45329 g -1
1410 147.14208 -6.25000 55956.48563 21.65000 299 0.00044 1.73146 g -1
317 164.12722 -17.05000 55956.48922 21.65000 299 0.00041 1.76407 g -1
571 152.11144 18.95000 55956.49281 21.65000 299 0.00038 1.24087 g -1
469 158.04111 4.55000 55956.49639 21.65000 299 0.00038 1.34552 g -1
667 149.05693 33.35000 55956.49998 21.65000 299 0.00037 1.23117 g -1
620 151.10057 26.15000 55956.50357 21.65000 299 0.00035 1.25502 g -1
839 111.42857 69.35000 55956.50716 21.65000 299 0.00033 1.81839 g -1
711 149.16593 40.55000 55956.51075 21.65000 299 0.00033 1.26273 g -1
751 147.82638 47.75000 55956.51433 21.65000 299 0.00030 1.29466 g -1
816 140.00000 62.15000 55956.51792 21.65000 299 0.00029 1.44881 g -1
786 147.60097 54.95000 55956.52151 21.65000 299 0.00026 1.34386 g -1
521 157.67444 11.75000 55956.52510 21.65000 299 0.00024 1.41890 g -1
840 128.57143 69.35000 55956.52868 21.65000 299 0.00022 1.67502 g -1
668 156.91021 33.35000 55956.53227 21.65000 299 0.00021 1.28296 g -1
712 157.78274 40.55000 55956.53586 21.65000 299 0.00021 1.26869 g -1
752 157.25108 47.75000 55956.53945 21.65000 299 0.00020 1.29035 g -1
778 60.11656 54.95000 55957.09314 21.65000 299 0.00159 1.09243 g -1
700 54.52367 40.55000 55957.09673 21.65000 299 0.00131 1.01292 g -1
560 73.87345 18.95000 55957.10031 21.65000 299 0.00117 1.11837 g -1
513 99.62356 11.75000 55957.10390 21.65000 299 0.00113 1.55601 g -1
608 61.16640 26.15000 55957.10749 21.65000 299 0.00093 1.01910 g -1
462 110.14867 4.55000 55957.11108 21.65000 299 0.00094 2.03529 g -1
512 92.56888 11.75000 55957.11467 21.65000 299 0.00084 1.33129 g -1
741 52.39836 47.75000 55957.11825 21.65000 299 0.00081 1.03334 g -1
655 55.06078 33.35000 55957.12184 21.65000 299 0.00081 1.00024 g -1
1701 79.30200 36.95000 55957.12543 21.65000 299 0.00081 1.05075 g -1
1743 81.28508 44.15000 55957.12902 21.65000 299 0.00076 1.06616 g -1
1702 87.66852 36.95000 55957.13261 21.65000 299 0.00070 1.08230 g -1
1742 72.03800 44.15000 55957.13619 21.65000 299 0.00066 1.02826 g -1
412 114.26000 -2.65000 55957.13978 21.65000 299 0.00077 2.01149 g -1
