566 116.84562 18.95000 55944.13917 21.65000 299 0.02515 2.04476 g -1
616 121.17371 26.15000 55944.14276 21.65000 299 0.04287 1.99994 g -1
664 125.49707 33.35000 55944.14635 21.65000 299 0.00541 1.97230 g -1
1612 118.99737 22.55000 55944.14994 21.65000 299 0.00366 1.86803 g -1
567 123.89878 18.95000 55944.16070 21.65000 299 0.11387 2.00763 g -1
516 121.29889 11.75000 55944.16429 21.65000 299 0.10085 2.02895 g -1
463 116.99044 4.55000 55944.16788 21.65000 299 0.00565 1.99356 g -1
1562 122.12143 15.35000 55944.17147 21.65000 299 0.00496 1.84334 g -1
1510 118.98841 8.15000 55944.17505 21.65000 299 0.00272 1.85246 g -1
1511 125.92100 8.15000 55944.18223 21.65000 299 0.00476 2.05537 g -1
464 123.83222 4.55000 55944.18582 21.65000 299 0.18845 2.01163 g -1
1458 122.64077 0.95000 55944.18941 21.65000 299 0.01510 2.02444 g -1
413 121.35000 -2.65000 55944.19299 21.65000 299 0.15543 2.04435 g -1
517 128.57400 11.75000 55944.19658 21.65000 299 0.00292 1.82818 g -1
414 128.44000 -2.65000 55944.21452 21.65000 299 0.03169 2.01268 g -1
1407 126.32304 -6.25000 55944.21811 21.65000 299 0.02334 2.01008 g -1
362 125.08817 -9.85000 55944.22528 21.65000 299 0.15150 2.00879 g -1
1354 123.05914 -13.45000 55944.23246 21.65000 299 0.00207 2.00038 g -1
311 121.94304 -17.05000 55944.24322 21.65000 299 0.00610 2.00922 g -1
312 128.97374 -17.05000 55944.26116 21.65000 299 0.01851 2.02749 g -1
464 123.83222 4.55000 55944.26186 21.65000 299 0.18845 1.30239 r -1
413 121.35000 -2.65000 55944.26545 21.65000 299 0.15543 1.37778 r -1
362 125.08817 -9.85000 55944.26903 21.65000 299 0.15150 1.58498 r -1
567 123.89878 18.95000 55944.27262 21.65000 299 0.11387 1.12345 r -1
516 121.29889 11.75000 55944.27621 21.65000 299 0.10085 1.14820 r -1
616 121.17371 26.15000 55944.27980 21.65000 299 0.04287 1.05828 r -1
414 128.44000 -2.65000 55944.28339 21.65000 299 0.03169 1.38541 r -1
566 116.84562 18.95000 55944.28697 21.65000 299 0.02515 1.05638 r -1
1407 126.32304 -6.25000 55944.29056 21.65000 299 0.02334 1.40556 r -1
312 128.97374 -17.05000 55944.29415 21.65000 299 0.01851 1.74411 r -1
1458 122.64077 0.95000 55944.29774 21.65000 299 0.01510 1.22847 r -1
311 121.94304 -17.05000 55944.30133 21.65000 299 0.00610 1.62545 r -1
463 116.99044 4.55000 55944.30491 21.65000 299 0.00565 1.15006 r -1
664 125.49707 33.35000 55944.30850 21.65000 299 0.00541 1.02236 r -1
1562 122.12143 15.35000 55944.31209 21.65000 299 0.00496 1.06460 r -1
1511 125.92100 8.15000 55944.31568 21.65000 299 0.00476 1.12888 r -1
1612 118.99737 22.55000 55944.31927 21.65000 299 0.00366 1.02011 r -1
517 128.57400 11.75000 55944.32285 21.65000 299 0.00292 1.09791 r -1
1510 118.98841 8.15000 55944.32644 21.65000 299 0.00272 1.10585 r -1
1354 123.05914 -13.45000 55944.33003 21.65000 299 0.00207 1.46656 r -1
