257 89.87725 -24.25000 55947.26309 21.65000 299 0.03080 1.89211 g -1
307 93.69218 -17.05000 55947.26668 21.65000 299 0.02018 1.57785 g -1
874 220.00000 83.75000 55947.27027 21.65000 299 0.01523 1.99342 g -1
872 140.00000 83.75000 55947.27386 21.65000 299 0.01351 1.61816 g -1
357 89.79104 -9.85000 55947.27744 21.65000 299 0.01130 1.41367 g -1
306 86.61025 -17.05000 55947.28103 21.65000 299 0.01112 1.66681 g -1
873 180.00000 83.75000 55947.28462 21.65000 299 0.01102 1.75114 g -1
858 108.00000 76.55000 55947.28821 21.65000 299 0.00942 1.37130 g -1
839 111.42857 69.35000 55947.29180 21.65000 299 0.00691 1.23641 g -1
859 132.00000 76.55000 55947.29538 21.65000 299 0.00561 1.39993 g -1
862 204.00000 76.55000 55947.29897 21.65000 299 0.00537 1.90951 g -1
861 180.00000 76.55000 55947.30256 21.65000 299 0.00382 1.64566 g -1
813 100.00000 62.15000 55947.30615 21.65000 299 0.00360 1.15439 g -1
860 156.00000 76.55000 55947.30974 21.65000 299 0.00342 1.46913 g -1
521 157.67444 11.75000 55947.31332 21.65000 299 0.00296 1.38723 g -1
572 159.16460 18.95000 55947.31691 21.65000 299 0.00283 1.30713 g -1
573 166.21777 18.95000 55947.32050 21.65000 299 0.00283 1.41041 g -1
623 173.54571 26.15000 55947.32409 21.65000 299 0.00272 1.46050 g -1
845 214.28571 69.35000 55947.32767 21.65000 299 0.00514 2.00755 g -1
622 166.06400 26.15000 55947.33126 21.65000 299 0.00234 1.27596 g -1
782 103.90195 54.95000 55947.33485 21.65000 299 0.00220 1.10857 g -1
871 100.00000 83.75000 55947.33844 21.65000 299 0.00207 1.58825 g -1
863 228.00000 76.55000 55947.34203 21.65000 299 0.00966 2.01782 g -1
840 128.57143 69.35000 55947.34561 21.65000 299 0.00196 1.23536 g -1
408 86.05288 -2.65000 55947.34920 21.65000 299 0.00186 1.70283 g -1
814 113.33333 62.15000 55947.35279 21.65000 299 0.00175 1.16246 g -1
469 158.04111 4.55000 55947.35638 21.65000 299 0.00171 1.27025 g -1
627 203.47257 26.15000 55947.35997 21.65000 299 0.00209 2.04536 g -1
624 181.02743 26.15000 55947.36355 21.65000 299 0.00167 1.32804 g -1
674 204.02993 33.35000 55947.36714 21.65000 299 0.00159 1.80152 g -1
673 196.17664 33.35000 55947.37073 21.65000 299 0.00157 1.52617 g -1
846 231.42857 69.35000 55947.37432 21.65000 299 0.00628 2.01273 g -1
875 260.00000 83.75000 55947.37791 21.65000 299 0.00331 1.99698 g -1
628 210.95429 26.15000 55947.38149 21.65000 299 0.00168 2.03016 g -1
579 208.96753 18.95000 55947.38508 21.65000 299 0.00220 2.06480 g -1
626 195.99086 26.15000 55947.38867 21.65000 299 0.00151 1.44093 g -1
823 233.33333 62.15000 55947.39226 21.65000 299 0.00975 2.02571 g -1
528 208.15022 11.75000 55947.39585 21.65000 299 0.00172 2.04452 g -1
822 220.00000 62.15000 55947.39943 21.65000 299 0.00151 1.66557 g -1
418 156.80000 -2.65000 55947.40302 21.65000 299 0.00136 1.25160 g -1
580 216.23608 18.95000 55947.40661 21.65000 299 0.00133 2.03764 g -1
864 252.00000 76.55000 55947.41020 21.65000 299 0.02761 2.00815 g -1
794 235.60357 54.95000 55947.41379 21.65000 299 0.00851 1.97967 g -1
529 215.12533 11.75000 55947.41737 21.65000 299 0.00138 2.00312 g -1
847 248.57143 69.35000 55947.42096 21.65000 299 0.01464 2.01814 g -1
1875 252.48468 72.95000 55947.42455 21.65000 299 0.00164 2.00432 g -1
824 246.66667 62.15000 55947.42814 21.65000 299 0.00315 2.03569 g -1
477 212.77533 4.55000 55947.43173 21.65000 299 0.00145 1.88513 g -1
760 234.04862 47.75000 55947.43531 21.65000 299 0.00136 1.78313 g -1
672 188.32336 33.35000 55947.43890 21.65000 299 0.00132 1.08322 g -1
761 243.82331 47.75000 55947.44249 21.65000 299 0.01056 2.03200 g -1
795 246.70105 54.95000 55947.44608 21.65000 299 0.00498 1.96107 g -1
746 100.70292 47.75000 55947.44967 21.65000 299 0.00122 1.53699 g -1
722 243.95089 40.55000 55947.45325 21.65000 299 0.00848 2.02264 g -1
578 201.71129 18.95000 55947.45684 21.65000 299 0.00121 1.20068 g -1
679 243.29636 33.35000 55947.46043 21.65000 299 0.00412 2.03671 g -1
675 211.88321 33.35000 55947.46402 21.65000 299 0.00119 1.21376 g -1
825 260.00000 62.15000 55947.46761 21.65000 299 0.03102 2.00964 g -1
848 265.71429 69.35000 55947.47119 21.65000 299 0.02541 1.99698 g -1
796 257.79854 54.95000 55947.47478 21.65000 299 0.00819 1.98445 g -1
1856 263.87953 65.75000 55947.47837 21.65000 299 0.00170 1.95467 g -1
680 251.14964 33.35000 55947.48196 21.65000 299 0.00349 2.04034 g -1
633 248.36286 26.15000 55947.48555 21.65000 299 0.00422 2.02064 g -1
584 245.31027 18.95000 55947.48913 21.65000 299 0.00176 1.99949 g -1
723 252.56770 40.55000 55947.49272 21.65000 299 0.00165 1.80292 g -1
763 263.37269 47.75000 55947.49631 21.65000 299 0.01811 2.03603 g -1
724 261.18452 40.55000 55947.49990 21.65000 299 0.00265 2.03958 g -1
797 268.89602 54.95000 55947.50349 21.65000 299 0.03026 2.00854 g -1
826 273.33333 62.15000 55947.50707 21.65000 299 0.00940 1.98448 g -1
534 250.00089 11.75000 55947.51066 21.65000 299 0.00132 2.06430 g -1
1800 270.49180 51.35000 55947.51425 21.65000 299 0.00127 1.99230 g -1
585 252.57882 18.95000 55947.51784 21.65000 299 0.00125 1.85641 g -1
865 276.00000 76.55000 55947.52142 21.65000 299 0.00123 1.80938 g -1
725 269.80133 40.55000 55947.52501 21.65000 299 0.01789 2.01925 g -1
764 273.14738 47.75000 55947.52860 21.65000 299 0.01483 1.96305 g -1
682 266.85621 33.35000 55947.53219 21.65000 299 0.00339 1.92847 g -1
762 253.59800 47.75000 55947.53578 21.65000 299 0.00115 1.40864 g -1
625 188.50914 26.15000 55947.53936 21.65000 299 0.00115 1.01749 g -1
1830 258.98986 58.55000 55947.54295 21.65000 299 0.00114 1.45730 g -1
671 180.47007 33.35000 55947.54654 21.65000 299 0.00114 1.04205 g -1
717 200.86681 40.55000 55947.55013 21.65000 299 0.00108 1.00781 g -1
718 209.48363 40.55000 55947.55372 21.65000 299 0.00096 1.01238 g -1
716 192.25000 40.55000 55947.55730 21.65000 299 0.00095 1.02134 g -1
468 151.19933 4.55000 55947.56089 21.65000 299 0.00095 1.87883 g -1
1763 266.22662 44.15000 55947.56448 21.65000 299 0.00094 1.45780 g -1
629 218.43600 26.15000 55947.56807 21.65000 299 0.00093 1.02126 g -1
426 213.52000 -2.65000 55947.57166 21.65000 299 0.00089 1.24087 g -1
844 197.14286 69.35000 55947.57524 21.65000 299 0.00088 1.24709 g -1
838 94.28571 69.35000 55948.08773 21.65000 299 0.00096 1.50172 g -1
783 114.82671 54.95000 55948.09131 21.65000 299 0.00065 1.82505 g -1
879 170.00000 88.00000 55948.09490 21.65000 299 0.00055 1.88996 g -1
781 92.97719 54.95000 55948.09849 21.65000 299 0.00053 1.36335 g -1
815 126.66667 62.15000 55948.10208 21.65000 299 0.00048 1.95356 g -1
409 93.08173 -2.65000 55948.10567 21.65000 299 0.00074 2.01080 g -1
705 97.46504 40.55000 55948.10925 21.65000 299 0.00047 1.37492 g -1
403 50.90865 -2.65000 55948.11284 21.65000 299 0.00047 1.24360 g -1
1868 112.43831 72.95000 55948.11643 21.65000 299 0.00042 1.60811 g -1
747 110.12762 47.75000 55948.12002 21.65000 299 0.00040 1.51363 g -1
1349 88.66587 -13.45000 55948.12361 21.65000 299 0.00081 2.03384 g -1
1885 118.24185 80.15000 55948.12719 21.65000 299 0.00033 1.68595 g -1
841 145.71429 69.42000 55948.13437 21.65000 299 0.00053 2.01560 g -1
1299 91.64865 -20.65000 55948.16666 21.65000 299 0.00191 2.00855 g -1
258 97.27032 -24.25000 55948.20972 21.65000 299 0.00285 2.00362 g -1
621 158.58229 26.15000 55948.23483 21.65000 299 0.00048 2.01118 g -1
520 150.39933 11.75000 55948.23842 21.65000 299 0.00044 1.94997 g -1
669 164.76350 33.35000 55948.24201 21.65000 299 0.00032 2.00832 g -1
754 176.10046 47.75000 55948.25277 21.65000 299 0.00038 2.02715 g -1
714 175.01637 40.55000 55948.25995 21.65000 299 0.00039 2.02025 g -1
