0.0215277778 2.4353787626e-02 46.8955324262
0.0287037037 9.4981643368e-02 94.5779026447
0.0322916667 1.2543718274e-01 142.3651845689
0.0358796296 2.9560989687e-01 170.6388892420
0.0394675926 4.1956743034e-01 204.7351935787
0.0430555556 4.5429364930e-01 251.7880935634
0.0466435185 6.0285842942e-01 287.0384266622
0.0502314815 6.2892752544e-01 303.5095644495
0.0538194445 6.6655407698e-01 349.1986122607
0.0574074074 7.2035967066e-01 380.0951095750
0.0609953704 7.5175671143e-01 425.9939807975
0.0645833334 7.6082524749e-01 473.0468807821
0.0681712963 8.3167252813e-01 518.9457520046
0.0717592593 8.3805280305e-01 521.3062653818
0.0753472223 8.5490709380e-01 566.9428573401
0.0789351852 8.6032517899e-01 614.0482131776
0.0825231482 8.9485684084e-01 661.1011131623
0.0861111112 9.0207284973e-01 706.7377051206
0.0896990741 9.0579526509e-01 708.8883950865
0.0932870371 9.0919387822e-01 711.8783786975
0.0968750001 9.1839272972e-01 757.6198823616
0.1004629630 9.2091066251e-01 759.7705723274
0.1011574075 9.2091066251e-01 759.7705723274
0.1047453704 9.2091066251e-01 759.7705723274
0.1083333334 9.2091066251e-01 759.7705723274
0.1119212964 9.2091066251e-01 759.7705723274
0.1155092593 9.2091066251e-01 759.7705723274
0.1190972223 9.2091066251e-01 759.7705723274
0.1226851853 9.2091066251e-01 759.7705723274
0.1262731482 9.2091066251e-01 759.7705723274
0.1298611112 9.2091066251e-01 759.7705723274
0.1334490742 9.2091066251e-01 759.7705723274
0.1370370371 9.2091066251e-01 759.7705723274
0.1406250001 9.2091066251e-01 759.7705723274
0.1442129630 9.2091066251e-01 759.7705723274
0.1478009260 9.2091066251e-01 759.7705723274
0.1513888890 9.2091066251e-01 759.7705723274
0.1549768519 9.2091066251e-01 759.7705723274
0.1585648149 9.2091066251e-01 759.7705723274
0.1621527779 9.2091066251e-01 759.7705723274
0.1657407408 9.2091066251e-01 759.7705723274
0.1693287038 9.2091066251e-01 759.7705723274
0.1729166668 9.2091066251e-01 759.7705723274
0.1765046297 9.2091066251e-01 759.7705723274
