809 46.66667 62.15000 55965.09790 21.65000 299 0.00308 1.14803 g -1
867 324.00000 76.55000 55965.10149 21.65000 299 0.00281 1.90957 g -1
700 54.52367 40.55000 55965.10508 21.65000 299 0.00251 1.00948 g -1
777 49.31587 54.95000 55965.10867 21.65000 299 0.00235 1.08490 g -1
741 52.39836 47.75000 55965.11226 21.65000 299 0.00209 1.03931 g -1
655 55.06078 33.35000 55965.11584 21.65000 299 0.00197 1.00555 g -1
607 53.64080 26.15000 55965.11943 21.65000 299 0.00066 1.01942 g -1
835 42.85714 69.35000 55965.12302 21.65000 299 0.00059 1.27019 g -1
810 60.00000 62.15000 55965.12661 21.65000 299 0.00041 1.14436 g -1
776 38.72562 54.95000 55965.13020 21.65000 299 0.00034 1.14865 g -1
808 33.33333 62.15000 55965.13378 21.65000 299 0.00030 1.24390 g -1
778 60.11656 54.95000 55965.13737 21.65000 299 0.00026 1.08404 g -1
836 60.00000 69.35000 55965.14096 21.65000 299 0.00019 1.24521 g -1
740 42.36127 47.75000 55965.14455 21.65000 299 0.00018 1.12115 g -1
699 45.97560 40.55000 55965.14814 21.65000 299 0.00016 1.08927 g -1
361 118.01850 -9.85000 55965.15172 21.65000 299 0.00015 1.96135 g -1
310 114.91235 -17.05000 55965.16608 21.65000 299 0.00042 2.01271 g -1
311 121.94304 -17.05000 55965.18402 21.65000 299 0.00033 2.03113 g -1
260 112.05646 -24.25000 55965.20196 21.65000 299 0.00047 2.01867 g -1
261 119.39571 -24.25000 55965.22348 21.65000 299 0.00077 2.01179 g -1
313 136.00443 -17.05000 55965.22707 21.65000 299 0.00014 1.98504 g -1
314 143.03513 -17.05000 55965.24501 21.65000 299 0.00023 2.00246 g -1
366 153.36683 -9.85000 55965.24860 21.65000 299 0.00018 1.97713 g -1
315 150.06583 -17.05000 55965.26295 21.65000 299 0.00034 2.02040 g -1
367 160.43650 -9.85000 55965.26654 21.65000 299 0.00042 2.00049 g -1
316 157.09652 -17.05000 55965.28089 21.65000 299 0.00122 2.03888 g -1
368 167.50617 -9.85000 55965.28448 21.65000 299 0.00044 2.02463 g -1
264 141.25200 -24.25000 55965.28807 21.65000 299 0.00034 1.98973 g -1
317 164.12722 -17.05000 55965.30242 21.65000 299 0.00062 2.01488 g -1
265 148.53743 -24.25000 55965.30601 21.65000 299 0.00018 2.00270 g -1
373 202.85450 -9.85000 55965.38135 21.65000 299 0.00032 2.04033 g -1
321 192.25000 -17.05000 55965.38494 21.65000 299 0.00023 1.96423 g -1
322 199.28070 -17.05000 55965.39929 21.65000 299 0.00060 2.02097 g -1
323 206.31139 -17.05000 55965.41723 21.65000 299 0.00038 2.03909 g -1
876 300.00000 83.75000 55965.43517 21.65000 299 0.00084 2.00432 g -1
272 199.53543 -24.25000 55965.44594 21.65000 299 0.00050 2.01126 g -1
273 206.82086 -24.25000 55965.46747 21.65000 299 0.00044 2.00313 g -1
1877 292.43831 72.95000 55965.48540 21.65000 299 0.00019 2.00771 g -1
866 300.00000 76.55000 55965.49258 21.65000 299 0.00694 2.01424 g -1
850 300.00000 69.35000 55965.51411 21.65000 299 0.01441 2.01854 g -1
828 300.00000 62.15000 55965.52846 21.65000 299 0.01132 2.01726 g -1
1878 312.43831 72.95000 55965.53922 21.65000 299 0.00095 2.01783 g -1
1859 308.79758 65.75000 55965.54640 21.65000 299 0.00101 2.01638 g -1
800 302.18847 54.95000 55965.54999 21.65000 299 0.00068 1.96776 g -1
851 317.14286 69.35000 55965.56075 21.65000 299 0.01144 2.02533 g -1
829 313.33333 62.15000 55965.56434 21.65000 299 0.00837 2.02813 g -1
850 300.00000 69.35000 55965.56503 21.65000 299 0.01441 1.69795 r -1
851 317.14286 69.35000 55965.56862 21.65000 299 0.01144 1.96734 r -1
