0.0000000000 6.7561033999e-03 47.6299143657
0.0035879630 1.2279114899e-02 94.9975494673
0.0071759259 1.7586902615e-02 142.2078170105
0.0107638889 2.2406880699e-02 190.0475547875
0.0143518519 2.7097034695e-02 237.2578223306
0.0179398148 3.0354942611e-02 284.5730015794
0.0215277778 3.3223880990e-02 329.7899467152
0.0251157408 3.6339660776e-02 376.4756557300
0.0287037037 3.9273740645e-02 424.2629376542
0.0322916667 4.2134353302e-02 469.8995296126
0.0358796296 4.4590342189e-02 517.1622530086
0.0394675926 4.6338534171e-02 560.7530667067
0.0430555556 4.7823014830e-02 603.8717777294
0.0466435185 4.9366065245e-02 650.6623984500
0.5528826736 6.0935198428e-02 698.5021362270
0.5564706366 6.7194880874e-02 746.2894181512
0.5600585995 7.0514834408e-02 794.0242442226
0.5636465625 7.3692936954e-02 841.6017027355
0.5672345255 7.6520914582e-02 889.0217936899
0.5708224884 8.9913232205e-02 936.2320612331
0.5744104514 9.7079954822e-02 984.0717990101
0.5779984144 1.0031345457e-01 1031.6492575230
0.5815863773 1.0364072716e-01 1079.5414511529
0.5851743403 1.0539943883e-01 1126.8566304016
0.5887623033 1.1840599652e-01 1173.0177808883
0.5923502662 1.2382962119e-01 1220.6476952540
0.5959382292 1.2545977178e-01 1268.8021681480
0.5995261922 1.2677106137e-01 1316.2222591024
0.6031141551 1.2796457339e-01 1364.0619968794
0.6067021181 1.2912730061e-01 1412.1115580678
0.6102900811 1.3529957745e-01 1458.6923553770
0.6138780440 1.3808907175e-01 1506.0075346258
0.6174660070 1.3924516921e-01 1553.1653463161
0.6210539700 1.4585547036e-01 1599.7461436253
0.6246419329 1.5059841287e-01 1646.0646616704
0.6282298959 1.5846621801e-01 1693.2749292135
0.6318178588 1.6307259424e-01 1740.8523877264
0.6354058218 1.6719498597e-01 1787.4331850357
0.6389937848 1.7156761744e-01 1834.4860850203
0.6425817477 1.9130503469e-01 1881.7488084163
0.6461697107 1.9489063117e-01 1928.2246940198
0.6497576737 2.4004737974e-01 1975.2775940045
0.6533456366 2.6342541256e-01 2022.3304939891
0.6569335996 3.1071992360e-01 2069.3833939738
0.6605215626 3.1912580860e-01 2115.7019120189
0.6641095255 3.2331684711e-01 2162.6499002979
0.6676974885 3.5962591398e-01 2209.9650795467
0.6712854515 3.6861562438e-01 2256.9130678257
0.6748734144 3.7297744979e-01 2303.2315858707
0.6784613774 3.9222663952e-01 2350.2844858554
0.6820493404 3.9926493484e-01 2396.6030039005
0.6856373033 4.2670260616e-01 2443.2362570625
0.6892252663 4.5167476915e-01 2491.0759948396
0.6928132293 4.5479257230e-01 2538.2862623827
0.6964011922 4.5788551290e-01 2540.9090550240
0.6999891552 4.6065707524e-01 2544.4760530161
0.7035771181 4.6738612099e-01 2590.7945710612
0.7071650811 4.8446957510e-01 2637.1655449591
0.7107530441 4.8698833378e-01 2640.3653519815
0.7143410070 4.8961074907e-01 2647.4468921130
0.7179289700 4.9183195553e-01 2693.7129543052
0.7215169330 4.9344950953e-01 2737.4611355619
0.7251048959 5.0512145364e-01 2783.7796536070
0.7286928589 5.0687077692e-01 2786.2450786898
0.7322808219 5.0844808966e-01 2832.7734201462
0.7358687848 5.1002455817e-01 2878.9345706328
0.7394567478 5.1161022620e-01 2925.7251913533
0.7430447108 5.1672008961e-01 2972.0437093984
0.7466326737 5.1827586520e-01 3019.0966093830
0.7502206367 5.1976523619e-01 3066.1495093677
0.7538085997 5.2115301919e-01 3113.2024093523
0.7573965626 5.2239503119e-01 3159.5209273974
0.7609845256 5.2349594061e-01 3206.5738273821
0.7645724886 5.2457217998e-01 3253.6267273667
0.7681604515 5.2555668446e-01 3301.8336561136
0.7717484145 5.2653431613e-01 3348.8865560982
0.7753363774 5.2750170755e-01 3395.7296326716
0.7789243404 5.2844510774e-01 3397.9327784902
0.7825123034 5.2932549843e-01 3399.9785567504
0.7861002663 5.3019426162e-01 3446.5593540597
0.7896882293 5.3098340017e-01 3492.4057694293
0.7932761923 5.3174304468e-01 3495.1334737763
0.7968641552 5.3246599005e-01 3541.7142710855
0.8004521182 5.3370056329e-01 3587.7705098664
0.8040400812 5.3437136077e-01 3634.9807774096
0.8076280441 5.3504849231e-01 3681.1419278962
0.8112160071 5.3569276134e-01 3728.1948278808
0.8148039701 5.3633514943e-01 3775.2477278655
0.8183919330 5.3706231120e-01 3823.2972890538
0.8219798960 5.3768411558e-01 3826.4970960762
0.8255678590 5.3834216407e-01 3874.0220987363
0.8291558219 5.3899613749e-01 3882.3625793356
0.8327437849 5.3953761346e-01 3928.6286415278
0.8363317479 5.4004981686e-01 3975.8389090709
0.8399197108 5.4054706927e-01 4021.4755010293
0.9009150812 5.4098497890e-01 4065.3285939916
0.9080910071 5.4203211353e-01 4110.5455391273
0.9224428590 5.4301704568e-01 4157.9656300818
0.9367947109 5.4416643408e-01 4203.6546778930
0.9583224887 5.4546909775e-01 4246.7733889157
0.9619104516 5.4636951379e-01 4293.7213771947
0.9654984146 5.4781786263e-01 4337.5744701570
0.9690863776 5.4917913984e-01 4380.5882694740
0.9726743405 5.4978005101e-01 4428.3230955454
0.9762623035 5.5094818187e-01 4473.1728497114
0.9798502664 5.5146113246e-01 4520.4880289602
0.9942021183 5.5267358728e-01 4563.9214750998
0.9948965628 5.5267358728e-01 4563.9214750998
0.9984845257 5.5267358728e-01 4563.9214750998
