737 12.25000 47.75000 55910.33543 21.65000 299 0.00363 1.81271 g -1
738 22.28709 47.75000 55910.33902 21.65000 299 0.00353 1.58109 g -1
696 20.38973 40.55000 55910.34261 21.65000 299 0.00343 1.72561 g -1
651 23.92567 33.35000 55910.34620 21.65000 299 0.00324 1.74900 g -1
806 6.66667 62.15000 55910.34978 21.65000 299 0.00323 1.94345 g -1
739 32.32418 47.75000 55910.35337 21.65000 299 0.00321 1.48090 g -1
697 28.87947 40.55000 55910.35696 21.65000 299 0.00319 1.63000 g -1
774 17.54512 54.95000 55910.36055 21.65000 299 0.00314 1.84144 g -1
652 31.70944 33.35000 55910.36414 21.65000 299 0.00297 1.70528 g -1
775 28.13537 54.95000 55910.36772 21.65000 299 0.00293 1.64562 g -1
807 20.00000 62.15000 55910.37131 21.65000 299 0.00292 1.81077 g -1
698 37.42753 40.55000 55910.37490 21.65000 299 0.00286 1.57636 g -1
740 42.36127 47.75000 55910.37849 21.65000 299 0.00280 1.46271 g -1
808 33.33333 62.15000 55910.38208 21.65000 299 0.00269 1.62726 g -1
653 39.49322 33.35000 55910.38566 21.65000 299 0.00262 1.70478 g -1
776 38.72562 54.95000 55910.38925 21.65000 299 0.00262 1.58768 g -1
699 45.97560 40.55000 55910.39284 21.65000 299 0.00246 1.52701 g -1
834 25.71429 69.35000 55910.39643 21.65000 299 0.00241 1.82632 g -1
854 12.00000 76.55000 55910.40002 21.65000 299 0.00238 1.97636 g -1
809 46.66667 62.15000 55910.40360 21.65000 299 0.00233 1.53909 g -1
741 52.39836 47.75000 55910.40719 21.65000 299 0.00232 1.46851 g -1
654 47.27700 33.35000 55910.41078 21.65000 299 0.00225 1.74739 g -1
777 49.31587 54.95000 55910.41437 21.65000 299 0.00225 1.55837 g -1
835 42.85714 69.35000 55910.41796 21.65000 299 0.00216 1.68103 g -1
700 54.52367 40.55000 55910.42154 21.65000 299 0.00202 1.56979 g -1
810 60.00000 62.15000 55910.42513 21.65000 299 0.00195 1.46331 g -1
778 60.11656 54.95000 55910.42872 21.65000 299 0.00188 1.46224 g -1
655 55.06078 33.35000 55910.43231 21.65000 299 0.00185 1.74693 g -1
836 60.00000 69.35000 55910.43590 21.65000 299 0.00184 1.54793 g -1
742 62.43545 47.75000 55910.43948 21.65000 299 0.00183 1.49912 g -1
855 36.00000 76.55000 55910.44307 21.65000 299 0.00182 1.86998 g -1
856 60.00000 76.55000 55910.44666 21.65000 299 0.00159 1.63993 g -1
701 63.07173 40.55000 55910.45025 21.65000 299 0.00158 1.61581 g -1
811 73.33333 62.15000 55910.45384 21.65000 299 0.00155 1.42722 g -1
779 71.12768 54.95000 55910.45742 21.65000 299 0.00150 1.45206 g -1
837 77.14286 69.35000 55910.46101 21.65000 299 0.00150 1.46657 g -1
656 62.84456 33.35000 55910.46460 21.65000 299 0.00145 1.89260 g -1
743 72.25385 47.75000 55910.46819 21.65000 299 0.00135 1.50976 g -1
857 84.00000 76.55000 55910.47178 21.65000 299 0.00133 1.53001 g -1
812 86.66667 62.15000 55910.47536 21.65000 299 0.00122 1.36741 g -1
838 94.28571 69.35000 55910.47895 21.65000 299 0.00122 1.38131 g -1
702 71.61980 40.55000 55910.48254 21.65000 299 0.00117 1.70316 g -1
780 82.05244 54.95000 55910.48613 21.65000 299 0.00113 1.44344 g -1
858 108.00000 76.55000 55910.48972 21.65000 299 0.00109 1.43972 g -1
839 111.42857 69.35000 55910.49330 21.65000 299 0.00100 1.31149 g -1
813 100.00000 62.15000 55910.49689 21.65000 299 0.00098 1.31641 g -1
870 60.00000 83.75000 55910.50048 21.65000 299 0.00096 1.81040 g -1
744 81.85354 47.75000 55910.50407 21.65000 299 0.00096 1.58057 g -1
859 132.00000 76.55000 55910.50766 21.65000 299 0.00092 1.38732 g -1
781 92.97719 54.95000 55910.51124 21.65000 299 0.00086 1.41625 g -1
840 128.57143 69.35000 55910.51483 21.65000 299 0.00086 1.27345 g -1
814 113.33333 62.15000 55910.51842 21.65000 299 0.00082 1.27325 g -1
871 100.00000 83.75000 55910.52201 21.65000 299 0.00082 1.66650 g -1
703 80.23141 40.55000 55910.52560 21.65000 299 0.00082 1.94529 g -1
860 156.00000 76.55000 55910.52918 21.65000 299 0.00077 1.37021 g -1
841 145.71429 69.42000 55910.53277 21.65000 299 0.00075 1.24735 g -1
815 126.66667 62.15000 55910.53636 21.65000 299 0.00073 1.22966 g -1
872 140.00000 83.75000 55910.53995 21.65000 299 0.00069 1.58148 g -1
782 103.90195 54.95000 55910.54353 21.65000 299 0.00069 1.42679 g -1
745 91.27823 47.75000 55910.54712 21.65000 299 0.00067 1.73441 g -1
816 140.00000 62.15000 55910.55071 21.65000 299 0.00066 1.19015 g -1
861 180.00000 76.55000 55910.55430 21.65000 299 0.00062 1.38038 g -1
842 162.85714 69.35000 55910.55789 21.65000 299 0.00062 1.23642 g -1
873 180.00000 83.75000 55910.56147 21.65000 299 0.00062 1.57033 g -1
817 153.33333 62.15000 55910.56506 21.65000 299 0.00060 1.16267 g -1
783 114.82671 54.95000 55910.56865 21.65000 299 0.00058 1.40062 g -1
603 23.53840 26.15000 55911.07030 21.65000 299 0.00299 1.12889 g -1
773 6.95487 54.95000 55911.07389 21.65000 299 0.00292 1.09048 g -1
650 16.14189 33.35000 55911.07747 21.65000 299 0.00284 1.04817 g -1
833 8.57143 69.35000 55911.08106 21.65000 299 0.00284 1.24713 g -1
604 31.06400 26.15000 55911.08465 21.65000 299 0.00274 1.15010 g -1
695 11.90000 40.40000 55911.08824 21.65000 299 0.00254 1.02403 g -1
605 38.58960 26.15000 55911.09183 21.65000 299 0.00243 1.20227 g -1
554 30.37455 18.95000 55911.09541 21.65000 299 0.00243 1.14686 g -1
555 37.62436 18.95000 55911.09900 21.65000 299 0.00219 1.20649 g -1
606 46.11520 26.15000 55911.10259 21.65000 299 0.00210 1.24829 g -1
553 23.12473 18.95000 55911.10618 21.65000 299 0.00199 1.07282 g -1
556 44.87418 18.95000 55911.10977 21.65000 299 0.00192 1.24792 g -1
503 29.71062 11.75000 55911.11335 21.65000 299 0.00186 1.14539 g -1
607 53.64080 26.15000 55911.11694 21.65000 299 0.00176 1.28187 g -1
504 36.69487 11.75000 55911.12053 21.65000 299 0.00174 1.17953 g -1
557 52.12400 18.95000 55911.12412 21.65000 299 0.00162 1.27662 g -1
505 43.67912 11.75000 55911.12771 21.65000 299 0.00157 1.22220 g -1
608 61.16640 26.15000 55911.13129 21.65000 299 0.00140 1.31886 g -1
506 50.66337 11.75000 55911.13488 21.65000 299 0.00138 1.27479 g -1
558 59.37382 18.95000 55911.13847 21.65000 299 0.00134 1.30804 g -1
452 40.29352 4.55000 55911.14206 21.65000 299 0.00125 1.22336 g -1
451 33.28264 4.55000 55911.14565 21.65000 299 0.00119 1.17107 g -1
507 57.64762 11.75000 55911.14923 21.65000 299 0.00116 1.29973 g -1
453 47.30440 4.55000 55911.15282 21.65000 299 0.00112 1.25095 g -1
869 20.00000 83.75000 55911.15641 21.65000 299 0.00107 1.57130 g -1
657 70.62833 33.35000 55911.16000 21.65000 299 0.00107 1.26572 g -1
609 68.69200 26.15000 55911.16359 21.65000 299 0.00105 1.25623 g -1
559 66.62364 18.95000 55911.16717 21.65000 299 0.00104 1.26206 g -1
602 16.01280 26.15000 55911.17076 21.65000 299 0.00101 1.02736 g -1
454 54.31528 4.55000 55911.17435 21.65000 299 0.00100 1.24392 g -1
508 64.63187 11.75000 55911.17794 21.65000 299 0.00097 1.25493 g -1
455 61.32616 4.55000 55911.18153 21.65000 299 0.00088 1.28972 g -1
877 340.00000 83.75000 55911.18511 21.65000 299 0.00088 1.66917 g -1
868 348.00000 76.55000 55911.18870 21.65000 299 0.00082 1.50237 g -1
402 43.87981 -2.65000 55911.19229 21.65000 299 0.00081 1.24552 g -1
509 71.61613 11.75000 55911.19588 21.65000 299 0.00076 1.26134 g -1
403 50.90865 -2.65000 55911.19947 21.65000 299 0.00076 1.26225 g -1
560 73.87345 18.95000 55911.20305 21.65000 299 0.00076 1.19233 g -1
456 68.33704 4.55000 55911.20664 21.65000 299 0.00075 1.26728 g -1
658 78.41211 33.35000 55911.21023 21.65000 299 0.00073 1.14717 g -1
404 57.93750 -2.65000 55911.21382 21.65000 299 0.00072 1.27176 g -1
610 76.21760 26.15000 55911.21741 21.65000 299 0.00072 1.12567 g -1
405 64.96635 -2.65000 55911.22099 21.65000 299 0.00067 1.30082 g -1
853 351.42857 69.35000 55911.22458 21.65000 299 0.00065 1.48166 g -1
406 71.99519 -2.65000 55911.22817 21.65000 299 0.00061 1.33974 g -1
457 75.34792 4.55000 55911.23176 21.65000 299 0.00061 1.24710 g -1
784 125.75146 54.95000 55911.23534 21.65000 299 0.00054 1.70828 g -1
704 88.84822 40.55000 55911.23893 21.65000 299 0.00054 1.14306 g -1
510 78.60038 11.75000 55911.24252 21.65000 299 0.00054 1.16244 g -1
401 36.85096 -2.65000 55911.24611 21.65000 299 0.00054 1.31094 g -1
785 136.67622 54.95000 55911.24970 21.65000 299 0.00054 1.85640 g -1
407 79.02404 -2.65000 55911.25328 21.65000 299 0.00053 1.32078 g -1
354 68.64348 -9.85000 55911.25687 21.65000 299 0.00053 1.38920 g -1
355 75.69267 -9.85000 55911.26046 21.65000 299 0.00052 1.42197 g -1
786 147.60097 54.95000 55911.26405 21.65000 299 0.00053 2.03630 g -1
353 61.59430 -9.85000 55911.26764 21.65000 299 0.00051 1.37248 g -1
307 93.69218 -17.05000 55911.27122 21.65000 299 0.00051 1.85010 g -1
308 100.77411 -17.05000 55911.27481 21.65000 299 0.00051 2.00636 g -1
306 86.61025 -17.05000 55911.27840 21.65000 299 0.00050 1.68163 g -1
356 82.74185 -9.85000 55911.28199 21.65000 299 0.00049 1.41710 g -1
352 54.54511 -9.85000 55911.28558 21.65000 299 0.00049 1.43229 g -1
746 100.70292 47.75000 55911.28916 21.65000 299 0.00048 1.11406 g -1
309 107.85604 -17.05000 55911.29275 21.65000 299 0.00053 2.02628 g -1
787 158.52573 54.95000 55911.29634 21.65000 299 0.00049 2.01076 g -1
561 81.12327 18.95000 55911.29993 21.65000 299 0.00048 1.03647 g -1
305 79.52832 -17.05000 55911.30352 21.65000 299 0.00047 1.57079 g -1
818 166.66667 62.15000 55911.30710 21.65000 299 0.00050 2.01766 g -1
258 97.27032 -24.25000 55911.31069 21.65000 299 0.00050 2.00374 g -1
310 114.91235 -17.05000 55911.31428 21.65000 299 0.00058 2.00376 g -1
712 157.78274 40.55000 55911.31787 21.65000 299 0.00047 1.94962 g -1
668 156.91021 33.35000 55911.32146 21.65000 299 0.00049 2.00529 g -1
362 125.08817 -9.85000 55911.32504 21.65000 299 0.00047 1.88150 g -1
752 157.25108 47.75000 55911.32863 21.65000 299 0.00047 1.70615 g -1
311 121.94304 -17.05000 55911.33222 21.65000 299 0.00059 2.02187 g -1
