0.2837847927 1.6636688796e-02 47.3151792488
0.2873727557 3.2648050601e-02 94.5779026447
0.2909607186 4.6025140655e-02 142.3651845689
0.2945486816 5.9599493863e-02 189.6803638177
0.2981366446 6.9202440063e-02 233.7957360441
0.3017246075 7.6329984106e-02 276.5472560971
0.3053125705 8.4608355513e-02 323.3903326704
0.3089005335 9.2670263011e-02 369.4990273042
0.3124884964 1.0060922022e-01 414.8208841456
0.3160764594 1.0871704769e-01 462.4507985114
0.3196644224 1.1627507913e-01 505.4645978284
0.3232523853 1.2256450964e-01 551.6782041679
0.3268403483 1.2865024292e-01 597.5246195375
0.3304283113 1.3404001341e-01 642.8464763789
0.3340162742 1.3911209841e-01 687.0667603110
0.3376042372 1.4463977558e-01 728.9265308659
0.3411922002 1.5053680519e-01 776.1892542619
0.3447801631 1.5554489470e-01 822.2979488956
0.3483681261 1.6012177061e-01 866.4657769749
0.3519560890 1.6469423654e-01 914.2530588991
0.3555440520 1.6898311644e-01 961.5682381479
0.3591320150 1.7318663760e-01 1006.7851832836
0.3627199779 1.7716130151e-01 1052.8414220646
0.3663079409 1.8114398183e-01 1095.7503096760
0.3698959039 1.8486263608e-01 1137.1904334083
0.3734838668 1.8809954442e-01 1184.7678919212
0.3770718298 1.9119605919e-01 1232.1879828756
0.3806597928 1.9414445996e-01 1279.5031621244
0.3842477557 1.9716124809e-01 1321.3629326793
0.3878357187 1.9985525723e-01 1367.4191714603
0.3914236817 2.0261280469e-01 1414.7343507091
0.3950116446 2.0553409688e-01 1462.2068975163
0.3985996076 2.0779010826e-01 1503.7519329543
0.4021875706 2.0992979832e-01 1545.2969683922
0.4057755335 2.1234158326e-01 1592.3498683769
0.4093634965 2.1472897037e-01 1640.5567971237
0.4129514595 2.1697876949e-01 1682.5214793843
0.4165394224 2.1940846041e-01 1730.3087613085
0.4201273854 2.2161187796e-01 1773.0602813614
0.4237153483 2.2386228697e-01 1820.1131813461
0.4273033113 2.2638829448e-01 1868.2676542401
0.4308912743 2.2850771669e-01 1911.5437328213
0.4344792372 2.3059324916e-01 1958.7015445116
0.4380672002 2.3289662469e-01 2000.2465799495
0.4416551632 2.3500238168e-01 2046.1454511720
0.4452431261 2.3675869394e-01 2089.2117063419
0.4488310891 2.3877318591e-01 2118.7443514828
0.4524190521 2.4069959564e-01 2164.7481344109
0.4560070150 2.4224939384e-01 2203.2507303850
0.4595949780 2.4430434821e-01 2244.7957658229
0.4631829410 2.4593944161e-01 2285.0294049402
0.4667709039 2.4776145645e-01 2329.1447771666
0.4703588669 2.4953637785e-01 2376.3550447098
0.4739468299 2.5111555808e-01 2423.6702239585
0.4775347928 2.5271918658e-01 2466.6840232756
0.4811227558 2.5481352785e-01 2514.8909520224
0.4847107188 2.5630487299e-01 2561.1570142147
0.4882986817 2.5780541356e-01 2606.4264152033
0.4918866447 2.5890022337e-01 2635.9590603441
0.4954746076 2.6027121073e-01 2679.8121533064
0.4990625706 2.6153238248e-01 2727.0748767024
0.5026505336 2.6282274052e-01 2774.3900559512
0.5062384965 2.6404761369e-01 2821.9150586112
0.5098264595 2.6493836572e-01 2863.7748291662
0.5134144225 2.6602888525e-01 2909.8835237999
0.5170023854 2.6710630910e-01 2956.9364237846
0.5205903484 2.6815877915e-01 3004.0942354749
0.5241783114 2.6914089526e-01 3051.6716939878
0.5277662743 2.7011653931e-01 3098.6721381196
0.5313542373 2.7098032664e-01 3144.9906561647
0.5349422003 2.7183188206e-01 3147.4036253947
0.5385301632 2.7268975912e-01 3174.5757571584
0.5421181262 2.7350663806e-01 3213.3930882494
0.5457060892 2.7431888849e-01 3260.4459882341
0.5492940521 2.7508750400e-01 3307.7611674829
0.5528820151 2.7582887668e-01 3354.8140674675
0.5564699781 2.7654677303e-01 3381.6190082614
0.5600579410 2.7721161859e-01 3427.5703353368
0.5636459040 2.7786942796e-01 3469.0629149219
0.5672338669 2.7854174954e-01 3471.1086931821
0.5708218299 2.7918432185e-01 3518.1615931667
0.5744097929 2.8031284014e-01 3564.4801112118
0.5779977558 2.8099258984e-01 3566.5783453249
0.5815857188 2.8157113685e-01 3593.3832861188
0.5851736818 2.8212155233e-01 3640.5935536619
0.5887616447 2.8266785319e-01 3642.7966994806
0.5923496077 2.8316546463e-01 3689.8495994652
0.5959375707 2.8391758655e-01 3737.8991606536
0.5995255336 2.8433638398e-01 3782.3292679969
0.6031134966 2.8480112657e-01 3784.6373255213
0.6067014596 2.8525895556e-01 3827.7035806912
0.6102894225 2.8564651553e-01 3866.6782793407
0.6138773855 2.8607413848e-01 3893.4832201346
0.6174653485 2.8649851451e-01 3940.5361201193
0.6210533114 2.8695759323e-01 3987.9562110737
0.6246412744 2.8732972282e-01 4033.2780679151
0.6282292374 2.8773371481e-01 4079.9637769300
0.6318172003 2.8811098987e-01 4106.9260852824
0.6354051633 2.8839155345e-01 4136.4587304232
0.6389931262 2.8873508571e-01 4138.4520528306
0.6425810892 2.8912173216e-01 4185.7147762266
0.6461690522 2.8945929002e-01 4232.9250437697
0.6497570151 2.8976982201e-01 4279.7681203430
0.6533449781 2.9013656081e-01 4282.0761778674
0.6569329411 2.9043640400e-01 4328.2373283540
0.6605209040 2.9103788757e-01 4376.0246102782
0.6641088670 2.9132730533e-01 4417.9368366859
0.6676968300 2.9161041837e-01 4465.5142951988
0.6712847929 2.9188581911e-01 4512.5671951835
0.6748727559 2.9214164345e-01 4554.1646864743
0.6784607189 2.9240010485e-01 4595.7097219122
0.6820486818 2.9262112640e-01 4642.1331516630
0.6856366448 2.9284137454e-01 4685.2518626857
0.6892246078 2.9301062983e-01 4721.0267543128
0.6928125707 2.9319487342e-01 4764.8798472751
0.6964005337 2.9338338384e-01 4766.8731696825
0.6999884966 2.9355942222e-01 4814.4506281954
0.7035764596 2.9372618545e-01 4861.5035281800
0.7071644226 2.9389291023e-01 4909.1858983986
0.7078588670 2.9389291023e-01 4909.1858983986
0.7114468300 2.9389291023e-01 4909.1858983986
0.7150347930 2.9389291023e-01 4909.1858983986
0.7186227559 2.9389291023e-01 4909.1858983986
