0.1730290877 2.2222128182e-03 47.5250026601
0.1766170507 4.3600828411e-03 95.3647404371
0.1802050137 5.9254968592e-03 143.1520223613
0.1837929766 7.6499362197e-03 191.4638628138
0.1873809396 9.1221307863e-03 238.7790420626
0.1909689026 1.0470132717e-02 284.4680898738
0.1945568655 1.2127845782e-02 331.9406366810
0.1981448285 1.3565322127e-02 359.2176801504
0.2017327915 1.4784032262e-02 405.9558450181
0.2053207544 1.5898044962e-02 451.8022603877
0.2089087174 1.7002221086e-02 498.5404252554
0.2124966803 1.8113254240e-02 545.8556045042
0.2160846433 1.9153577734e-02 587.4006399422
0.2196726063 2.0175807806e-02 628.9456753801
0.2232605692 2.1409887331e-02 674.7920907498
0.2268485322 2.2501853021e-02 722.3695492627
0.2304364952 2.3505469294e-02 769.8945519228
0.2340244581 2.7529889367e-02 812.9083512398
0.2376124211 2.8562145630e-02 860.2759863414
0.2412003841 2.9783608678e-02 908.0108124128
0.2447883470 3.0768004218e-02 953.6474043712
0.2483763100 3.2082989424e-02 1001.0674953256
0.2519642730 3.3045559650e-02 1046.8614548425
0.2555522359 3.4009585391e-02 1091.0292829217
0.2591401989 3.4969303133e-02 1136.7183307329
0.2627281619 3.5911185744e-02 1184.0335099817
0.2663161248 3.6786243959e-02 1224.4245166574
0.2699040878 4.1777704850e-02 1267.4383159745
0.2734920508 4.2687252245e-02 1312.4978935518
0.2770800137 4.3602541250e-02 1360.0753520647
0.2806679767 4.4500983345e-02 1387.0376604171
0.2842559396 4.5424566663e-02 1434.4052955187
0.2878439026 4.6341841046e-02 1481.7204747675
0.2914318656 4.7180912725e-02 1525.2588326128
0.2950198285 4.7982974551e-02 1566.8038680508
0.2986077915 4.8841847213e-02 1605.5162874361
0.3021957545 4.9696166501e-02 1652.9888342434
0.3057837174 5.0508002534e-02 1696.0026335605
0.3093716804 5.1365060114e-02 1743.2653569564
0.3129596434 5.2192958759e-02 1790.3182569411
0.3165476063 5.3547898990e-02 1837.5809803370
0.3201355693 5.4321912896e-02 1883.4798515595
0.3237235323 5.5051000799e-02 1926.5461067294
0.3273114952 5.5779255205e-02 1971.6581401595
0.3308994582 5.6496664780e-02 2018.1864816159
0.3344874212 5.7201783244e-02 2063.2985150460
0.3380753841 5.8263069118e-02 2108.5154601818
0.3416633471 5.8958864368e-02 2155.8306394305
0.3452513100 5.9695869114e-02 2203.1982745321
0.3488392730 6.0421705007e-02 2250.9855564563
0.3524272360 6.1127181129e-02 2298.7203825277
0.3560151989 6.1799769795e-02 2344.3569744861
0.3596031619 6.2432649888e-02 2387.4756855088
0.3631911249 6.3074977993e-02 2430.5419406787
0.3667790878 6.3746543901e-02 2477.5948406634
0.3703670508 6.4406750227e-02 2524.8051082065
0.3739550138 6.5053216828e-02 2571.8055523383
0.3775429767 6.5660868816e-02 2615.6586453006
0.3811309397 6.6288168451e-02 2662.7115452853
0.3847189027 6.6878547124e-02 2706.3548148362
0.3883068656 6.7491424299e-02 2753.4601706737
0.3918948286 6.8096258869e-02 2799.5164094547
0.3954827916 6.8705676927e-02 2844.6284428848
0.3990707545 6.9305253643e-02 2891.6813428694
0.4026587175 6.9886584586e-02 2936.8982880052
0.4062466805 7.0480648309e-02 2982.2726006994
0.4098346434 7.1052120355e-02 3028.0141043634
0.4134226064 7.1618073888e-02 3075.0670043481
0.4170105693 7.2147687986e-02 3118.1857153708
0.4205985323 7.2672804701e-02 3165.2386153554
0.4241864953 7.3180670222e-02 3210.0883695214
0.4277744582 7.4126792615e-02 3256.8789902419
0.4313624212 7.4623107555e-02 3303.0925965814
0.4349503842 7.5123281384e-02 3348.8341002454
0.4385383471 7.5582280271e-02 3395.8870002300
0.4421263101 7.6026786104e-02 3442.9399002147
0.4457142731 7.6464433059e-02 3488.5764921730
0.4493022360 7.6886737211e-02 3533.6885256031
0.4528901990 7.7289873692e-02 3580.7414255878
0.4564781620 7.7639781198e-02 3623.7552249049
0.4600661249 7.7985266327e-02 3665.1953486372
0.4636540879 7.8352516355e-02 3712.8252630029
0.4672420509 7.8718076356e-02 3759.8781629876
0.4708300138 7.9076956395e-02 3803.7312559498
0.4744179768 7.9439341125e-02 3850.7841559345
0.4780059398 8.0930513532e-02 3877.6940084341
0.4815939027 8.1301904263e-02 3924.9042759772
0.4851818657 8.1642828689e-02 3970.0163094073
0.4887698286 8.1969459521e-02 4013.0825645772
