0.4316677195 8.4030957570e-02 46.9479882790
0.4352556825 1.1993391089e-01 94.3156233806
0.4388436455 1.5574593011e-01 142.2078170105
0.4424316084 1.7648599180e-01 189.5229962592
0.4460195714 1.8471757623e-01 237.1004547722
0.4496075344 1.8963855856e-01 284.5205457266
0.4531954973 1.9402100486e-01 329.7374908623
0.4567834603 1.9697831411e-01 377.0526701111
0.4603714233 1.9968715456e-01 424.7874961825
0.4639593862 2.0268999911e-01 432.2886831366
0.4675473492 2.0637838359e-01 455.6315376440
0.4711353122 2.0645365533e-01 479.7087740910
0.4747232751 2.0792868445e-01 524.8208075211
0.4783112381 2.0896426614e-01 526.9190416341
0.4818992011 2.1025147421e-01 529.8041135395
0.4854871640 2.1181284929e-01 547.6915593531
0.4890751270 2.1267692268e-01 595.1116503075
0.4897695714 2.1267692268e-01 595.1116503075
0.4933575344 2.1267692268e-01 595.1116503075
0.4969454974 2.1267692268e-01 595.1116503075
0.5005334603 2.1267692268e-01 595.1116503075
0.5041214233 2.1267692268e-01 595.1116503075
0.5077093863 2.1267692268e-01 595.1116503075
0.5112973492 2.1267692268e-01 595.1116503075
0.5148853122 2.1267692268e-01 595.1116503075
0.5184732752 2.1267692268e-01 595.1116503075
0.5220612381 2.1267692268e-01 595.1116503075
0.5256492011 2.1267692268e-01 595.1116503075
0.5292371640 2.1267692268e-01 595.1116503075
0.5328251270 2.1267692268e-01 595.1116503075
0.5364130900 2.1267692268e-01 595.1116503075
0.5400010529 2.1267692268e-01 595.1116503075
