0.3983112034 3.7144466227e-03 47.3151792488
0.4018991663 7.3272851451e-03 93.5287855882
0.4054871293 1.1062332363e-02 140.7915089842
0.4090750922 1.4544802252e-02 186.9002036180
0.4126630552 1.8170039771e-02 234.6874855422
0.4162510182 2.1571436329e-02 278.8028577686
0.4198389811 2.4931465942e-02 324.1247146100
0.4234269441 2.8480329340e-02 371.5448055644
0.4270149071 3.1694696049e-02 415.7126336437
0.4306028700 3.4946195345e-02 462.5557102170
0.4341908330 3.8402865987e-02 506.7759941491
0.4377787960 4.1582355414e-02 551.9929392848
0.4413667589 4.4753697133e-02 594.6395476321
0.4449547219 4.7960041914e-02 640.6957864131
0.4485426849 5.1063128388e-02 686.8044810469
0.4521306478 5.4023315157e-02 728.6642516018
0.4557186108 5.7273602437e-02 776.2941659675
0.4593065738 6.0193698691e-02 822.3504047485
0.4628945367 6.3023228047e-02 868.4590993823
0.4664824997 6.5904797696e-02 911.4728986993
0.4700704627 6.8681888619e-02 958.7356220953
0.4736584256 7.1611648532e-02 1004.0050230839
0.4772463886 7.4229613714e-02 1049.3268799253
0.4808343515 7.6990967133e-02 1096.9567942910
0.4844223145 7.9741485098e-02 1138.2395504648
0.4880102775 8.2566987073e-02 1181.1484380762
0.4915982404 8.5263849076e-02 1228.4636173250
0.4951862034 8.8138357633e-02 1276.0410758379
0.4987741664 9.0808951929e-02 1321.9924029132
0.5023621293 9.3420908114e-02 1369.3600380148
0.5059500923 9.5994706282e-02 1416.8850406749
0.5095380553 9.8791564422e-02 1464.1477640709
0.5131260182 1.0121172331e-01 1505.6927995088
0.5167139812 1.0358865681e-01 1551.5392148785
0.5203019442 1.0600524584e-01 1590.1467225582
0.5238899071 1.0838934243e-01 1636.3078730448
0.5274778701 1.1076226480e-01 1683.5181405879
0.5310658331 1.1313045857e-01 1719.9225024490
0.5346537960 1.1546393629e-01 1767.1327699921
0.5382417590 1.1771801104e-01 1812.3497151279
0.5418297220 1.1988622150e-01 1856.2028080901
0.5454176849 1.2199797008e-01 1904.4097368370
0.5490056479 1.2408861052e-01 1951.7249160857
0.5525936108 1.2615020317e-01 1997.6762431611
0.5561815738 1.2817956824e-01 2033.4511347882
0.5597695368 1.3016495037e-01 2075.3633611959
0.5633574997 1.3214714426e-01 2118.4296163658
0.5669454627 1.3449647440e-01 2166.5840892598
0.5705334257 1.3640382922e-01 2212.7452397464
0.5741213886 1.3827717330e-01 2258.0146407350
0.5777093516 1.4011089412e-01 2305.5396433951
0.5812973146 1.4189210661e-01 2349.9697507384
0.5848852775 1.4364014246e-01 2391.4623303236
0.5884732405 1.4536372230e-01 2437.5710249574
0.5920612035 1.4696726568e-01 2480.6897359801
0.5956491664 1.4856422716e-01 2522.5495065350
0.5992371294 1.5012217074e-01 2570.1269650479
0.6028250924 1.5160491172e-01 2615.4488218893
0.6064130553 1.5326296919e-01 2663.2885596663
0.6100010183 1.5479892614e-01 2710.4463713566
0.6135889813 1.5624995444e-01 2739.9790164975
0.6171769442 1.5789530789e-01 2787.0319164822
0.6207649072 1.5934202499e-01 2833.1406111159
0.6243528701 1.6118322507e-01 2879.5115850139
0.6279408331 1.6313334726e-01 2927.2988669381
0.6315287961 1.6456476523e-01 2966.1161980291
0.6351167590 1.6635027176e-01 3013.1690980137
0.6387047220 1.6778105144e-01 3054.7141334517
0.6422926850 1.6919537723e-01 3101.7670334363
0.6458806479 1.7134743833e-01 3147.9281839230
0.6494686109 1.7349624734e-01 3195.1384514661
0.6530565739 1.7491654992e-01 3242.2962631564
0.6566445368 1.7674272401e-01 3289.3491631410
0.6602324998 1.7813780856e-01 3336.2971514200
0.6638204628 1.8055637135e-01 3382.4583019067
0.6674084257 1.8281185002e-01 3429.3013784800
0.6709963887 1.8418588949e-01 3473.8363975290
0.6745843517 1.8596043004e-01 3520.8892975137
0.6781723146 1.8807928229e-01 3568.0995650568
0.6817602776 1.8942724716e-01 3615.1524650414
0.6853482405 1.9202924698e-01 3661.2611596752
0.6889362035 1.9433761707e-01 3708.7337064825
0.6925241665 1.9674872974e-01 3754.7899452635
0.6961121294 1.9840709212e-01 3801.8428452481
0.6997000924 1.9972711224e-01 3849.1580244969
0.7032880554 2.0242228304e-01 3895.3191749835
0.7068760183 2.0468023548e-01 3943.1589127605
0.7104639813 2.0736273326e-01 3988.6905930132
0.7140519443 2.0887285642e-01 4035.7434929979
0.7176399072 2.1018025705e-01 4082.7963929825
0.7212278702 2.1144830852e-01 4125.7052805940
0.7248158332 2.1413819913e-01 4171.8664310806
0.7284037961 2.1705967957e-01 4217.6079347446
0.7319917591 2.1917802522e-01 4265.2378491103
0.7355797221 2.2053193714e-01 4312.2907490950
0.7391676850 2.2178316673e-01 4354.1505196499
0.7427556480 2.2438466929e-01 4400.3116701365
0.7463436110 2.2743419049e-01 4445.9482620949
0.7499315739 2.2935757643e-01 4492.9487062267
0.7535195369 2.3056362718e-01 4539.5819593887
0.7571074998 2.3175408788e-01 4586.6348593734
0.7606954628 2.3420468616e-01 4632.7960098600
0.7642834258 2.3728477170e-01 4678.4326018183
0.7678713887 2.3847429817e-01 4717.2499329094
0.7714593517 2.3964887680e-01 4764.3028328940
0.7750473147 2.4081832425e-01 4805.8478683320
0.7786352776 2.4194866320e-01 4852.9007683166
0.7822232406 2.4316425954e-01 4899.9536683013
0.7858112036 2.4425056702e-01 4947.0065682859
0.7893991665 2.4529947779e-01 4994.0594682706
0.7929871295 2.4633479308e-01 5041.2697358137
0.7965750925 2.4736632289e-01 5088.3226357984
0.8001630554 2.4838712768e-01 5131.3888909682
0.8037510184 2.4938641089e-01 5178.3368792472
0.8073389814 2.5038078389e-01 5217.2591220439
0.8109269443 2.5135922399e-01 5258.8041574819
0.8145149073 2.5232206601e-01 5305.6996899080
0.8181028703 2.5326521915e-01 5352.9099574512
0.8216908332 2.5416783587e-01 5399.9628574358
0.8252787962 2.5505206351e-01 5447.0157574205
0.8288667591 2.5680289246e-01 5494.2260249636
0.8324547221 2.5765425382e-01 5537.2398242807
0.8360426851 2.5849414888e-01 5578.7848597186
0.8396306480 2.5933137034e-01 5625.8377597033
0.8432186110 2.6016770237e-01 5664.6550907943
0.8468065740 2.6099897219e-01 5691.6173991467
0.8503945369 2.6183847604e-01 5739.1948576596
0.8539824999 2.6264410442e-01 5785.5133757047
0.8575704629 2.6344784711e-01 5832.5662756894
0.8611584258 2.6424054326e-01 5879.6191756740
0.8647463888 2.6498860855e-01 5925.9376937191
0.8683343518 2.6573795568e-01 5968.9514930362
0.8719223147 2.6649349100e-01 5996.5432716225
0.8755102777 2.6721681743e-01 6037.9833953548
0.8790982407 2.6793988858e-01 6084.3019133999
0.8826862036 2.6865712882e-01 6123.4339796078
0.8862741666 2.6953586855e-01 6171.6409083547
0.8898621296 2.7024420173e-01 6198.6032167071
0.8934500925 2.7129022525e-01 6225.7753484708
0.8970380555 2.7197655266e-01 6268.8416036407
0.9006260184 2.7262878213e-01 6316.0518711838
