0.2150470383 1.4607733830e-02 47.3151792488
0.2186350013 2.8939673606e-02 94.6828143504
0.2222229643 4.2140641401e-02 142.5225521274
0.2258109272 5.5197721404e-02 189.8901872290
0.2293988902 6.7594029802e-02 234.8448531006
0.2329868531 7.9946442618e-02 281.5830179683
0.2365748161 9.1611946539e-02 327.2196099267
0.2401627791 1.0256500908e-01 371.5972614172
0.2437507420 1.1381650484e-01 419.3320874886
0.2473387050 1.2577087339e-01 466.7521784431
0.2509266680 1.3612790783e-01 512.7559613712
0.2545146309 1.4512078069e-01 555.8746723939
0.2581025939 1.5386418934e-01 598.9933834166
0.2616905569 1.6318122120e-01 646.0462834013
0.2652785198 1.7239375704e-01 693.3614626501
0.2688664828 1.7971808165e-01 739.6275248423
0.2724544458 1.8660057463e-01 787.0476157968
0.2760424087 1.9268276465e-01 835.2020886908
0.2796303717 1.9927318429e-01 882.4648120867
0.2832183347 2.0419323186e-01 927.8915806338
0.2868062976 2.0920043102e-01 973.6855401506
0.2903942606 2.1407563758e-01 1020.9482635466
0.2939822235 2.1900287030e-01 1064.1718862749
0.2975701865 2.2360804686e-01 1109.4937431163
0.3011581495 2.2739880072e-01 1152.4550865806
0.3047461124 2.3169510392e-01 1194.0001220185
0.3083340754 2.3543402808e-01 1237.0139213356
0.3119220384 2.3878707519e-01 1280.0801765055
0.3155100013 2.4245830481e-01 1323.7759019093
0.3190979643 2.4572598518e-01 1365.2160256416
0.3226859273 2.4865393661e-01 1408.3871925172
0.3262738902 2.5179439999e-01 1453.6041376529
0.3298618532 2.5476050225e-01 1499.2931854641
0.3334498162 2.5745650777e-01 1545.0346891281
0.3370377791 2.6007248266e-01 1592.2974125241
0.3406257421 2.6230408862e-01 1640.3469737124
0.3442137051 2.6420066267e-01 1687.4523295499
0.3478016680 2.6606906112e-01 1734.6625970930
0.3513896310 2.6788934400e-01 1777.7288522629
0.3549775940 2.6969458632e-01 1824.6768405419
0.3585655569 2.7148591739e-01 1870.3658883531
0.3621535199 2.7326003747e-01 1916.0549361643
0.3657414828 2.7501188914e-01 1962.3734542094
0.3693294458 2.7675408475e-01 2007.5379434923
0.3729174088 2.7846372720e-01 2051.1287571904
0.3765053717 2.8016527659e-01 2098.9160391147
0.3800933347 2.8184666664e-01 2146.7557768917
0.3836812977 2.8350467719e-01 2192.6021922613
0.3872692606 2.8512608582e-01 2235.6684474312
0.3908572236 2.8673602662e-01 2281.4099510953
0.3944451866 2.8831792731e-01 2328.6202186384
0.3980331495 2.8993443689e-01 2375.7780303287
0.4016211125 2.9159031399e-01 2423.1981212831
0.4052090755 2.9316524766e-01 2468.8347132415
0.4087970384 2.9471711449e-01 2515.1532312866
0.4123850014 2.9618553909e-01 2557.9572071923
0.4159729644 2.9771732884e-01 2605.2199305883
0.4195609273 2.9924845273e-01 2650.8565225466
0.4231488903 3.0088173986e-01 2697.0176730333
0.4267368533 3.0234996750e-01 2742.1297064634
0.4303248162 3.0391885813e-01 2789.4448857121
0.4339127792 3.0536755215e-01 2836.4977856968
0.4375007421 3.0680739943e-01 2880.1410552478
0.4410887051 3.0824525435e-01 2922.1057375083
0.4446766681 3.0954944655e-01 2962.1820090672
0.4482646310 3.1096642630e-01 3007.8710568783
0.4518525940 3.1235740234e-01 3054.9239568630
0.4554405570 3.1373061346e-01 3101.9768568476
0.4590285199 3.1517814294e-01 3149.1871243908
0.4626164829 3.1652184096e-01 3192.9353056474
0.4662044459 3.1786466816e-01 3237.9948832247
0.4697924088 3.1920282934e-01 3281.1660501002
0.4733803718 3.2050797828e-01 3327.3272005868
0.4769683348 3.2178459342e-01 3370.5508233152
0.4805562977 3.2306067243e-01 3413.7219901908
0.4841442607 3.2432124158e-01 3459.4110380020
0.4877322237 3.2556074642e-01 3502.4772931719
0.4913201866 3.2678880319e-01 3546.1205627228
0.4949081496 3.2800274082e-01 3589.3441854512
0.4984961126 3.2921094509e-01 3636.3970854359
0.5020840755 3.3040806967e-01 3683.4499854205
0.5056720385 3.3159651175e-01 3728.6144747034
0.5092600014 3.3277340981e-01 3775.4575512768
0.5128479644 3.3395028815e-01 3814.5896174848
0.5164359274 3.3512073210e-01 3861.6425174694
0.5200238903 3.3623627723e-01 3908.6954174541
0.5236118533 3.3735122701e-01 3954.5942886765
0.5271998163 3.3846124245e-01 3998.3424699332
0.5307877792 3.3956623320e-01 4045.5002816235
0.5343757422 3.4064813453e-01 4088.5140809405
0.5379637052 3.4172506078e-01 4130.0591163785
0.5415516681 3.4278659174e-01 4172.6532688730
0.5451396311 3.4382675818e-01 4217.8177581559
0.5487275941 3.4486175172e-01 4263.9789086425
0.5523155570 3.4586676983e-01 4311.0318086272
0.5559035200 3.4687041882e-01 4358.1371644646
0.5594914830 3.4785356188e-01 4405.1900644493
0.5630794459 3.4882967828e-01 4448.8857898531
0.5666674089 3.4978837605e-01 4496.6730717773
0.5702553719 3.5073374038e-01 4543.8833393204
0.5738433348 3.5167792874e-01 4586.1103008451
0.5774312978 3.5261863826e-01 4633.1632008298
0.5810192607 3.5355863946e-01 4678.1178667014
0.5846072237 3.5448792579e-01 4725.4855018030
0.5881951867 3.5540209565e-01 4772.5384017876
0.5917831496 3.5631436305e-01 4813.7687021086
0.5953711126 3.5722485116e-01 4860.7691462405
0.5989590756 3.5809311144e-01 4904.7271509084
0.6025470385 3.5895878466e-01 4949.8391843385
0.6061350015 3.5981320615e-01 4996.8920843232
0.6097229645 3.6066595156e-01 5043.9449843078
0.6133109274 3.6151566192e-01 5087.5357980060
0.6168988904 3.6235497407e-01 5134.5886979906
0.6204868534 3.6318380709e-01 5181.7989655337
0.6240748163 3.6400843869e-01 5229.5337916051
