763 263.37269 47.75000 56130.16486 21.65000 299 0.00360 1.07240 g -1
762 253.59800 47.75000 56130.16845 21.65000 299 0.00355 1.04078 g -1
724 261.18452 40.55000 56130.17204 21.65000 299 0.00354 1.03322 g -1
764 273.14738 47.75000 56130.17562 21.65000 299 0.00351 1.09970 g -1
725 269.80133 40.55000 56130.17921 21.65000 299 0.00350 1.05686 g -1
723 252.56770 40.55000 56130.18280 21.65000 299 0.00347 1.00904 g -1
796 257.79854 54.95000 56130.18639 21.65000 299 0.00338 1.07992 g -1
681 259.00293 33.35000 56130.18998 21.65000 299 0.00337 1.00563 g -1
761 243.82331 47.75000 56130.19356 21.65000 299 0.00337 1.04011 g -1
682 266.85621 33.35000 56130.19715 21.65000 299 0.00336 1.01688 g -1
726 278.41815 40.55000 56130.20074 21.65000 299 0.00334 1.06088 g -1
797 268.89602 54.95000 56130.20433 21.65000 299 0.00333 1.08760 g -1
765 282.92208 47.75000 56130.20792 21.65000 299 0.00330 1.09020 g -1
722 243.95089 40.55000 56130.21150 21.65000 299 0.00328 1.03212 g -1
680 251.14964 33.35000 56130.21509 21.65000 299 0.00328 1.00999 g -1
795 246.70105 54.95000 56130.21868 21.65000 299 0.00326 1.09575 g -1
683 274.70950 33.35000 56130.22227 21.65000 299 0.00324 1.01374 g -1
798 279.99351 54.95000 56130.22586 21.65000 299 0.00324 1.09549 g -1
679 243.29636 33.35000 56130.22944 21.65000 299 0.00309 1.05710 g -1
825 260.00000 62.15000 56130.23303 21.65000 299 0.00308 1.14521 g -1
727 287.03496 40.55000 56130.23662 21.65000 299 0.00307 1.04223 g -1
760 234.04862 47.75000 56130.24021 21.65000 299 0.00306 1.15966 g -1
684 282.56279 33.35000 56130.24380 21.65000 299 0.00305 1.01394 g -1
635 263.32629 26.15000 56130.24738 21.65000 299 0.00304 1.01771 g -1
826 273.33333 62.15000 56130.25097 21.65000 299 0.00302 1.14119 g -1
721 235.33407 40.55000 56130.25456 21.65000 299 0.00301 1.18263 g -1
634 255.84457 26.15000 56130.25815 21.65000 299 0.00299 1.05864 g -1
794 235.60357 54.95000 56130.26173 21.65000 299 0.00299 1.24029 g -1
766 292.69677 47.75000 56130.26532 21.65000 299 0.00299 1.04994 g -1
636 270.80800 26.15000 56130.26891 21.65000 299 0.00298 1.01832 g -1
824 246.66667 62.15000 56130.27250 21.65000 299 0.00298 1.24045 g -1
799 291.09099 54.95000 56130.27609 21.65000 299 0.00293 1.08142 g -1
633 248.36286 26.15000 56130.27967 21.65000 299 0.00290 1.17541 g -1
637 278.28971 26.15000 56130.28326 21.65000 299 0.00286 1.01383 g -1
678 235.44307 33.35000 56130.28685 21.65000 299 0.00284 1.35364 g -1
827 286.66667 62.15000 56130.29044 21.65000 299 0.00282 1.14149 g -1
823 233.33333 62.15000 56130.29403 21.65000 299 0.00276 1.41992 g -1
685 290.41607 33.35000 56130.29761 21.65000 299 0.00275 1.00000 g -1
728 295.65178 40.55000 56130.30120 21.65000 299 0.00273 1.00939 g -1
759 224.27392 47.75000 56130.30479 21.65000 299 0.00271 1.64254 g -1
586 259.84737 18.95000 56130.30838 21.65000 299 0.00270 1.20676 g -1
632 240.88114 26.15000 56130.31197 21.65000 299 0.00269 1.48486 g -1
793 224.50609 54.95000 56130.31555 21.65000 299 0.00269 1.68489 g -1
587 267.11592 18.95000 56130.31914 21.65000 299 0.00268 1.17087 g -1
720 226.71726 40.55000 56130.32273 21.65000 299 0.00265 1.84041 g -1
638 285.77143 26.15000 56130.32632 21.65000 299 0.00263 1.03519 g -1
767 302.47146 47.75000 56130.32991 21.65000 299 0.00262 1.03260 g -1
588 274.38447 18.95000 56130.33349 21.65000 299 0.00261 1.15130 g -1
848 265.71429 69.35000 56130.33708 21.65000 299 0.00261 1.34666 g -1
585 252.57882 18.95000 56130.34067 21.65000 299 0.00260 1.54343 g -1
800 302.18847 54.95000 56130.34426 21.65000 299 0.00260 1.07813 g -1
847 248.57143 69.35000 56130.34785 21.65000 299 0.00258 1.51379 g -1
828 300.00000 62.15000 56130.35143 21.65000 299 0.00252 1.14940 g -1
849 282.85714 69.35000 56130.35502 21.65000 299 0.00249 1.29367 g -1
589 281.65302 18.95000 56130.35861 21.65000 299 0.00248 1.16792 g -1
846 231.42857 69.35000 56130.36220 21.65000 299 0.00240 1.81008 g -1
686 298.26936 33.35000 56130.36579 21.65000 299 0.00239 1.03117 g -1
729 304.26859 40.55000 56130.36937 21.65000 299 0.00236 1.02288 g -1
639 293.25314 26.15000 56130.37296 21.65000 299 0.00232 1.08164 g -1
850 300.00000 69.35000 56130.37655 21.65000 299 0.00223 1.26208 g -1
590 288.92157 18.95000 56130.38014 21.65000 299 0.00223 1.17277 g -1
768 312.24615 47.75000 56130.38373 21.65000 299 0.00222 1.04081 g -1
801 313.28596 54.95000 56130.38731 21.65000 299 0.00222 1.08386 g -1
829 313.33333 62.15000 56130.39090 21.65000 299 0.00217 1.15100 g -1
537 270.92622 11.75000 56130.39449 21.65000 299 0.00216 1.70769 g -1
538 277.90133 11.75000 56130.39808 21.65000 299 0.00206 1.54010 g -1
864 252.00000 76.55000 56130.40167 21.65000 299 0.00204 1.72264 g -1
687 306.08789 33.35000 56130.40525 21.65000 299 0.00201 1.06061 g -1
865 276.00000 76.55000 56130.40884 21.65000 299 0.00201 1.54756 g -1
640 300.75680 26.15000 56130.41243 21.65000 299 0.00198 1.13212 g -1
730 312.82187 40.55000 56130.41602 21.65000 299 0.00196 1.05064 g -1
539 284.87644 11.75000 56130.41961 21.65000 299 0.00194 1.56064 g -1
591 296.12691 18.95000 56130.42319 21.65000 299 0.00192 1.27247 g -1
851 317.14286 69.35000 56130.42678 21.65000 299 0.00189 1.26493 g -1
769 322.06455 47.75000 56130.43037 21.65000 299 0.00186 1.05777 g -1
802 324.38344 54.95000 56130.43396 21.65000 299 0.00186 1.09630 g -1
830 326.66667 62.15000 56130.43755 21.65000 299 0.00180 1.15805 g -1
866 300.00000 76.55000 56130.44113 21.65000 299 0.00180 1.47608 g -1
540 291.93112 11.75000 56130.44472 21.65000 299 0.00175 1.61654 g -1
688 313.87167 33.35000 56130.44831 21.65000 299 0.00163 1.11148 g -1
641 308.28240 26.15000 56130.45190 21.65000 299 0.00161 1.19990 g -1
731 321.31160 40.55000 56130.45548 21.65000 299 0.00160 1.07929 g -1
592 303.37673 18.95000 56130.45907 21.65000 299 0.00158 1.36478 g -1
770 332.10164 47.75000 56130.46266 21.65000 299 0.00154 1.06305 g -1
852 334.28571 69.35000 56130.46625 21.65000 299 0.00153 1.25741 g -1
867 324.00000 76.55000 56130.46984 21.65000 299 0.00151 1.41983 g -1
803 335.18412 54.95000 56130.47342 21.65000 299 0.00148 1.10661 g -1
541 298.91537 11.75000 56130.47701 21.65000 299 0.00148 1.77088 g -1
831 340.00000 62.15000 56130.48060 21.65000 299 0.00145 1.16348 g -1
689 321.65544 33.35000 56130.48419 21.65000 299 0.00131 1.15625 g -1
732 329.74300 40.55000 56130.48778 21.65000 299 0.00131 1.09905 g -1
771 342.13873 47.75000 56130.49136 21.65000 299 0.00127 1.06415 g -1
