0.2150474980 6.0005662027e-02 47.7348260714
0.2186354610 1.1201999685e-01 94.6828143504
0.2222234240 1.5083110617e-01 139.8997594861
0.2258113869 1.5877002621e-01 187.2673945877
0.2293993499 1.6502578452e-01 232.0122370481
0.2329873129 1.7115493295e-01 277.3340938895
0.2365752758 1.7646712422e-01 324.6492731382
0.2401632388 1.8094639268e-01 369.3416597457
0.2437512017 1.8535179092e-01 412.9849292967
0.2473391647 1.9056326430e-01 417.3387650813
0.2509271277 1.9369919289e-01 461.8213282774
0.2545150906 1.9660338357e-01 505.5695095341
0.2581030536 1.9945690984e-01 550.6815429642
0.2616910166 2.0193468150e-01 595.9509439528
0.2652789795 2.0348693073e-01 640.0138603263
0.2688669425 2.0759001603e-01 687.2241278695
0.2724549055 2.0966843551e-01 734.2245720013
0.2760428684 2.1143164541e-01 779.4939729899
0.2796308314 2.1279069244e-01 826.5468729745
0.2832187944 2.1364432171e-01 871.5015388461
0.2868067573 2.1445605117e-01 916.9283073932
0.2903947203 2.1610483103e-01 964.7680451702
0.2939826833 2.1690522249e-01 1011.8209451549
0.2975706462 2.1758419288e-01 1058.8738451395
0.3011586092 2.1827634465e-01 1106.2414802411
0.3047465722 2.1892999621e-01 1149.2028237054
0.3083345351 2.2819938786e-01 1196.3606353957
0.3119224981 2.2884915654e-01 1240.0563607995
0.3262743499 2.3167569934e-01 1286.2175112861
0.3269687944 2.3167569934e-01 1286.2175112861
0.3305567574 2.3167569934e-01 1286.2175112861
0.3341447203 2.3167569934e-01 1286.2175112861
0.3377326833 2.3167569934e-01 1286.2175112861
0.3413206463 2.3167569934e-01 1286.2175112861
0.3449086092 2.3167569934e-01 1286.2175112861
0.3484965722 2.3167569934e-01 1286.2175112861
0.3520845351 2.3167569934e-01 1286.2175112861
0.3556724981 2.3167569934e-01 1286.2175112861
0.3592604611 2.3167569934e-01 1286.2175112861
0.3628484240 2.3167569934e-01 1286.2175112861
0.3664363870 2.3167569934e-01 1286.2175112861
0.3700243500 2.3167569934e-01 1286.2175112861
0.3736123129 2.3167569934e-01 1286.2175112861
0.3772002759 2.3167569934e-01 1286.2175112861
0.3807882389 2.3167569934e-01 1286.2175112861
