0.4325029115 1.1350947030e-02 47.3151792488
0.4360908745 2.0084121546e-02 95.6270197012
0.4396788375 3.0147344826e-02 142.6799196859
0.4432668004 3.5334481034e-02 181.5497066297
0.4468547634 3.9934221016e-02 228.6026066144
0.4504427264 4.4797756457e-02 275.8653300103
0.4540306893 4.8472061424e-02 323.4952443761
0.4576186523 5.2132558776e-02 364.9878239612
0.4612066153 6.2534613232e-02 412.0407239459
0.4647945782 8.0647807806e-02 459.0936239305
0.4683825412 8.4274689108e-02 505.3596861228
0.4719705041 8.8271382965e-02 544.2294730666
0.4755584671 9.0516391017e-02 579.8994529881
0.4791464301 9.2904738429e-02 621.4969442789
0.4827343930 9.4483401376e-02 660.4716429284
0.4863223560 1.1757198503e-01 707.5245429130
0.4899103190 1.2206658483e-01 732.6508964165
0.4934982819 1.2350889457e-01 737.0047322011
0.4970862449 1.4066080071e-01 771.6255950660
0.5006742079 1.5632057251e-01 787.8869094420
0.5042621708 1.5717228578e-01 834.3627950456
0.5078501338 1.5928106471e-01 838.6641749773
0.5114380968 1.6017497673e-01 850.5191977159
0.5150260597 1.9340451461e-01 885.9268983732
0.5186140227 1.9406422441e-01 931.8257695957
0.5222019857 1.9471210820e-01 933.5043568861
0.5257899486 1.9535921327e-01 980.3474334595
0.5293779116 2.3117068411e-01 1005.7885220799
0.5329658746 2.3221545932e-01 1052.4742310948
0.5365538375 2.3282412087e-01 1100.0516896077
0.5401418005 2.3341831130e-01 1104.4579812451
0.5437297634 2.3394047293e-01 1106.3988477996
0.5473177264 2.3448963820e-01 1153.8713946069
0.5509056894 2.7861044474e-01 1188.5447133247
0.5544936523 2.7910397573e-01 1230.0897487626
0.5580816153 2.7954244028e-01 1277.7196631284
0.5616695783 2.7992524861e-01 1322.8841524113
0.5652575412 2.8021985232e-01 1361.2818366797
0.5688455042 2.8063669649e-01 1404.2956359968
0.5724334672 2.8385334217e-01 1450.5616981890
0.5760214301 2.8411044755e-01 1489.2741175744
0.5767158746 2.8411044755e-01 1489.2741175744
0.5803038375 2.8411044755e-01 1489.2741175744
0.5838918005 2.8411044755e-01 1489.2741175744
0.5874797635 2.8411044755e-01 1489.2741175744
0.5910677264 2.8411044755e-01 1489.2741175744
0.5946556894 2.8411044755e-01 1489.2741175744
0.5982436524 2.8411044755e-01 1489.2741175744
0.6018316153 2.8411044755e-01 1489.2741175744
0.6054195783 2.8411044755e-01 1489.2741175744
0.6090075413 2.8411044755e-01 1489.2741175744
0.6125955042 2.8411044755e-01 1489.2741175744
0.6161834672 2.8411044755e-01 1489.2741175744
0.6197714302 2.8411044755e-01 1489.2741175744
0.6233593931 2.8411044755e-01 1489.2741175744
0.6269473561 2.8411044755e-01 1489.2741175744
0.6305353191 2.8411044755e-01 1489.2741175744
0.6341232820 2.8411044755e-01 1489.2741175744
0.6377112450 2.8411044755e-01 1489.2741175744
0.6412992079 2.8411044755e-01 1489.2741175744
0.6448871709 2.8411044755e-01 1489.2741175744
0.6484751339 2.8411044755e-01 1489.2741175744
0.6520630968 2.8411044755e-01 1489.2741175744
0.6556510598 2.8411044755e-01 1489.2741175744
0.6592390228 2.8411044755e-01 1489.2741175744
0.6628269857 2.8411044755e-01 1489.2741175744
0.6664149487 2.8411044755e-01 1489.2741175744
0.6700029117 2.8411044755e-01 1489.2741175744
0.6735908746 2.8411044755e-01 1489.2741175744
0.6771788376 2.8411044755e-01 1489.2741175744
0.6807668006 2.8411044755e-01 1489.2741175744
0.6843547635 2.8411044755e-01 1489.2741175744
0.6879427265 2.8411044755e-01 1489.2741175744
0.6915306895 2.8411044755e-01 1489.2741175744
