0.0622793685 2.0627090286e-02 47.3151792488
0.0658673314 3.9688272919e-02 94.6303584976
0.0694552944 5.7841905807e-02 142.3651845689
0.0730432573 7.4723767762e-02 187.6345855575
0.0766312203 9.2206320193e-02 234.9497648063
0.0802191833 1.0764925801e-01 280.4814450590
0.0838071462 1.2192672540e-01 324.3869938741
0.0873951092 1.3633876618e-01 371.3349821531
0.0909830722 1.5141471835e-01 418.7550731075
0.0945710351 1.6444407896e-01 463.9720182433
0.0981589981 1.7709491259e-01 509.8184336130
0.1017469611 1.8958323776e-01 554.6157319261
0.1053349240 2.0022029333e-01 602.4030138503
0.1089228870 2.0978886220e-01 645.4692690202
0.1125108500 2.2093591585e-01 692.7844482690
0.1160988129 2.2912128516e-01 738.4210402273
0.1196867759 2.3772786802e-01 781.5397512501
0.1232747389 2.4588740622e-01 825.3928442124
0.1268627018 2.5391856788e-01 871.4490829933
0.1304506648 2.6101073697e-01 912.9941184313
0.1340386278 2.6817763885e-01 958.2635194198
0.1376265907 2.7663280944e-01 1005.4213311102
0.1412145537 2.8418043033e-01 1050.9005555100
0.1448025166 2.9149023128e-01 1098.2157347588
0.1483904796 2.9873973507e-01 1143.4851357474
0.1519784426 3.0595650906e-01 1190.7478591433
0.1555664055 3.1234300751e-01 1236.8040979243
0.1591543685 3.1865522095e-01 1278.2966775094
0.1627423315 3.2491835211e-01 1323.5660784980
0.1663302944 3.3067748381e-01 1364.9537463775
0.1699182574 3.3811529266e-01 1413.1082192715
0.1735062204 3.4384984747e-01 1459.2169139053
0.1770941833 3.4966008936e-01 1505.9026229201
0.1806821463 3.5533301703e-01 1551.2244797615
0.1842701093 3.6064899448e-01 1596.2316014860
0.1878580722 3.6545997446e-01 1635.0489325770
0.1914460352 3.7141230329e-01 1682.3641118258
0.1950339982 3.7607850541e-01 1726.2172047881
0.1986219611 3.8117362936e-01 1773.4274723312
0.2022099241 3.8560473166e-01 1810.6186719846
0.2057978871 3.9063907111e-01 1858.4059539088
0.2093858500 3.9557366218e-01 1904.0425458672
0.2129738130 4.0011512735e-01 1951.3577251160
0.2165617759 4.0642858695e-01 1998.4630809534
0.2201497389 4.1082448666e-01 2041.4768802705
0.2237377019 4.1490945573e-01 2085.5922524969
0.2273256648 4.1868531908e-01 2132.9598875985
0.2309136278 4.2241335750e-01 2171.5673952782
0.2345015908 4.2569102845e-01 2216.6794287083
0.2380895537 4.2924083812e-01 2263.7323286930
0.2416775167 4.3253073243e-01 2310.2606701494
0.2452654797 4.3645830058e-01 2349.1304570932
0.2488534426 4.3910380559e-01 2392.1442564103
0.2524414056 4.4236640372e-01 2434.0040269652
0.2560293686 4.4527920676e-01 2481.2142945083
0.2596173315 4.4740291905e-01 2520.0840814522
0.2632052945 4.5026706425e-01 2555.8589730793
0.2667932575 4.5246199080e-01 2597.4040085173
0.2703812204 4.5501299796e-01 2624.5761402810
0.2739691834 4.5742731943e-01 2651.4335369277
0.2775571463 4.5929781635e-01 2690.3033238716
0.2811451093 4.6167420815e-01 2737.4611355619
0.2847330723 4.6397605479e-01 2784.2517562824
0.2883210352 4.6604057971e-01 2830.2555392105
0.2919089982 4.6801236101e-01 2871.7481187957
0.2954969612 4.6997287157e-01 2914.8143739656
0.2990849241 4.7195480585e-01 2960.8706127465
0.3026728871 4.7368635318e-01 3006.1924695879
0.3062608501 4.7503063224e-01 3048.0522401428
0.3098488130 4.7664042148e-01 3074.9620926424
0.3134367760 4.7819273561e-01 3101.8194892892
0.3170247390 4.7954809987e-01 3140.5319086745
0.3206127019 4.8087518042e-01 3182.0769441125
0.3242006649 4.8202087280e-01 3225.1956551352
0.3277886279 4.8316479102e-01 3269.3634832144
0.3313765908 4.8423242788e-01 3296.2733357140
0.3349645538 4.8514974917e-01 3335.0906668050
0.3385525168 4.8597099517e-01 3376.6357022430
0.3421404797 4.8674408443e-01 3419.5445898544
0.3457284427 4.8758670032e-01 3421.6952798203
0.3493164056 4.8829614819e-01 3468.9055473634
0.3529043686 4.8897529565e-01 3515.0142419972
0.3564923316 4.8972672348e-01 3517.1649319630
0.3600802945 4.9039813501e-01 3559.0771583708
0.3636682575 4.9105485049e-01 3606.3923376196
0.3672562205 4.9171299876e-01 3645.2096687106
0.3708441834 4.9253183100e-01 3672.1719770630
0.3744321464 4.9311767770e-01 3718.2806716968
0.3780201094 4.9370168524e-01 3720.2215382513
0.3816080723 4.9427384239e-01 3763.2877934212
0.3851960353 4.9481812226e-01 3808.5047385570
0.3887839983 4.9530450007e-01 3850.0497739949
0.3923719612 4.9576648071e-01 3857.8132402131
0.3959599242 4.9629734512e-01 3860.0163860318
0.3995478872 4.9675387224e-01 3904.1317582582
0.4031358501 4.9717365372e-01 3945.9915288131
0.4067238131 4.9758830157e-01 3989.0053281302
0.4103117761 4.9825600368e-01 4004.5322605666
0.4138997390 4.9862246755e-01 4050.6934110532
0.4174877020 4.9894917622e-01 4092.5531816081
0.4210756649 4.9925243175e-01 4139.7634491513
0.4246636279 4.9954863609e-01 4187.4458193698
0.4282515909 4.9981465468e-01 4231.8759267132
0.4318395538 5.0017129333e-01 4234.0266166790
0.4354275168 5.0046010578e-01 4279.2960176676
0.4390154798 5.0073301490e-01 4321.1557882225
0.4426034427 5.0124097056e-01 4330.0732832029
0.4461914057 5.0150753401e-01 4376.2344336895
0.4497793687 5.0177625191e-01 4423.0775102628
0.4533673316 5.0202624399e-01 4465.7765744630
0.4569552946 5.0225910894e-01 4511.0984313044
0.4605432576 5.0249351421e-01 4556.8923908212
0.4641312205 5.0272956066e-01 4603.0010854550
0.4677191835 5.0296527846e-01 4646.5394433003
0.4713071465 5.0319366247e-01 4694.0644459604
0.4748951094 5.0342689533e-01 4741.7992720318
0.4784830724 5.0364705044e-01 4785.6523649941
