0.4782148405 3.6879122853e-02 48.0495611883
0.4818028034 7.3931539894e-02 95.1024611730
0.4853907664 1.0655052710e-01 142.9946548029
0.4889787294 1.3739460027e-01 190.0475547875
0.4925666923 1.6788111402e-01 236.5758962439
0.4961546553 1.9675261063e-01 283.6287962285
0.4997426183 2.2413883321e-01 331.2587105943
0.5033305812 2.4974560266e-01 378.8886249600
0.5069185442 2.7506627739e-01 425.6267898277
0.5105065072 2.9982517056e-01 473.1517924878
0.5140944701 3.2323762115e-01 520.4669717366
0.5176824331 3.4318987739e-01 568.0444302495
0.5212703961 3.6293112881e-01 615.3596094983
0.5248583590 3.8061185263e-01 662.5698770414
0.5284463220 3.9775652869e-01 709.8326004373
0.5320342850 4.1271187744e-01 756.8855004220
0.5356222479 4.2683622584e-01 804.0433121123
0.5392102109 4.3912087836e-01 851.0962120969
0.5427981738 4.5118063477e-01 897.8868328175
0.5463861368 4.6188232831e-01 943.9955274513
0.5499740998 4.7246402653e-01 991.3107067000
0.5535620627 4.8237467140e-01 1038.3636066847
0.5571500257 4.9213723441e-01 1085.3640508165
0.5607379887 5.0166636968e-01 1132.5743183596
0.5643259516 5.1085930962e-01 1178.3682778765
0.5679139146 5.1930459782e-01 1225.7359129781
0.5715018776 5.2683923457e-01 1271.7921517590
0.5750898405 5.3382727125e-01 1318.2155815098
0.5786778035 5.4058415204e-01 1365.2684814944
0.5822657665 5.4648628097e-01 1412.7410283017
0.5858537294 5.5227758350e-01 1459.5841048750
0.5894416924 5.5703900930e-01 1505.6403436560
0.5930296554 5.6153004344e-01 1551.6441265841
0.5966176183 5.6572542223e-01 1598.8543941273
0.6002055813 5.6920904049e-01 1645.9072941119
0.6037935443 5.7239672768e-01 1693.6421201833
0.6073815072 5.7537228412e-01 1739.5409914058
0.6109694702 5.7831540873e-01 1787.1184499187
0.6145574331 5.8106223575e-01 1832.4403067601
0.6181453961 5.8355568905e-01 1877.6572518959
0.6217333591 5.8587661337e-01 1925.0773428503
0.6253213220 5.8818799502e-01 1972.1302428349
0.6289092850 5.9040053465e-01 2019.1831428196
0.6324972480 5.9256590721e-01 2066.0786752458
0.6360852109 5.9450781540e-01 2111.3480762343
0.6396731739 5.9633963271e-01 2157.1420357512
0.6432611369 5.9792658131e-01 2204.4047591471
0.6468490998 5.9947151333e-01 2206.5029932602
0.6504370628 6.0097692694e-01 2253.5558932448
0.6540250258 6.0245939910e-01 2301.7103661388
0.6576129887 6.0385293136e-01 2347.0322229802
0.6612009517 6.0515562823e-01 2394.0851229649
0.6647889147 6.0637955395e-01 2441.4003022136
0.6683768776 6.0758537315e-01 2443.6034480323
0.6719648406 6.0871901880e-01 2488.8728490209
0.6755528036 6.0974948516e-01 2536.1355724168
0.6791407665 6.1076385822e-01 2582.1393553450
0.6827287295 6.1172560601e-01 2584.4998687221
0.6863166924 6.1265665786e-01 2630.7659309144
0.6899046554 6.1350757557e-01 2677.9237426047
0.6934926184 6.1428219824e-01 2725.7634803817
0.6970805813 6.1501811939e-01 2773.6032181588
0.7006685443 6.1574088215e-01 2821.3380442302
0.7042565073 6.1645927676e-01 2823.5936459017
0.7078444702 6.1716277631e-01 2870.6990017391
0.7114324332 6.1786589568e-01 2917.9092692823
0.7150203962 6.1856653584e-01 2964.9621692669
0.7186083591 6.1926563555e-01 3012.5396277798
0.7221963221 6.1994335796e-01 3058.7007782664
0.7257842851 6.2058869266e-01 3105.6487665454
0.7293722480 6.2117567195e-01 3152.5967548244
0.7329602110 6.2170884913e-01 3198.1284350772
0.7365481740 6.2252817118e-01 3245.3387026203
0.7401361369 6.2305028121e-01 3293.2308962501
0.7437240999 6.2354729536e-01 3340.5460754989
0.7473120628 6.2458028315e-01 3386.1302116045
0.7509000258 6.2505658439e-01 3432.7110089137
0.7544879888 6.2551252060e-01 3479.7639088983
0.7580759517 6.2596232295e-01 3526.8168088830
0.7616639147 6.2639754188e-01 3574.6040908072
0.7652518777 6.2683071265e-01 3621.6569907918
0.7688398406 6.2726145110e-01 3667.3984944558
0.7724278036 6.2767096555e-01 3714.4513944405
0.7731222481 6.2767096555e-01 3714.4513944405
0.7767102110 6.2767096555e-01 3714.4513944405
0.7802981740 6.2767096555e-01 3714.4513944405
0.7838861369 6.2767096555e-01 3714.4513944405
0.7874740999 6.2767096555e-01 3714.4513944405
0.7910620629 6.2767096555e-01 3714.4513944405
0.7946500258 6.2767096555e-01 3714.4513944405
0.7982379888 6.2767096555e-01 3714.4513944405
0.8018259518 6.2767096555e-01 3714.4513944405
0.8054139147 6.2767096555e-01 3714.4513944405
0.8090018777 6.2767096555e-01 3714.4513944405
0.8125898407 6.2767096555e-01 3714.4513944405
0.8161778036 6.2767096555e-01 3714.4513944405
0.8197657666 6.2767096555e-01 3714.4513944405
0.8233537296 6.2767096555e-01 3714.4513944405
0.8269416925 6.2767096555e-01 3714.4513944405
0.8305296555 6.2767096555e-01 3714.4513944405
