0.3251777746 8.0850907048e-03 47.9971053355
0.3287657376 1.3812847405e-02 95.6270197012
0.3323537006 1.8751457090e-02 142.3127287161
0.3359416635 2.2870488936e-02 181.2874273656
0.3395296265 2.5251492165e-02 228.3927832031
0.3431175895 2.7470375831e-02 275.7079624519
0.3467055524 2.8940452501e-02 317.2005420370
0.3502935154 3.2869204267e-02 364.7255446971
0.3538814784 3.4186189188e-02 411.2014303006
0.3574694413 3.9259030947e-02 458.4116978438
0.3610574043 4.0779301825e-02 505.4645978284
0.3646453673 4.2266515659e-02 544.3343847723
0.3682333302 4.3581745244e-02 591.9118432852
0.3718212932 4.4819974942e-02 639.2270225340
0.3754092562 4.6557941310e-02 686.2799225186
0.3789972191 4.7717372596e-02 733.9098368843
0.3825851821 5.5485549133e-02 780.9627368690
0.3861731450 5.6763992070e-02 828.0156368536
0.3897611080 5.7780815851e-02 871.0294361707
0.3933490710 5.8708359003e-02 917.0332190989
0.3969370339 5.9577179502e-02 964.8205010231
0.4005249969 6.3084063766e-02 1011.8734010077
0.4041129599 6.4241561730e-02 1053.4184364457
0.4077009228 7.9617238979e-02 1100.5762481360
0.4112888858 8.1395666442e-02 1111.8542564935
0.4148768488 8.2046515990e-02 1157.0712016292
0.4184648117 8.3881058901e-02 1204.3339250252
0.4220527747 8.4515899938e-02 1251.3868250098
0.4256407377 8.9007126027e-02 1290.6238029235
0.4292287006 9.2063214702e-02 1302.6361932206
0.4328166636 1.0317872480e-01 1327.5002674599
0.4364046266 1.1338362047e-01 1352.6790768163
0.4399925895 1.1401204797e-01 1394.1192005486
0.4435805525 1.1435527498e-01 1435.6642359865
0.4471685154 1.1791352536e-01 1459.7939282863
0.4507564784 1.1837938505e-01 1486.9660600501
0.4543444414 1.1981750279e-01 1520.3804383000
0.4579324043 1.2670998749e-01 1560.1944305947
0.4615203673 1.2714552503e-01 1606.2506693757
0.4651083303 1.4132867548e-01 1630.3803616755
0.4686962932 1.4173458901e-01 1676.2792328980
0.4722842562 1.5047669569e-01 1700.8285720204
0.4758722192 1.5070225616e-01 1739.6983589643
0.4794601821 1.5104942244e-01 1787.5380967413
0.4830481451 1.5139262818e-01 1789.8461542656
0.4866361081 1.5173494486e-01 1793.0984171408
0.4902240710 1.5206522550e-01 1840.0988612727
0.4938120340 1.6638534494e-01 1878.4440896882
0.4973999970 1.6668437652e-01 1924.9199752918
0.5009879599 1.6698532935e-01 1927.5952237859
0.5045759229 1.8216789624e-01 1951.9347394970
0.5081638859 1.8381940042e-01 1999.1450070402
0.5117518488 1.8467899959e-01 2045.3061575268
0.5153398118 1.8494211732e-01 2047.5093033455
0.5189277747 1.8512025040e-01 2090.4181909569
0.5261037007 1.8826486413e-01 2122.0490702108
0.5440435155 2.2040816382e-01 2160.9188571546
0.5447379599 2.2040816382e-01 2160.9188571546
0.5483259229 2.2040816382e-01 2160.9188571546
0.5519138859 2.2040816382e-01 2160.9188571546
0.5555018488 2.2040816382e-01 2160.9188571546
0.5590898118 2.2040816382e-01 2160.9188571546
0.5626777748 2.2040816382e-01 2160.9188571546
0.5662657377 2.2040816382e-01 2160.9188571546
0.5698537007 2.2040816382e-01 2160.9188571546
0.5734416637 2.2040816382e-01 2160.9188571546
0.5770296266 2.2040816382e-01 2160.9188571546
0.5806175896 2.2040816382e-01 2160.9188571546
0.5842055526 2.2040816382e-01 2160.9188571546
0.5877935155 2.2040816382e-01 2160.9188571546
0.5913814785 2.2040816382e-01 2160.9188571546
0.5949694415 2.2040816382e-01 2160.9188571546
0.5985574044 2.2040816382e-01 2160.9188571546
0.6021453674 2.2040816382e-01 2160.9188571546
0.6057333304 2.2040816382e-01 2160.9188571546
0.6093212933 2.2040816382e-01 2160.9188571546
0.6129092563 2.2040816382e-01 2160.9188571546
0.6164972192 2.2040816382e-01 2160.9188571546
0.6200851822 2.2040816382e-01 2160.9188571546
0.6236731452 2.2040816382e-01 2160.9188571546
0.6272611081 2.2040816382e-01 2160.9188571546
0.6308490711 2.2040816382e-01 2160.9188571546
0.6344370341 2.2040816382e-01 2160.9188571546
0.6380249970 2.2040816382e-01 2160.9188571546
0.6416129600 2.2040816382e-01 2160.9188571546
0.6452009230 2.2040816382e-01 2160.9188571546
0.6487888859 2.2040816382e-01 2160.9188571546
0.6523768489 2.2040816382e-01 2160.9188571546
0.6559648119 2.2040816382e-01 2160.9188571546
0.6595527748 2.2040816382e-01 2160.9188571546
0.6631407378 2.2040816382e-01 2160.9188571546
0.6667287008 2.2040816382e-01 2160.9188571546
0.6703166637 2.2040816382e-01 2160.9188571546
0.6739046267 2.2040816382e-01 2160.9188571546
0.6774925897 2.2040816382e-01 2160.9188571546
0.6810805526 2.2040816382e-01 2160.9188571546
0.6846685156 2.2040816382e-01 2160.9188571546
0.6882564785 2.2040816382e-01 2160.9188571546
0.6918444415 2.2040816382e-01 2160.9188571546
0.6954324045 2.2040816382e-01 2160.9188571546
