0.0000000000 4.0268495308e-02 47.7872819242
0.0035879630 5.9093317486e-02 94.5254467919
0.0071759259 7.1677936130e-02 140.4243180144
0.0107638889 8.1492795904e-02 187.6870414103
0.0143518519 9.0235155809e-02 233.3236333687
0.0179398148 9.9308876078e-02 279.0126811799
0.0215277778 1.0651851460e-01 326.5901396928
0.0251157408 1.1249350225e-01 372.2267316512
0.0287037037 1.1828135665e-01 420.0140135754
0.0322916667 1.2307093794e-01 467.2242811185
0.0358796296 1.2747863869e-01 513.0706964882
0.0394675926 1.3168046304e-01 558.2351857711
0.0430555556 1.3524786277e-01 606.0224676953
0.0466435185 1.3881933430e-01 653.5999262082
0.0502314815 1.4207082028e-01 699.3414298722
0.0538194445 1.4540799574e-01 745.1353893890
0.0574074074 1.4840527163e-01 792.4505686378
0.0609953704 1.5142099519e-01 839.7132920338
0.0645833334 1.5412477756e-01 886.6612803128
0.0681712963 1.5686358401e-01 933.9764595616
0.0717592593 1.5942188280e-01 979.1409488445
0.0753472223 1.6193386487e-01 1026.1938488291
0.0789351852 1.6439238314e-01 1073.2467488138
0.0825231482 1.6680766581e-01 1120.5619280626
0.0861111112 1.6938995927e-01 1167.7197397529
0.0896990741 1.7155639903e-01 1214.8250955903
0.0932870371 1.7370265784e-01 1262.0878189863
0.0968750001 1.7577392545e-01 1309.8226450577
0.1004629630 1.7790951448e-01 1356.9280008952
0.1040509260 1.7990833744e-01 1359.2885142723
0.1076388889 1.8183384436e-01 1406.3414142570
0.1112268519 1.8375470665e-01 1453.1320349775
0.1148148149 1.8563308363e-01 1499.7128322867
0.1184027778 1.8751034521e-01 1546.6608205657
0.1219907408 1.8934568480e-01 1593.9759998145
0.1255787038 1.9128093341e-01 1641.5010024746
0.1291666667 1.9305874044e-01 1686.7704034631
0.1327546297 1.9474514109e-01 1733.8233034478
0.1363425927 1.9662835435e-01 1781.1384826966
0.1399305556 1.9846742886e-01 1828.4536619454
0.1435185186 2.0014859721e-01 1875.5065619300
0.1471064816 2.0201904886e-01 1922.9266528844
0.1506944445 2.0364626848e-01 1968.6157006956
0.1542824075 2.0522873463e-01 2014.7768511822
0.1578703705 2.0675234146e-01 2057.7906504993
0.1614583334 2.0860222802e-01 2105.8402116876
0.1650462964 2.1015409802e-01 2152.7357441138
0.1686342594 2.1167182531e-01 2197.8477775439
0.1722222223 2.1318789819e-01 2236.8224761934
0.1758101853 2.1468248939e-01 2284.5573022648
0.1793981482 2.1617360284e-01 2328.6726744912
0.1829861112 2.1761440442e-01 2373.3650610987
0.1865740742 2.1912746408e-01 2421.1523430229
0.1901620371 2.2057199095e-01 2464.2710540456
0.1937500001 2.2201088425e-01 2511.2714981775
0.1973379631 2.2344802584e-01 2554.3377533474
0.2009259260 2.2490331343e-01 2601.2857416264
0.2045138890 2.2630127996e-01 2644.3519967963
0.2081018520 2.2749152972e-01 2684.4282683551
0.2116898149 2.2882160818e-01 2731.4811683397
0.2152777779 2.3014948535e-01 2777.0653044453
0.2188657409 2.3143625523e-01 2820.6036622906
0.2224537038 2.3275219325e-01 2865.8206074264
0.2260416668 2.3400475985e-01 2908.8868625963
0.2296296298 2.3543348757e-01 2955.6774833168
0.2332175927 2.3668952982e-01 2994.3899027021
0.2368055557 2.3801681934e-01 3041.6001702453
0.2403935187 2.3930299468e-01 3089.3874521695
0.2439814816 2.4052682835e-01 3131.1947668716
0.2475694446 2.4172339556e-01 3176.8313588299
0.2511574075 2.4290847760e-01 3222.4679507883
0.2547453705 2.4408370484e-01 3266.7406905732
0.2583333335 2.4550679555e-01 3315.0525310256
0.2619212964 2.4666293417e-01 3360.7940346896
0.2655092594 2.4796496965e-01 3408.1092139384
0.2690972224 2.4911376430e-01 3449.6017935235
0.2726851853 2.5042612636e-01 3496.9169727723
0.2762731483 2.5141357635e-01 3532.6394085466
0.2798611113 2.5235168310e-01 3568.3618443209
0.2834490742 2.5345291582e-01 3613.9984362793
0.2870370372 2.5453870285e-01 3659.6874840905
0.9373996047 2.5715829303e-01 3706.0060021356
0.9409875676 2.5939758372e-01 3752.3245201806
0.9445755306 2.6149054558e-01 3797.9611121390
0.9481634936 2.6338735911e-01 3844.2796301841
0.9517514565 2.6519459898e-01 3889.4441194670
0.9553394195 2.6716656996e-01 3936.6019311573
0.9589273825 2.6931500522e-01 3983.6548311420
0.9625153454 2.7103406164e-01 3985.9628886663
0.9661033084 2.7262302278e-01 4032.2814067114
0.9696912714 2.7450019328e-01 4078.5999247565
0.9732792343 2.7602356329e-01 4125.8101922996
0.9768671973 2.7751435066e-01 4169.5583735563
0.9804551603 2.7889924975e-01 4213.2540989601
0.9840431232 2.8029503674e-01 4256.4252658356
0.9876310862 2.8165839025e-01 4301.5372992657
0.9912190491 2.8291487705e-01 4347.2788029297
0.9948070121 2.8436551750e-01 4394.4366146200
0.9983949751 2.8556042762e-01 4440.1256624312
