0.0000000000 6.3234327675e-03 47.6299143657
0.0035879630 1.1293348436e-02 94.4205350863
0.0071759259 1.5249129240e-02 141.6308026294
0.0107638889 3.3832347253e-02 189.4180845536
0.0143518519 4.0153459440e-02 236.4709845382
0.0179398148 5.7714157508e-02 282.2124882023
0.0215277778 6.9602881780e-02 329.6850350095
0.0251157408 7.1603861231e-02 375.3216269679
0.0287037037 7.5729611273e-02 422.6368062166
0.0322916667 7.6906694736e-02 468.8504125561
0.0358796296 8.0464942278e-02 516.9524295973
0.0394675926 8.1399048390e-02 563.9004178763
0.0430555556 9.9604875139e-02 609.1173630120
0.0466435185 1.0027832120e-01 656.7997332306
0.0502314815 1.0076928744e-01 659.1602466077
0.0538194445 1.0140474119e-01 661.4158482792
0.0574074074 1.0177585771e-01 707.2622636489
0.0609953704 1.0264201435e-01 754.3151636335
0.0645833334 1.0325122331e-01 801.6303428823
0.0681712963 1.0353097469e-01 846.8997438709
0.0717592593 1.0378867430e-01 892.1166890066
0.7150877884 1.9163790826e-01 939.3269565498
0.7186757514 2.1104135348e-01 986.4323123872
0.7222637143 2.4559464758e-01 1032.6459187267
0.7258516773 2.5921995169e-01 1079.1742601831
0.7294396403 2.6332861197e-01 1125.8075133451
0.7330276032 2.6712849742e-01 1172.6505899185
0.7366155662 2.6999610188e-01 1174.9586474428
0.7402035292 2.7193534801e-01 1221.9590915746
0.7437914921 2.7361069026e-01 1268.9595357065
0.7473794551 2.7500021505e-01 1316.0124356911
0.7509674181 2.7937384310e-01 1330.5427069238
0.7545553810 2.8074651409e-01 1376.8087691161
0.7581433440 2.8130351039e-01 1423.1272871612
0.7617313069 2.8184084426e-01 1470.1801871458
0.7653192699 2.8227039741e-01 1517.4429105418
0.7689072329 2.8269742272e-01 1564.4958105264
0.7724951958 2.8300631017e-01 1567.0661473149
0.7760831588 2.8329919421e-01 1615.1157085032
0.7796711218 2.8356198794e-01 1617.4237660276
0.7803655662 2.8356198794e-01 1617.4237660276
0.7839535292 2.8356198794e-01 1617.4237660276
0.7875414922 2.8356198794e-01 1617.4237660276
0.7911294551 2.8356198794e-01 1617.4237660276
0.7947174181 2.8356198794e-01 1617.4237660276
0.7983053810 2.8356198794e-01 1617.4237660276
0.8018933440 2.8356198794e-01 1617.4237660276
0.8054813070 2.8356198794e-01 1617.4237660276
0.8090692699 2.8356198794e-01 1617.4237660276
0.9741155663 2.8356198794e-01 1617.4237660276
0.9777035293 2.8356198794e-01 1617.4237660276
0.9812914923 2.8356198794e-01 1617.4237660276
0.9848794552 2.8356198794e-01 1617.4237660276
0.9884674182 2.8356198794e-01 1617.4237660276
0.9920553812 2.8356198794e-01 1617.4237660276
0.9956433441 2.8356198794e-01 1617.4237660276
0.9992313071 2.8356198794e-01 1617.4237660276
