0.0778198891 4.3492452149e-02 46.8955324262
0.0814078521 8.3285207000e-02 94.2107116750
0.0849958151 1.1869988455e-01 141.9979935992
0.0885837780 1.5037898409e-01 189.7328196705
0.0921717410 1.8315463586e-01 236.9430872137
0.0957597040 2.0877699447e-01 281.7928413796
0.0993476669 2.4004195448e-01 329.1080206284
0.1029356299 2.6900119127e-01 376.3182881716
0.1065235929 2.9187497124e-01 421.5876891601
0.1101115558 3.1486359093e-01 469.0602359674
0.1136995188 3.3164208627e-01 515.2213864540
0.1172874818 4.1157981877e-01 562.4316539971
0.1208754447 4.2377363428e-01 604.3438804049
0.1244634077 4.3730859900e-01 651.5541479480
0.1280513707 4.4907160235e-01 698.8693271968
0.1316393336 4.5690793787e-01 741.8831265138
0.1352272966 4.6431713531e-01 787.8869094420
0.1388152596 4.7086157936e-01 829.4319448799
0.1424032225 4.7672800889e-01 872.4457441970
0.1459911855 4.8107819426e-01 913.9907796350
0.1495791484 4.8576642594e-01 960.0994742687
0.1531671114 4.8921948091e-01 1002.7985384689
0.1567550744 4.9249972076e-01 1044.2386622012
0.1603430373 4.9597870449e-01 1046.8089989896
0.1639310003 4.9833628546e-01 1049.1695123668
0.1675189633 5.0036261479e-01 1051.2152906270
0.1711069262 5.0243331498e-01 1054.1003625324
0.1746948892 5.0436323231e-01 1056.8805227322
0.1782828522 5.0618549267e-01 1102.9892173660
0.1818708151 5.0791811575e-01 1144.5342528039
0.1854587781 5.0956398479e-01 1146.6324869169
0.1890467411 5.1090056948e-01 1148.6782651771
0.1926347040 5.1219338600e-01 1196.7278263655
0.1962226670 5.1326441252e-01 1241.9447715012
0.1998106300 5.1428830075e-01 1286.7945256672
0.2033985929 5.1522943300e-01 1325.7692243167
0.2069865559 5.1614661196e-01 1372.5073891844
0.2105745189 5.1710183674e-01 1375.0777259728
0.2141624818 5.1804360290e-01 1418.0915252899
0.2177504448 5.1877221823e-01 1462.5740884861
0.2213384077 5.1963090211e-01 1465.8263513613
0.2249263707 5.2056699168e-01 1468.0294971800
0.2285143337 5.2113986429e-01 1512.8267954931
0.2321022966 5.2182253908e-01 1554.7914777537
0.2356902596 5.2222082301e-01 1596.6512483086
0.2392782226 5.2284064413e-01 1604.2573469683
0.2428661855 5.2332199521e-01 1606.3031252285
0.2464541485 5.2378052961e-01 1609.5029322509
0.2500421115 5.2421640894e-01 1611.8109897752
0.4150884079 5.2523159801e-01 1659.0212573183
0.4222643338 5.2571215400e-01 1706.6511716841
0.4330282227 5.2666590212e-01 1753.7040716687
0.4402041486 5.3055225650e-01 1800.7569716534
0.4581439634 5.3468886001e-01 1847.8098716380
0.4617319264 5.3629757689e-01 1894.7054040642
0.4760837783 5.4319390159e-01 1941.7583040489
0.4796717412 5.4756331405e-01 1968.0911421674
0.4868476672 5.5055899165e-01 1994.0043334633
0.4940235931 5.5535494637e-01 2027.6285351245
0.5083754449 5.6352775920e-01 2054.5383876241
0.5227272968 5.7067953054e-01 2101.6961993144
0.5234217413 5.7067953054e-01 2101.6961993144
0.5270097042 5.7067953054e-01 2101.6961993144
0.5305976672 5.7067953054e-01 2101.6961993144
0.5341856301 5.7067953054e-01 2101.6961993144
0.5377735931 5.7067953054e-01 2101.6961993144
0.5413615561 5.7067953054e-01 2101.6961993144
0.5449495190 5.7067953054e-01 2101.6961993144
0.5485374820 5.7067953054e-01 2101.6961993144
0.5521254450 5.7067953054e-01 2101.6961993144
0.5557134079 5.7067953054e-01 2101.6961993144
0.5593013709 5.7067953054e-01 2101.6961993144
0.5628893339 5.7067953054e-01 2101.6961993144
0.5664772968 5.7067953054e-01 2101.6961993144
0.5700652598 5.7067953054e-01 2101.6961993144
0.5736532228 5.7067953054e-01 2101.6961993144
