826 273.33333 62.15000 56151.15021 21.65000 299 0.06744 1.15914 g -1
767 302.47146 47.75000 56151.15380 21.65000 299 0.06552 1.22370 g -1
800 302.18847 54.95000 56151.15739 21.65000 299 0.06334 1.23550 g -1
799 291.09099 54.95000 56151.16098 21.65000 299 0.05681 1.15044 g -1
827 286.66667 62.15000 56151.16457 21.65000 299 0.05671 1.18441 g -1
730 312.82187 40.55000 56151.16815 21.65000 299 0.05021 1.28202 g -1
768 312.24615 47.75000 56151.17174 21.65000 299 0.03275 1.25882 g -1
688 313.87167 33.35000 56151.17533 21.65000 299 0.03249 1.28101 g -1
825 260.00000 62.15000 56151.17892 21.65000 299 0.02156 1.14667 g -1
848 265.71429 69.35000 56151.18251 21.65000 299 0.01140 1.23717 g -1
544 319.86812 11.75000 56151.18609 21.65000 299 0.01115 1.53766 g -1
823 233.33333 62.15000 56151.18968 21.65000 299 0.01106 1.26694 g -1
847 248.57143 69.35000 56151.19327 21.65000 299 0.01049 1.28000 g -1
729 304.26859 40.55000 56151.19686 21.65000 299 0.01042 1.09810 g -1
642 315.80800 26.15000 56151.20045 21.65000 299 0.00996 1.21930 g -1
849 282.85714 69.35000 56151.20403 21.65000 299 0.00993 1.23815 g -1
689 321.65544 33.35000 56151.20762 21.65000 299 0.00915 1.22878 g -1
594 317.87636 18.95000 56151.21121 21.65000 299 0.00799 1.24523 g -1
643 323.33360 26.15000 56151.21480 21.65000 299 0.00789 1.24984 g -1
493 323.17384 4.55000 56151.21839 21.65000 299 0.00789 1.47693 g -1
828 300.00000 62.15000 56151.22197 21.65000 299 0.00775 1.16139 g -1
492 316.16296 4.55000 56151.22556 21.65000 299 0.00767 1.31857 g -1
766 292.69677 47.75000 56151.22915 21.65000 299 0.00738 1.03594 g -1
595 325.12618 18.95000 56151.23274 21.65000 299 0.00699 1.23847 g -1
545 326.85237 11.75000 56151.23633 21.65000 299 0.00699 1.31704 g -1
687 306.08789 33.35000 56151.23991 21.65000 299 0.00694 1.02647 g -1
824 246.66667 62.15000 56151.24350 21.65000 299 0.00693 1.31350 g -1
798 279.99351 54.95000 56151.24709 21.65000 299 0.00689 1.09028 g -1
846 231.42857 69.35000 56151.25068 21.65000 299 0.00647 1.54273 g -1
641 308.28240 26.15000 56151.25427 21.65000 299 0.00594 1.02669 g -1
640 300.75680 26.15000 56151.25785 21.65000 299 0.00583 1.00958 g -1
543 312.88387 11.75000 56151.26144 21.65000 299 0.00557 1.10696 g -1
593 310.62655 18.95000 56151.26503 21.65000 299 0.00541 1.04828 g -1
441 319.53365 -2.65000 56151.26862 21.65000 299 0.00525 1.30678 g -1
727 287.03496 40.55000 56151.27221 21.65000 299 0.00520 1.03075 g -1
822 220.00000 62.15000 56151.27579 21.65000 299 0.00513 1.88539 g -1
1803 301.78852 51.35000 56151.27938 21.65000 299 0.00502 1.05244 g -1
726 278.41815 40.55000 56151.28297 21.65000 299 0.00490 1.08712 g -1
686 298.26936 33.35000 56151.28656 21.65000 299 0.00452 1.00872 g -1
728 295.65178 40.55000 56151.29015 21.65000 299 0.00427 1.02469 g -1
850 300.00000 69.35000 56151.29373 21.65000 299 0.00418 1.24346 g -1
685 290.41607 33.35000 56151.29732 21.65000 299 0.00379 1.04749 g -1
592 303.37673 18.95000 56151.30091 21.65000 299 0.00348 1.04293 g -1
801 313.28596 54.95000 56151.30450 21.65000 299 0.00317 1.07589 g -1
829 313.33333 62.15000 56151.30809 21.65000 299 0.00309 1.14190 g -1
1832 283.18423 58.55000 56151.31167 21.65000 299 0.00296 1.19989 g -1
1833 294.98986 58.55000 56151.31526 21.65000 299 0.00289 1.14837 g -1
731 321.31160 40.55000 56151.31885 21.65000 299 0.00268 1.00861 g -1
765 282.92208 47.75000 56151.32244 21.65000 299 0.00262 1.17189 g -1
1729 313.57950 36.95000 56151.32603 21.65000 299 0.00258 1.00853 g -1
1768 312.46200 44.15000 56151.32961 21.65000 299 0.00236 1.02846 g -1
442 326.56250 -2.65000 56151.33320 21.65000 299 0.00233 1.23637 g -1
1856 263.87953 65.75000 56151.33679 21.65000 299 0.00227 1.50571 g -1
802 324.38344 54.95000 56151.34038 21.65000 299 0.00193 1.07639 g -1
684 282.56279 33.35000 56151.34396 21.65000 299 0.00193 1.26315 g -1
725 269.80133 40.55000 56151.34755 21.65000 299 0.00182 1.47225 g -1
390 322.90570 -9.85000 56151.35114 21.65000 299 0.00166 1.38453 g -1
764 273.14738 47.75000 56151.35473 21.65000 299 0.00142 1.43276 g -1
639 293.25314 26.15000 56151.35832 21.65000 299 0.00142 1.22354 g -1
683 274.70950 33.35000 56151.36190 21.65000 299 0.00140 1.53061 g -1
724 261.18452 40.55000 56151.36549 21.65000 299 0.00128 1.90242 g -1
389 315.85652 -9.85000 56151.36908 21.65000 299 0.00124 1.48384 g -1
797 268.89602 54.95000 56151.37267 21.65000 299 0.00124 1.61880 g -1
440 312.50481 -2.65000 56151.37626 21.65000 299 0.00118 1.39341 g -1
542 305.89962 11.75000 56151.37984 21.65000 299 0.00106 1.27913 g -1
1857 278.87953 65.75000 56151.38343 21.65000 299 0.00103 1.52822 g -1
763 263.37269 47.75000 56151.38702 21.65000 299 0.00102 1.99090 g -1
1767 303.21492 44.15000 56151.39061 21.65000 299 0.00086 1.20379 g -1
770 332.10164 47.75000 56151.39420 21.65000 299 0.00086 1.05091 g -1
491 309.15208 4.55000 56151.39778 21.65000 299 0.00085 1.43305 g -1
769 322.06455 47.75000 56151.40137 21.65000 299 0.00082 1.10059 g -1
591 296.12691 18.95000 56151.40496 21.65000 299 0.00079 1.55208 g -1
494 330.18472 4.55000 56151.40855 21.65000 299 0.00073 1.21816 g -1
1686 314.80237 29.75000 56151.41214 21.65000 299 0.00073 1.18223 g -1
865 276.00000 76.55000 56151.41572 21.65000 299 0.00068 1.74042 g -1
826 273.33333 62.15000 56151.41642 21.65000 299 0.06744 1.82597 r -1
767 302.47146 47.75000 56151.42001 21.65000 299 0.06552 1.34264 r -1
800 302.18847 54.95000 56151.42359 21.65000 299 0.06334 1.37399 r -1
799 291.09099 54.95000 56151.42718 21.65000 299 0.05681 1.56885 r -1
827 286.66667 62.15000 56151.43077 21.65000 299 0.05671 1.66191 r -1
730 312.82187 40.55000 56151.43436 21.65000 299 0.05021 1.27623 r -1
768 312.24615 47.75000 56151.43795 21.65000 299 0.03275 1.29854 r -1
688 313.87167 33.35000 56151.44153 21.65000 299 0.03249 1.32132 r -1
544 319.86812 11.75000 56151.44512 21.65000 299 0.01115 1.44037 r -1
729 304.26859 40.55000 56151.44871 21.65000 299 0.01042 1.51583 r -1
642 315.80800 26.15000 56151.45230 21.65000 299 0.00996 1.40582 r -1
849 282.85714 69.35000 56151.45589 21.65000 299 0.00993 1.86349 r -1
689 321.65544 33.35000 56151.45947 21.65000 299 0.00915 1.30066 r -1
594 317.87636 18.95000 56151.46306 21.65000 299 0.00799 1.53119 r -1
643 323.33360 26.15000 56151.46665 21.65000 299 0.00789 1.36068 r -1
493 323.17384 4.55000 56151.47024 21.65000 299 0.00789 1.73925 r -1
828 300.00000 62.15000 56151.47383 21.65000 299 0.00775 1.70246 r -1
595 325.12618 18.95000 56151.47741 21.65000 299 0.00699 1.48007 r -1
545 326.85237 11.75000 56151.48100 21.65000 299 0.00699 1.58368 r -1
687 306.08789 33.35000 56151.48459 21.65000 299 0.00694 1.96044 r -1
1803 301.78852 51.35000 56151.48818 21.65000 299 0.00502 1.86868 r -1
850 300.00000 69.35000 56151.49177 21.65000 299 0.00418 1.79160 r -1
801 313.28596 54.95000 56151.49535 21.65000 299 0.00317 1.61587 r -1
829 313.33333 62.15000 56151.49894 21.65000 299 0.00309 1.62538 r -1
731 321.31160 40.55000 56151.50253 21.65000 299 0.00268 1.57133 r -1
1729 313.57950 36.95000 56151.50612 21.65000 299 0.00258 1.90028 r -1
