765 282.92208 47.75000 56088.40643 21.65000 299 0.00180 1.03532 g -1
827 286.66667 62.15000 56088.41002 21.65000 299 0.00179 1.14208 g -1
799 291.09099 54.95000 56088.41361 21.65000 299 0.00167 1.07566 g -1
798 279.99351 54.95000 56088.41719 21.65000 299 0.00167 1.08871 g -1
726 278.41815 40.55000 56088.42078 21.65000 299 0.00164 1.03119 g -1
826 273.33333 62.15000 56088.42437 21.65000 299 0.00164 1.17831 g -1
727 287.03496 40.55000 56088.42796 21.65000 299 0.00153 1.01639 g -1
764 273.14738 47.75000 56088.43155 21.65000 299 0.00152 1.08894 g -1
825 260.00000 62.15000 56088.43513 21.65000 299 0.00143 1.26613 g -1
725 269.80133 40.55000 56088.43872 21.65000 299 0.00142 1.10477 g -1
766 292.69677 47.75000 56088.44231 21.65000 299 0.00140 1.03955 g -1
684 282.56279 33.35000 56088.44590 21.65000 299 0.00127 1.04466 g -1
797 268.89602 54.95000 56088.44949 21.65000 299 0.00122 1.18733 g -1
683 274.70950 33.35000 56088.45307 21.65000 299 0.00115 1.10766 g -1
800 302.18847 54.95000 56088.45666 21.65000 299 0.00103 1.07743 g -1
828 300.00000 62.15000 56088.46025 21.65000 299 0.00103 1.14638 g -1
728 295.65178 40.55000 56088.46384 21.65000 299 0.00100 1.02629 g -1
763 263.37269 47.75000 56088.46743 21.65000 299 0.00099 1.26755 g -1
685 290.41607 33.35000 56088.47101 21.65000 299 0.00095 1.05039 g -1
795 246.70105 54.95000 56088.47460 21.65000 299 0.00091 1.55782 g -1
824 246.66667 62.15000 56088.47819 21.65000 299 0.00088 1.57809 g -1
682 266.85621 33.35000 56089.16846 21.65000 299 0.00086 1.62390 g -1
796 257.79854 54.95000 56089.17205 21.65000 299 0.00084 1.35218 g -1
724 261.18452 40.55000 56089.17564 21.65000 299 0.00077 1.38643 g -1
637 278.28971 26.15000 56089.17922 21.65000 299 0.00078 2.04801 g -1
636 270.80800 26.15000 56089.18281 21.65000 299 0.00070 1.68514 g -1
760 234.04862 47.75000 56089.18640 21.65000 299 0.00069 1.08671 g -1
681 259.00293 33.35000 56089.18999 21.65000 299 0.00067 1.29523 g -1
847 248.57143 69.35000 56089.19357 21.65000 299 0.00065 1.32707 g -1
721 235.33407 40.55000 56089.19716 21.65000 299 0.00063 1.05441 g -1
638 285.77143 26.15000 56089.20075 21.65000 299 0.00062 2.03292 g -1
677 227.58979 33.35000 56089.20434 21.65000 299 0.00061 1.01321 g -1
848 265.71429 69.35000 56089.20793 21.65000 299 0.00060 1.40350 g -1
794 235.60357 54.95000 56089.21151 21.65000 299 0.00058 1.09846 g -1
630 225.91771 26.15000 56089.21510 21.65000 299 0.00057 1.01164 g -1
767 302.47146 47.75000 56089.21869 21.65000 299 0.00073 2.01064 g -1
823 233.33333 62.15000 56089.22228 21.65000 299 0.00055 1.14888 g -1
686 298.26936 33.35000 56089.22587 21.65000 299 0.00057 2.02065 g -1
720 226.71726 40.55000 56089.22945 21.65000 299 0.00055 1.00796 g -1
761 243.82331 47.75000 56089.23304 21.65000 299 0.00055 1.05888 g -1
801 313.28596 54.95000 56089.23663 21.65000 299 0.00058 2.03506 g -1
582 230.77318 18.95000 56089.24022 21.65000 299 0.00053 1.03290 g -1
768 312.24615 47.75000 56089.24381 21.65000 299 0.00054 2.03885 g -1
729 304.26859 40.55000 56089.24739 21.65000 299 0.00052 1.81312 g -1
762 253.59800 47.75000 56089.25098 21.65000 299 0.00051 1.07059 g -1
635 263.32629 26.15000 56089.25457 21.65000 299 0.00048 1.11110 g -1
846 231.42857 69.35000 56089.25816 21.65000 299 0.00046 1.23679 g -1
639 293.25314 26.15000 56089.26175 21.65000 299 0.00045 1.51197 g -1
849 282.85714 69.35000 56089.26533 21.65000 299 0.00043 1.37816 g -1
802 324.38344 54.95000 56089.26892 21.65000 299 0.00066 2.01625 g -1
769 322.06455 47.75000 56089.27251 21.65000 299 0.00055 2.01742 g -1
588 274.38447 18.95000 56089.27610 21.65000 299 0.00043 1.17839 g -1
531 229.07556 11.75000 56089.27969 21.65000 299 0.00042 1.10739 g -1
731 321.31160 40.55000 56089.28327 21.65000 299 0.00042 1.96885 g -1
730 312.82187 40.55000 56089.28686 21.65000 299 0.00041 1.63806 g -1
634 255.84457 26.15000 56089.29045 21.65000 299 0.00040 1.01597 g -1
587 267.11592 18.95000 56089.29404 21.65000 299 0.00039 1.07663 g -1
678 235.44307 33.35000 56089.29763 21.65000 299 0.00039 1.02350 g -1
770 332.10164 47.75000 56089.30121 21.65000 299 0.00056 2.00502 g -1
631 233.39943 26.15000 56089.30480 21.65000 299 0.00039 1.05308 g -1
687 306.08789 33.35000 56089.30839 21.65000 299 0.00039 1.36660 g -1
803 335.18412 54.95000 56089.31198 21.65000 299 0.00038 1.86870 g -1
822 220.00000 62.15000 56089.31557 21.65000 299 0.00036 1.25110 g -1
723 252.56770 40.55000 56089.31915 21.65000 299 0.00035 1.01076 g -1
829 313.33333 62.15000 56089.32274 21.65000 299 0.00034 1.39821 g -1
640 300.75680 26.15000 56089.32633 21.65000 299 0.00034 1.22709 g -1
581 223.50463 18.95000 56089.32992 21.65000 299 0.00034 1.25288 g -1
589 281.65302 18.95000 56089.33351 21.65000 299 0.00034 1.07800 g -1
792 213.41224 54.95000 56089.33709 21.65000 299 0.00033 1.32995 g -1
759 224.27392 47.75000 56089.34068 21.65000 299 0.00032 1.20783 g -1
732 329.74300 40.55000 56089.34427 21.65000 299 0.00031 1.54223 g -1
845 214.28571 69.35000 56089.34786 21.65000 299 0.00031 1.45449 g -1
733 338.17440 40.55000 56089.35145 21.65000 299 0.00030 1.69639 g -1
586 259.84737 18.95000 56089.35503 21.65000 299 0.00030 1.04835 g -1
793 224.50609 54.95000 56089.35862 21.65000 299 0.00029 1.29376 g -1
722 243.95089 40.55000 56089.36221 21.65000 299 0.00028 1.09943 g -1
758 214.49923 47.75000 56089.36580 21.65000 299 0.00028 1.45937 g -1
771 342.13873 47.75000 56089.36939 21.65000 299 0.00028 1.57488 g -1
688 313.87167 33.35000 56089.37297 21.65000 299 0.00028 1.15842 g -1
680 251.14964 33.35000 56089.37656 21.65000 299 0.00027 1.08580 g -1
641 308.28240 26.15000 56089.38015 21.65000 299 0.00026 1.10807 g -1
590 288.92157 18.95000 56089.38374 21.65000 299 0.00025 1.03995 g -1
585 252.57882 18.95000 56089.38732 21.65000 299 0.00025 1.15895 g -1
676 219.73650 33.35000 56089.39091 21.65000 299 0.00024 1.64830 g -1
689 321.65544 33.35000 56089.39450 21.65000 299 0.00024 1.15857 g -1
591 296.12691 18.95000 56089.39809 21.65000 299 0.00024 1.04449 g -1
391 329.95489 -9.85000 56089.40168 21.65000 299 0.00024 1.93888 g -1
821 206.66667 62.15000 56089.40526 21.65000 299 0.00023 1.85992 g -1
