560 73.87345 18.95000 55928.07667 21.65000 299 0.03110 1.82767 g -1
609 68.69200 26.15000 55928.08026 21.65000 299 0.02212 1.50459 g -1
610 76.21760 26.15000 55928.08385 21.65000 299 0.01776 1.68112 g -1
657 70.62833 33.35000 55928.08744 21.65000 299 0.01642 1.42517 g -1
510 78.60038 11.75000 55928.09102 21.65000 299 0.02160 2.00277 g -1
457 75.34792 4.55000 55928.09461 21.65000 299 0.02082 2.01997 g -1
656 62.84456 33.35000 55928.09820 21.65000 299 0.01301 1.23585 g -1
509 71.61613 11.75000 55928.10179 21.65000 299 0.01301 1.59172 g -1
561 81.12327 18.95000 55928.10538 21.65000 299 0.01064 1.71097 g -1
701 63.07173 40.55000 55928.10896 21.65000 299 0.00889 1.18305 g -1
406 71.99519 -2.65000 55928.11255 21.65000 299 0.00826 1.85130 g -1
813 100.00000 62.15000 55928.11614 21.65000 299 0.00729 1.68789 g -1
407 79.02404 -2.65000 55928.11973 21.65000 299 0.01084 2.03709 g -1
458 82.35880 4.55000 55928.12332 21.65000 299 0.00695 1.86879 g -1
658 78.41211 33.35000 55928.12690 21.65000 299 0.00679 1.30980 g -1
355 75.69267 -9.85000 55928.13049 21.65000 299 0.01067 2.03036 g -1
782 103.90195 54.95000 55928.13408 21.65000 299 0.00625 1.66205 g -1
700 54.52367 40.55000 55928.13767 21.65000 299 0.00578 1.05210 g -1
746 100.70292 47.75000 55928.14126 21.65000 299 0.00547 1.56871 g -1
702 71.61980 40.55000 55928.14484 21.65000 299 0.00537 1.14289 g -1
304 72.44639 -17.05000 55928.14843 21.65000 299 0.00569 2.02202 g -1
871 100.00000 83.75000 55928.15202 21.65000 299 0.00530 1.69586 g -1
838 94.28571 69.35000 55928.15561 21.65000 299 0.00503 1.45668 g -1
705 97.46504 40.55000 55928.15920 21.65000 299 0.00432 1.40451 g -1
870 60.00000 83.75000 55928.16278 21.65000 299 0.00418 1.58057 g -1
839 111.42857 69.35000 55928.16637 21.65000 299 0.00408 1.59452 g -1
611 83.74320 26.15000 55928.16996 21.65000 299 0.00407 1.20496 g -1
661 101.93721 33.35000 55928.17355 21.65000 299 0.00393 1.43005 g -1
706 106.08185 40.55000 55928.17713 21.65000 299 0.00380 1.44494 g -1
858 108.00000 76.55000 55928.18072 21.65000 299 0.00377 1.57518 g -1
781 92.97719 54.95000 55928.18431 21.65000 299 0.00364 1.24431 g -1
511 85.58463 11.75000 55928.18790 21.65000 299 0.00334 1.26272 g -1
814 113.33333 62.15000 55928.19149 21.65000 299 0.00333 1.47176 g -1
747 110.12762 47.75000 55928.19507 21.65000 299 0.00314 1.38318 g -1
559 66.62364 18.95000 55928.19866 21.65000 299 0.00312 1.04779 g -1
857 84.00000 76.55000 55928.20225 21.65000 299 0.00301 1.41369 g -1
613 98.72857 26.15000 55928.20584 21.65000 299 0.00266 1.23010 g -1
743 72.25385 47.75000 55928.20943 21.65000 299 0.00257 1.04738 g -1
812 86.66667 62.15000 55928.21301 21.65000 299 0.00249 1.19449 g -1
740 42.36127 47.75000 55928.21660 21.65000 299 0.00248 1.06927 g -1
741 52.39836 47.75000 55928.22019 21.65000 299 0.00234 1.04382 g -1
742 62.43545 47.75000 55928.22378 21.65000 299 0.00230 1.03304 g -1
354 68.64348 -9.85000 55928.22737 21.65000 299 0.00225 1.37294 g -1
698 37.42753 40.55000 55928.23095 21.65000 299 0.00212 1.10200 g -1
703 80.23141 40.55000 55928.23454 21.65000 299 0.00208 1.02131 g -1
699 45.97560 40.55000 55928.23813 21.65000 299 0.00201 1.06684 g -1
745 91.27823 47.75000 55928.24172 21.65000 299 0.00197 1.07011 g -1
655 55.06078 33.35000 55928.24531 21.65000 299 0.00178 1.03325 g -1
564 102.73929 18.95000 55928.24889 21.65000 299 0.00166 1.14927 g -1
356 82.74185 -9.85000 55928.25248 21.65000 299 0.00156 1.38541 g -1
869 20.00000 83.75000 55928.25607 21.65000 299 0.00155 1.67607 g -1
608 61.16640 26.15000 55928.25966 21.65000 299 0.00150 1.04048 g -1
778 60.11656 54.95000 55928.26325 21.65000 299 0.00143 1.10632 g -1
660 94.08393 33.35000 55928.26683 21.65000 299 0.00142 1.02052 g -1
614 106.21029 26.15000 55928.27042 21.65000 299 0.00141 1.08229 g -1
1606 75.04557 22.55000 55928.27401 21.65000 299 0.00139 1.02556 g -1
662 109.79050 33.35000 55928.27760 21.65000 299 0.00139 1.07359 g -1
408 86.05288 -2.65000 55928.28119 21.65000 299 0.00137 1.23617 g -1
783 114.82671 54.95000 55928.28477 21.65000 299 0.00136 1.14491 g -1
697 28.87947 40.55000 55928.28836 21.65000 299 0.00133 1.46519 g -1
1654 69.69763 29.75000 55928.29195 21.65000 299 0.00131 1.04633 g -1
837 77.14286 69.35000 55928.29554 21.65000 299 0.00127 1.24854 g -1
872 140.00000 83.75000 55928.29913 21.65000 299 0.00126 1.64635 g -1
652 31.70944 33.35000 55928.30271 21.65000 299 0.00124 1.57538 g -1
739 32.32418 47.75000 55928.30630 21.65000 299 0.00114 1.49525 g -1
513 99.62356 11.75000 55928.30989 21.65000 299 0.00112 1.07770 g -1
1555 72.72565 15.35000 55928.31348 21.65000 299 0.00105 1.13769 g -1
305 79.52832 -17.05000 55928.31707 21.65000 299 0.00105 1.68318 g -1
653 39.49322 33.35000 55928.32065 21.65000 299 0.00104 1.54152 g -1
1504 77.41468 8.15000 55928.32424 21.65000 299 0.00103 1.19691 g -1
1451 74.21708 0.95000 55928.32783 21.65000 299 0.00100 1.34104 g -1
456 68.33704 4.55000 55928.33142 21.65000 299 0.00095 1.38266 g -1
1556 79.84043 15.35000 55928.33501 21.65000 299 0.00094 1.14277 g -1
878 10.00000 88.00000 55928.33859 21.65000 299 0.00092 1.82929 g -1
879 170.00000 88.00000 55928.34218 21.65000 299 0.00089 1.77528 g -1
563 95.57843 18.95000 55928.34577 21.65000 299 0.00089 1.05537 g -1
777 49.31587 54.95000 55928.34936 21.65000 299 0.00087 1.46078 g -1
779 71.12768 54.95000 55928.35295 21.65000 299 0.00086 1.22488 g -1
809 46.66667 62.15000 55928.35653 21.65000 299 0.00081 1.55018 g -1
654 47.27700 33.35000 55928.36012 21.65000 299 0.00080 1.72894 g -1
659 86.23064 33.35000 55928.36371 21.65000 299 0.00079 1.09612 g -1
562 88.37309 18.95000 55928.36730 21.65000 299 0.00077 1.14323 g -1
810 60.00000 62.15000 55928.37088 21.65000 299 0.00075 1.44076 g -1
856 60.00000 76.55000 55928.37447 21.65000 299 0.00074 1.57523 g -1
1699 62.53900 36.95000 55928.37806 21.65000 299 0.00070 1.45933 g -1
704 88.84822 40.55000 55928.38165 21.65000 299 0.00069 1.12302 g -1
744 81.85354 47.75000 55928.38524 21.65000 299 0.00067 1.20504 g -1
1400 77.87319 -6.25000 55928.38882 21.65000 299 0.00062 1.95439 g -1
859 132.00000 76.55000 55928.39241 21.65000 299 0.00059 1.37293 g -1
780 82.05244 54.95000 55928.39600 21.65000 299 0.00057 1.26522 g -1
840 128.57143 69.35000 55928.39959 21.65000 299 0.00056 1.23526 g -1
612 91.24686 26.15000 55928.40318 21.65000 299 0.00053 1.20353 g -1
1894 90.00000 88.50000 55928.40676 21.65000 299 0.00052 1.76398 g -1
1655 77.35732 29.75000 55928.41035 21.65000 299 0.00051 1.44637 g -1
1605 67.65786 22.55000 55928.41394 21.65000 299 0.00051 1.89498 g -1
460 96.38056 4.55000 55928.41753 21.65000 299 0.00047 1.43581 g -1
707 114.69867 40.55000 55928.42112 21.65000 299 0.00044 1.05386 g -1
459 89.36968 4.55000 55928.42470 21.65000 299 0.00044 1.66328 g -1
811 73.33333 62.15000 55928.42829 21.65000 299 0.00040 1.53837 g -1
461 103.30689 4.55000 55928.43188 21.65000 299 0.00040 1.40482 g -1
1607 82.43329 22.55000 55928.43547 21.65000 299 0.00039 1.63658 g -1
873 180.00000 83.75000 55928.43906 21.65000 299 0.00038 1.61417 g -1
1845 98.77722 65.75000 55928.44264 21.65000 299 0.00035 1.34316 g -1
410 100.11058 -2.65000 55928.44623 21.65000 299 0.00034 1.77154 g -1
815 126.66667 62.15000 55928.44982 21.65000 299 0.00034 1.17091 g -1
1895 240.00000 88.50000 55928.45341 21.65000 299 0.00034 1.81923 g -1
512 92.56888 11.75000 55928.45700 21.65000 299 0.00034 1.77174 g -1
813 100.00000 62.15000 55928.45769 21.65000 299 0.00729 1.34832 r -1
658 78.41211 33.35000 55928.46128 21.65000 299 0.00679 1.93399 r -1
782 103.90195 54.95000 55928.46487 21.65000 299 0.00625 1.29498 r -1
746 100.70292 47.75000 55928.46845 21.65000 299 0.00547 1.33317 r -1
871 100.00000 83.75000 55928.47204 21.65000 299 0.00530 1.66546 r -1
838 94.28571 69.35000 55928.47563 21.65000 299 0.00503 1.52375 r -1
705 97.46504 40.55000 55928.47922 21.65000 299 0.00432 1.47126 r -1
870 60.00000 83.75000 55928.48281 21.65000 299 0.00418 1.87101 r -1
839 111.42857 69.35000 55928.48639 21.65000 299 0.00408 1.40489 r -1
661 101.93721 33.35000 55928.48998 21.65000 299 0.00393 1.50950 r -1
706 106.08185 40.55000 55928.49357 21.65000 299 0.00380 1.40479 r -1
858 108.00000 76.55000 55928.49716 21.65000 299 0.00377 1.54849 r -1
781 92.97719 54.95000 55928.50075 21.65000 299 0.00364 1.66467 r -1
814 113.33333 62.15000 55928.50433 21.65000 299 0.00333 1.38283 r -1
747 110.12762 47.75000 55928.50792 21.65000 299 0.00314 1.40558 r -1
857 84.00000 76.55000 55928.51151 21.65000 299 0.00301 1.80553 r -1
812 86.66667 62.15000 55928.51510 21.65000 299 0.00249 1.87743 r -1
745 91.27823 47.75000 55928.51869 21.65000 299 0.00197 1.97836 r -1
614 106.21029 26.15000 55928.52227 21.65000 299 0.00141 1.84008 r -1
662 109.79050 33.35000 55928.52586 21.65000 299 0.00139 1.64509 r -1
783 114.82671 54.95000 55928.52945 21.65000 299 0.00136 1.45273 r -1
872 140.00000 83.75000 55928.53304 21.65000 299 0.00126 1.61098 r -1
878 10.00000 88.00000 55928.53663 21.65000 299 0.00092 1.91523 r -1
879 170.00000 88.00000 55928.54021 21.65000 299 0.00089 1.72605 r -1
859 132.00000 76.55000 55928.54380 21.65000 299 0.00059 1.50404 r -1
840 128.57143 69.35000 55928.54739 21.65000 299 0.00056 1.44419 r -1
1894 90.00000 88.50000 55928.55098 21.65000 299 0.00052 1.81943 r -1
707 114.69867 40.55000 55928.55457 21.65000 299 0.00044 1.72398 r -1
873 180.00000 83.75000 55928.55815 21.65000 299 0.00038 1.56719 r -1
1845 98.77722 65.75000 55928.56174 21.65000 299 0.00035 1.94526 r -1
815 126.66667 62.15000 55928.56533 21.65000 299 0.00034 1.48479 r -1
1895 240.00000 88.50000 55928.56892 21.65000 299 0.00034 1.77119 r -1
