783 114.82671 54.95000 55969.44384 21.65000 299 0.00529 1.62264 g -1
813 100.00000 62.15000 55969.44742 21.65000 299 0.00525 1.94317 g -1
782 103.90195 54.95000 55969.45101 21.65000 299 0.00457 1.97418 g -1
748 119.55231 47.75000 55969.45460 21.65000 299 0.00367 1.64212 g -1
747 110.12762 47.75000 55969.45819 21.65000 299 0.00245 1.96850 g -1
749 128.97700 47.75000 55969.46178 21.65000 299 0.00244 1.49286 g -1
814 113.33333 62.15000 55969.46536 21.65000 299 0.00212 1.78312 g -1
708 123.31548 40.55000 55969.46895 21.65000 299 0.00201 1.75213 g -1
709 131.93230 40.55000 55969.47254 21.65000 299 0.00191 1.55007 g -1
784 125.75146 54.95000 55969.47613 21.65000 299 0.00175 1.63821 g -1
665 133.35036 33.35000 55969.47972 21.65000 299 0.00102 1.65140 g -1
664 125.49707 33.35000 55969.48330 21.65000 299 0.00097 1.99272 g -1
666 141.20364 33.35000 55969.48689 21.65000 299 0.00057 1.51091 g -1
618 136.13714 26.15000 55969.49048 21.65000 299 0.00046 1.80171 g -1
710 140.54911 40.55000 55969.49407 21.65000 299 0.00043 1.53053 g -1
619 143.61886 26.15000 55969.49766 21.65000 299 0.00041 1.63416 g -1
570 145.05827 18.95000 55969.50124 21.65000 299 0.00037 1.75570 g -1
750 138.40169 47.75000 55969.50483 21.65000 299 0.00029 1.62516 g -1
520 150.39933 11.75000 55969.50842 21.65000 299 0.00027 1.81753 g -1
571 152.11144 18.95000 55969.51201 21.65000 299 0.00018 1.64786 g -1
815 126.66667 62.15000 55969.51560 21.65000 299 0.00018 1.89274 g -1
620 151.10057 26.15000 55969.51918 21.65000 299 0.00016 1.64322 g -1
667 149.05693 33.35000 55969.52277 21.65000 299 0.00012 1.64695 g -1
785 136.67622 54.95000 55969.52636 21.65000 299 0.00010 1.81081 g -1
668 156.91021 33.35000 55969.52995 21.65000 299 0.00009 1.50737 g -1
712 157.78274 40.55000 55969.53354 21.65000 299 0.00008 1.46615 g -1
711 149.16593 40.55000 55969.53712 21.65000 299 0.00007 1.71422 g -1
621 158.58229 26.15000 55969.54071 21.65000 299 0.00007 1.65241 g -1
752 157.25108 47.75000 55969.54430 21.65000 299 0.00007 1.52364 g -1
787 158.52573 54.95000 55969.54789 21.65000 299 0.00006 1.50815 g -1
572 159.16460 18.95000 55969.55147 21.65000 299 0.00005 1.92204 g -1
812 86.66667 62.15000 55970.10083 21.65000 299 0.00515 1.19076 g -1
811 73.33333 62.15000 55970.10442 21.65000 299 0.00372 1.14966 g -1
810 60.00000 62.15000 55970.10800 21.65000 299 0.00242 1.14292 g -1
781 92.97719 54.95000 55970.11159 21.65000 299 0.00218 1.14142 g -1
707 114.69867 40.55000 55970.11518 21.65000 299 0.00115 1.27537 g -1
809 46.66667 62.15000 55970.11877 21.65000 299 0.00107 1.17821 g -1
837 77.14286 69.35000 55970.12236 21.65000 299 0.00087 1.24037 g -1
780 82.05244 54.95000 55970.12594 21.65000 299 0.00086 1.08637 g -1
838 94.28571 69.35000 55970.12953 21.65000 299 0.00061 1.27052 g -1
777 49.31587 54.95000 55970.13312 21.65000 299 0.00055 1.12638 g -1
746 100.70292 47.75000 55970.13671 21.65000 299 0.00052 1.09678 g -1
779 71.12768 54.95000 55970.14030 21.65000 299 0.00051 1.07765 g -1
778 60.11656 54.95000 55970.14388 21.65000 299 0.00049 1.10101 g -1
663 117.64379 33.35000 55970.14747 21.65000 299 0.00045 1.18456 g -1
776 38.72562 54.95000 55970.15106 21.65000 299 0.00045 1.23297 g -1
362 125.08817 -9.85000 55970.15465 21.65000 299 0.00071 2.00374 g -1
836 60.00000 69.35000 55970.15824 21.65000 299 0.00041 1.27138 g -1
617 128.65543 26.15000 55970.16182 21.65000 299 0.00040 1.29250 g -1
1817 102.98986 58.55000 55970.16541 21.65000 299 0.00031 1.13160 g -1
467 144.35756 4.55000 55970.16900 21.65000 299 0.00038 2.06152 g -1
311 121.94304 -17.05000 55970.17259 21.65000 299 0.00214 2.00526 g -1
519 143.12422 11.75000 55970.17618 21.65000 299 0.00031 1.69260 g -1
616 121.17371 26.15000 55970.17976 21.65000 299 0.00026 1.12918 g -1
416 142.62000 -2.65000 55970.18335 21.65000 299 0.00039 2.00433 g -1
604 31.06400 26.15000 55970.18694 21.65000 299 0.00022 1.67590 g -1
364 139.22750 -9.85000 55970.19053 21.65000 299 0.00039 2.05351 g -1
312 128.97374 -17.05000 55970.19412 21.65000 299 0.00026 1.98281 g -1
468 151.19933 4.55000 55970.19770 21.65000 299 0.00023 1.89559 g -1
417 149.71000 -2.65000 55970.20129 21.65000 299 0.00026 2.03297 g -1
652 31.70944 33.35000 55970.20488 21.65000 299 0.00022 1.76082 g -1
261 119.39571 -24.25000 55970.20847 21.65000 299 0.00193 2.02022 g -1
365 146.29717 -9.85000 55970.21206 21.65000 299 0.00038 2.02435 g -1
569 138.00511 18.95000 55970.21564 21.65000 299 0.00021 1.20877 g -1
740 42.36127 47.75000 55970.21923 21.65000 299 0.00021 1.49375 g -1
808 33.33333 62.15000 55970.22282 21.65000 299 0.00020 1.65606 g -1
1816 90.98986 58.55000 55970.22641 21.65000 299 0.00020 1.12625 g -1
1818 115.06828 58.55000 55970.23000 21.65000 299 0.00020 1.10855 g -1
414 128.44000 -2.65000 55970.23358 21.65000 299 0.00019 1.30816 g -1
1785 114.00820 51.35000 55970.23717 21.65000 299 0.00018 1.05208 g -1
567 123.89878 18.95000 55970.24076 21.65000 299 0.00016 1.05013 g -1
1844 83.87953 65.75000 55970.24435 21.65000 299 0.00016 1.25066 g -1
1303 120.67273 -20.65000 55970.24794 21.65000 299 0.00016 1.71455 g -1
1786 124.44044 51.35000 55970.25152 21.65000 299 0.00016 1.05727 g -1
568 130.95195 18.95000 55970.25511 21.65000 299 0.00015 1.05637 g -1
310 114.91235 -17.05000 55970.25870 21.65000 299 0.00015 1.57469 g -1
413 121.35000 -2.65000 55970.26229 21.65000 299 0.00015 1.23708 g -1
706 106.08185 40.55000 55970.26588 21.65000 299 0.00013 1.03113 g -1
1748 127.52046 44.15000 55970.26946 21.65000 299 0.00013 1.02013 g -1
1843 68.79756 65.75000 55970.27305 21.65000 299 0.00013 1.43310 g -1
361 118.01850 -9.85000 55970.27664 21.65000 299 0.00012 1.38533 g -1
313 136.00443 -17.05000 55970.28023 21.65000 299 0.00012 1.59776 g -1
464 123.83222 4.55000 55970.28382 21.65000 299 0.00012 1.14437 g -1
262 126.68114 -24.25000 55970.28740 21.65000 299 0.00012 1.87143 g -1
1747 118.27338 44.15000 55970.29099 21.65000 299 0.00011 1.03195 g -1
1815 78.98986 58.55000 55970.29458 21.65000 299 0.00011 1.36350 g -1
517 128.57400 11.75000 55970.29817 21.65000 299 0.00011 1.07879 g -1
839 111.42857 69.35000 55970.30175 21.65000 299 0.00011 1.27159 g -1
1784 103.77528 51.35000 55970.30534 21.65000 299 0.00011 1.14555 g -1
745 91.27823 47.75000 55970.30893 21.65000 299 0.00010 1.24988 g -1
516 121.29889 11.75000 55970.31252 21.65000 299 0.00009 1.11846 g -1
566 116.84562 18.95000 55970.31611 21.65000 299 0.00009 1.10202 g -1
363 132.15783 -9.85000 55970.31969 21.65000 299 0.00009 1.39102 g -1
615 113.69200 26.15000 55970.32328 21.65000 299 0.00009 1.10887 g -1
662 109.79050 33.35000 55970.32687 21.65000 299 0.00009 1.13181 g -1
565 109.79245 18.95000 55970.33046 21.65000 299 0.00008 1.21006 g -1
1845 98.77722 65.75000 55970.33405 21.65000 299 0.00008 1.36047 g -1
515 114.02378 11.75000 55970.33763 21.65000 299 0.00008 1.25697 g -1
614 106.21029 26.15000 55970.34122 21.65000 299 0.00008 1.25570 g -1
661 101.93721 33.35000 55970.34481 21.65000 299 0.00008 1.29877 g -1
562 88.37309 18.95000 55970.34840 21.65000 299 0.00008 1.85245 g -1
563 95.57843 18.95000 55970.35199 21.65000 299 0.00008 1.63883 g -1
705 97.46504 40.55000 55970.35557 21.65000 299 0.00008 1.40835 g -1
465 130.67400 4.55000 55970.35916 21.65000 299 0.00007 1.24760 g -1
704 88.84822 40.55000 55970.36275 21.65000 299 0.00007 1.66448 g -1
612 91.24686 26.15000 55970.36634 21.65000 299 0.00007 1.84251 g -1
744 81.85354 47.75000 55970.36993 21.65000 299 0.00007 1.87568 g -1
463 116.99044 4.55000 55970.37351 21.65000 299 0.00007 1.53905 g -1
660 94.08393 33.35000 55970.37710 21.65000 299 0.00007 1.75374 g -1
564 102.73929 18.95000 55970.38069 21.65000 299 0.00007 1.74667 g -1
613 98.72857 26.15000 55970.38428 21.65000 299 0.00007 1.80279 g -1
1706 121.13459 36.95000 55970.38787 21.65000 299 0.00006 1.23669 g -1
1707 129.39322 36.95000 55970.39145 21.65000 299 0.00006 1.16070 g -1
518 135.84911 11.75000 55970.39504 21.65000 299 0.00006 1.24394 g -1
521 157.67444 11.75000 55970.39863 21.65000 299 0.00006 1.09589 g -1
415 135.53000 -2.65000 55970.40222 21.65000 299 0.00006 1.52244 g -1
366 153.36683 -9.85000 55970.40581 21.65000 299 0.00006 1.45899 g -1
466 137.51578 4.55000 55970.40939 21.65000 299 0.00006 1.38989 g -1
783 114.82671 54.95000 55970.41009 21.65000 299 0.00529 1.42744 r -1
813 100.00000 62.15000 55970.41368 21.65000 299 0.00525 1.69585 r -1
782 103.90195 54.95000 55970.41726 21.65000 299 0.00457 1.67225 r -1
748 119.55231 47.75000 55970.42085 21.65000 299 0.00367 1.41455 r -1
747 110.12762 47.75000 55970.42444 21.65000 299 0.00245 1.63027 r -1
749 128.97700 47.75000 55970.42803 21.65000 299 0.00244 1.31355 r -1
814 113.33333 62.15000 55970.43162 21.65000 299 0.00212 1.57772 r -1
708 123.31548 40.55000 55970.43520 21.65000 299 0.00201 1.46456 r -1
709 131.93230 40.55000 55970.43879 21.65000 299 0.00191 1.33410 r -1
784 125.75146 54.95000 55970.44238 21.65000 299 0.00175 1.43834 r -1
