0.0000000000 4.2492122209e-03 47.3676351016
0.0035879630 7.5265368127e-03 92.5845802374
0.0071759259 1.0510386044e-02 139.9522153390
0.0107638889 1.4157721721e-02 185.0117929162
0.0143518519 1.6521635499e-02 230.2811939048
0.0179398148 1.9035844948e-02 277.5963731536
0.0215277778 2.1247900475e-02 322.6559507309
0.0251157408 2.3151351289e-02 366.5090436932
0.0287037037 2.7748601803e-02 411.6735329761
0.0322916667 3.0114447090e-02 455.5266259384
0.0358796296 3.4553763657e-02 500.6911152213
0.0394675926 3.6979201611e-02 548.4259412927
0.0430555556 3.8881555312e-02 594.1149891039
0.0466435185 4.0804465670e-02 640.8531539716
0.0502314815 4.2704635726e-02 688.6404358958
0.0538194445 4.7365522141e-02 733.8573810315
0.0574074074 5.2349545919e-02 778.9169586088
0.0609953704 5.5882213820e-02 824.6584622728
0.0645833334 5.7818367131e-02 868.0919084125
0.0681712963 5.9635858278e-02 913.3088535482
0.0717592593 6.1429601577e-02 958.9979013594
0.0753472223 6.3256836985e-02 1006.3130806082
0.0789351852 6.4827008221e-02 1051.5300257439
0.0825231482 7.0040510145e-02 1097.2190735551
0.0861111112 7.5246693313e-02 1142.3311069852
0.0896990741 7.9031408748e-02 1187.4431404153
0.0932870371 8.0480597354e-02 1233.1321882265
0.0968750001 8.1886812645e-02 1278.2442216566
0.1004629630 8.3282716679e-02 1323.9857253206
0.1040509260 8.8692249380e-02 1369.5698614261
0.1076388889 9.3485511187e-02 1414.7343507091
0.1112268519 9.7549275448e-02 1461.4725155768
0.1148148149 1.0010128735e-01 1506.6894607125
0.1184027778 1.0146139468e-01 1552.5358760822
0.1219907408 1.0276623758e-01 1595.4972195464
0.1255787038 1.0837765148e-01 1641.3436349161
0.1291666667 1.1324875550e-01 1687.1375944329
0.1327546297 1.1648440260e-01 1732.3020837158
0.1363425927 1.1966210461e-01 1779.8795422288
0.1399305556 1.2096991517e-01 1823.7326351910
0.1435185186 1.2219006165e-01 1868.9495803268
0.1471064816 1.2786199462e-01 1916.6844063982
0.1506944445 1.3237885660e-01 1962.4783659150
0.1542824075 1.3581261752e-01 2009.5312658997
0.1578703705 1.3920627134e-01 2055.1678578580
0.1614583334 1.4121960424e-01 2100.2798912881
0.1650462964 1.4602237502e-01 2147.0705120086
0.1686342594 1.5016212356e-01 2194.3332354046
0.1722222223 1.5410342482e-01 2241.5959588005
0.1758101853 1.5706537841e-01 2287.1800949061
0.1793981482 1.5938524350e-01 2332.7642310116
0.1829861112 1.6130177861e-01 2379.8171309963
0.1865740742 1.6421384636e-01 2426.9224868337
0.1901620371 1.6754607339e-01 2473.9753868184
0.1937500001 1.7061246401e-01 2521.0282868030
0.1973379631 1.7287642585e-01 2568.1860984933
0.2009259260 1.7500369991e-01 2614.1898814215
0.2045138890 1.7711395570e-01 2661.9247074929
0.2081018520 1.7906792384e-01 2708.9776074775
0.2116898149 1.8083469068e-01 2756.2927867263
0.2152777779 1.8291706946e-01 2803.3456867109
0.2188657409 1.8453061080e-01 2850.5559542541
0.2224537038 1.8608783229e-01 2898.3432361783
0.2260416668 1.8789162286e-01 2945.9206946912
0.2296296298 1.8949706311e-01 2993.0260505287
0.2332175927 1.9096939315e-01 3040.0789505133
0.2368055557 1.9241886870e-01 3086.1351892943
0.2403935187 1.9380331408e-01 3133.1880892789
0.2439814816 1.9564422406e-01 3179.6639748825
0.2475694446 1.9750514465e-01 3226.7168748672
0.2511574075 1.9888211324e-01 3274.2418775272
0.2547453705 2.0047658498e-01 3321.2947775119
0.2583333335 2.0180716157e-01 3369.1345152889
0.2619212964 2.0300720521e-01 3414.9809306586
0.2655092594 2.0419728069e-01 3460.1454199415
0.2690972224 2.0534573697e-01 3504.4181597264
0.2726851853 2.0650559234e-01 3549.7924724206
0.2762731483 2.0764847896e-01 3596.9502841109
0.2798611113 2.0874884969e-01 3642.4819643636
0.2834490742 2.0976012120e-01 3688.1185563220
0.2870370372 2.1070914121e-01 3733.7551482804
0.2906250002 2.1160478176e-01 3777.3459619785
0.2942129631 2.1254277156e-01 3822.6153629671
0.2978009261 2.1343022280e-01 3870.1403656272
0.3013888891 2.1431211728e-01 3915.9867809968
0.3049768520 2.1517489908e-01 3962.8298575702
0.3085648150 2.1603131331e-01 4010.1450368190
0.3121527780 2.1685089521e-01 4056.5160107169
0.3157407409 2.1762697647e-01 4100.3166478263
0.3193287039 2.1840397616e-01 4145.9532397847
0.3229166668 2.1914915477e-01 4192.4815812411
0.3265046298 2.2040959869e-01 4239.2722019616
0.3300925928 2.2113224923e-01 4284.5416029502
0.9797211484 2.2244789730e-01 4332.1715173159
0.9833091113 2.2323710679e-01 4378.0703885384
0.9868970743 2.2392999491e-01 4421.6612022366
0.9904850373 2.2462462056e-01 4466.8256915195
0.9940730002 2.2529727940e-01 4510.3640493648
0.9976609632 2.2593430295e-01 4553.9024072101
