688 313.87167 33.35000 56130.16486 21.65000 299 0.00323 1.89648 g -1
731 321.31160 40.55000 56130.16845 21.65000 299 0.00327 2.01315 g -1
642 315.80800 26.15000 56130.17204 21.65000 299 0.00331 2.03190 g -1
769 322.06455 47.75000 56130.17562 21.65000 299 0.00310 1.82552 g -1
689 321.65544 33.35000 56130.17921 21.65000 299 0.00347 2.01182 g -1
730 312.82187 40.55000 56130.18280 21.65000 299 0.00306 1.56476 g -1
770 332.10164 47.75000 56130.18639 21.65000 299 0.00322 2.04623 g -1
732 329.74300 40.55000 56130.18998 21.65000 299 0.00336 2.04271 g -1
643 323.33360 26.15000 56130.19356 21.65000 299 0.00352 2.01949 g -1
594 317.87636 18.95000 56130.19715 21.65000 299 0.00331 1.88495 g -1
690 329.43922 33.35000 56130.20074 21.65000 299 0.00359 2.01254 g -1
593 310.62655 18.95000 56130.20433 21.65000 299 0.00303 1.54752 g -1
595 325.12618 18.95000 56130.20792 21.65000 299 0.00348 2.04741 g -1
641 308.28240 26.15000 56130.21150 21.65000 299 0.00300 1.35776 g -1
644 330.85920 26.15000 56130.21509 21.65000 299 0.00363 2.00729 g -1
733 338.17440 40.55000 56130.21868 21.65000 299 0.00333 1.95962 g -1
691 337.22300 33.35000 56130.22227 21.65000 299 0.00357 2.01329 g -1
545 326.85237 11.75000 56130.22586 21.65000 299 0.00318 2.02469 g -1
596 332.37600 18.95000 56130.22944 21.65000 299 0.00355 2.02011 g -1
645 338.38480 26.15000 56130.23303 21.65000 299 0.00360 2.06095 g -1
734 346.60580 40.55000 56130.23662 21.65000 299 0.00316 2.04440 g -1
771 342.13873 47.75000 56130.24021 21.65000 299 0.00314 1.72988 g -1
692 345.00678 33.35000 56130.24380 21.65000 299 0.00314 2.01408 g -1
544 319.86812 11.75000 56130.24738 21.65000 299 0.00300 1.50264 g -1
687 306.08789 33.35000 56130.25097 21.65000 299 0.00291 1.12127 g -1
768 312.24615 47.75000 56130.25456 21.65000 299 0.00286 1.17049 g -1
546 333.83662 11.75000 56130.25815 21.65000 299 0.00283 1.81302 g -1
543 312.88387 11.75000 56130.26173 21.65000 299 0.00275 1.28213 g -1
493 323.17384 4.55000 56130.26532 21.65000 299 0.00274 1.56177 g -1
729 304.26859 40.55000 56130.26891 21.65000 299 0.00274 1.06716 g -1
802 324.38344 54.95000 56130.27250 21.65000 299 0.00267 1.24741 g -1
592 303.37673 18.95000 56130.27609 21.65000 299 0.00266 1.08891 g -1
803 335.18412 54.95000 56130.27967 21.65000 299 0.00261 1.33080 g -1
640 300.75680 26.15000 56130.28326 21.65000 299 0.00261 1.03581 g -1
492 316.16296 4.55000 56130.28685 21.65000 299 0.00251 1.30070 g -1
767 302.47146 47.75000 56130.29044 21.65000 299 0.00251 1.05187 g -1
801 313.28596 54.95000 56130.29403 21.65000 299 0.00251 1.12585 g -1
686 298.26936 33.35000 56130.29761 21.65000 299 0.00250 1.00629 g -1
597 339.62582 18.95000 56130.30120 21.65000 299 0.00249 1.40860 g -1
542 305.89962 11.75000 56130.30479 21.65000 299 0.00249 1.09906 g -1
804 345.77437 54.95000 56130.30838 21.65000 299 0.00244 1.33365 g -1
772 352.17582 47.75000 56130.31197 21.65000 299 0.00241 1.39362 g -1
728 295.65178 40.55000 56130.31555 21.65000 299 0.00231 1.00821 g -1
591 296.12691 18.95000 56130.31914 21.65000 299 0.00226 1.03294 g -1
800 302.18847 54.95000 56130.32273 21.65000 299 0.00223 1.07630 g -1
491 309.15208 4.55000 56130.32632 21.65000 299 0.00223 1.15198 g -1
830 326.66667 62.15000 56130.32991 21.65000 299 0.00222 1.18891 g -1
831 340.00000 62.15000 56130.33349 21.65000 299 0.00217 1.25059 g -1
541 298.91537 11.75000 56130.33708 21.65000 299 0.00217 1.08033 g -1
639 293.25314 26.15000 56130.34067 21.65000 299 0.00216 1.02740 g -1
829 313.33333 62.15000 56130.34426 21.65000 299 0.00212 1.14428 g -1
494 330.18472 4.55000 56130.34785 21.65000 299 0.00211 1.22119 g -1
441 319.53365 -2.65000 56130.35143 21.65000 299 0.00210 1.25320 g -1
766 292.69677 47.75000 56130.35502 21.65000 299 0.00209 1.06495 g -1
685 290.41607 33.35000 56130.35861 21.65000 299 0.00205 1.05451 g -1
490 302.14120 4.55000 56130.36220 21.65000 299 0.00196 1.16386 g -1
440 312.50481 -2.65000 56130.36579 21.65000 299 0.00189 1.23674 g -1
828 300.00000 62.15000 56130.36937 21.65000 299 0.00189 1.16297 g -1
799 291.09099 54.95000 56130.37296 21.65000 299 0.00186 1.13852 g -1
590 288.92157 18.95000 56130.37655 21.65000 299 0.00186 1.16033 g -1
727 287.03496 40.55000 56130.38014 21.65000 299 0.00184 1.12673 g -1
540 291.93112 11.75000 56130.38373 21.65000 299 0.00182 1.21600 g -1
832 353.33333 62.15000 56130.38731 21.65000 299 0.00179 1.21610 g -1
638 285.77143 26.15000 56130.39090 21.65000 299 0.00172 1.20587 g -1
851 317.14286 69.35000 56130.39449 21.65000 299 0.00170 1.24174 g -1
852 334.28571 69.35000 56130.39808 21.65000 299 0.00170 1.24070 g -1
489 295.13032 4.55000 56130.40167 21.65000 299 0.00168 1.34715 g -1
439 305.47596 -2.65000 56130.40525 21.65000 299 0.00166 1.35560 g -1
765 282.92208 47.75000 56130.40884 21.65000 299 0.00163 1.27578 g -1
684 282.56279 33.35000 56130.41243 21.65000 299 0.00159 1.32337 g -1
827 286.66667 62.15000 56130.41602 21.65000 299 0.00158 1.32729 g -1
805 356.36462 54.95000 56130.41961 21.65000 299 0.00156 1.11704 g -1
850 300.00000 69.35000 56130.42319 21.65000 299 0.00156 1.32903 g -1
798 279.99351 54.95000 56130.42678 21.65000 299 0.00148 1.40967 g -1
539 284.87644 11.75000 56130.43037 21.65000 299 0.00148 1.67429 g -1
589 281.65302 18.95000 56130.43396 21.65000 299 0.00147 1.67879 g -1
438 298.44712 -2.65000 56130.43755 21.65000 299 0.00144 1.69784 g -1
488 288.11944 4.55000 56130.44113 21.65000 299 0.00142 1.88553 g -1
726 278.41815 40.55000 56130.44472 21.65000 299 0.00139 1.60577 g -1
853 351.42857 69.35000 56130.44831 21.65000 299 0.00136 1.23988 g -1
849 282.85714 69.35000 56130.45190 21.65000 299 0.00133 1.54893 g -1
388 308.80733 -9.85000 56130.45548 21.65000 299 0.00132 1.82308 g -1
646 345.91040 26.15000 56130.45907 21.65000 299 0.00130 1.00881 g -1
389 315.85652 -9.85000 56130.46266 21.65000 299 0.00126 1.70453 g -1
826 273.33333 62.15000 56130.46625 21.65000 299 0.00126 1.76736 g -1
867 324.00000 76.55000 56130.46984 21.65000 299 0.00124 1.41983 g -1
866 300.00000 76.55000 56130.47342 21.65000 299 0.00119 1.54313 g -1
848 265.71429 69.35000 56130.47701 21.65000 299 0.00108 1.93931 g -1
865 276.00000 76.55000 56130.48060 21.65000 299 0.00105 1.76825 g -1
442 326.56250 -2.65000 56130.48419 21.65000 299 0.00099 1.45380 g -1
868 348.00000 76.55000 56130.48778 21.65000 299 0.00090 1.38019 g -1
854 12.00000 76.55000 56130.49136 21.65000 299 0.00079 1.38058 g -1
