410 100.11058 -2.65000 55843.43724 21.65000 299 0.00421 1.68260 g -1
358 96.84022 -9.85000 55843.44083 21.65000 299 0.00351 1.78822 g -1
460 96.38056 4.55000 55843.44441 21.65000 299 0.00218 1.38958 g -1
307 93.69218 -17.05000 55843.44800 21.65000 299 0.00188 1.92985 g -1
359 103.88941 -9.85000 55843.45159 21.65000 299 0.00188 1.88495 g -1
409 93.08173 -2.65000 55843.45518 21.65000 299 0.00179 1.41304 g -1
461 103.30689 4.55000 55843.45877 21.65000 299 0.00151 1.41953 g -1
300 44.11868 -17.05000 55843.46235 21.65000 299 0.00112 1.74128 g -1
655 55.06078 33.35000 55843.46594 21.65000 299 0.00097 1.01919 g -1
411 107.17000 -2.65000 55843.46953 21.65000 299 0.00095 1.56982 g -1
454 54.31528 4.55000 55843.47312 21.65000 299 0.00092 1.18846 g -1
353 61.59430 -9.85000 55843.47671 21.65000 299 0.00091 1.39885 g -1
357 89.79104 -9.85000 55843.48029 21.65000 299 0.00090 1.43588 g -1
506 50.66337 11.75000 55843.48388 21.65000 299 0.00089 1.16563 g -1
404 57.93750 -2.65000 55843.48747 21.65000 299 0.00087 1.30339 g -1
308 100.77411 -17.05000 55843.49106 21.65000 299 0.00083 1.74698 g -1
351 47.49593 -9.85000 55843.49465 21.65000 299 0.00083 1.64057 g -1
513 99.62356 11.75000 55843.49823 21.65000 299 0.00082 1.13302 g -1
302 58.28254 -17.05000 55843.50182 21.65000 299 0.00080 1.74324 g -1
352 54.54511 -9.85000 55843.50541 21.65000 299 0.00078 1.58228 g -1
453 47.30440 4.55000 55843.50900 21.65000 299 0.00077 1.40486 g -1
403 50.90865 -2.65000 55843.51259 21.65000 299 0.00077 1.50672 g -1
557 52.12400 18.95000 55843.51617 21.65000 299 0.00073 1.20430 g -1
455 61.32616 4.55000 55843.51976 21.65000 299 0.00070 1.26775 g -1
507 57.64762 11.75000 55843.52335 21.65000 299 0.00070 1.23543 g -1
402 43.87981 -2.65000 55843.52694 21.65000 299 0.00064 1.82299 g -1
405 64.96635 -2.65000 55843.53053 21.65000 299 0.00064 1.38951 g -1
607 53.64080 26.15000 55843.53411 21.65000 299 0.00058 1.21657 g -1
767 302.47146 47.75000 55844.09476 21.65000 299 0.00445 1.03704 g -1
729 304.26859 40.55000 55844.09835 21.65000 299 0.00349 1.01356 g -1
768 312.24615 47.75000 55844.10193 21.65000 299 0.00333 1.05115 g -1
800 302.18847 54.95000 55844.10552 21.65000 299 0.00323 1.07644 g -1
728 295.65178 40.55000 55844.10911 21.65000 299 0.00272 1.01049 g -1
766 292.69677 47.75000 55844.11270 21.65000 299 0.00271 1.04046 g -1
801 313.28596 54.95000 55844.11629 21.65000 299 0.00233 1.08437 g -1
730 312.82187 40.55000 55844.11987 21.65000 299 0.00228 1.01480 g -1
769 322.06455 47.75000 55844.12346 21.65000 299 0.00192 1.05705 g -1
799 291.09099 54.95000 55844.12705 21.65000 299 0.00175 1.09789 g -1
828 300.00000 62.15000 55844.13064 21.65000 299 0.00161 1.14712 g -1
687 306.08789 33.35000 55844.13423 21.65000 299 0.00156 1.00140 g -1
686 298.26936 33.35000 55844.13781 21.65000 299 0.00156 1.01750 g -1
727 287.03496 40.55000 55844.14140 21.65000 299 0.00150 1.07385 g -1
802 324.38344 54.95000 55844.14499 21.65000 299 0.00145 1.08576 g -1
829 313.33333 62.15000 55844.14858 21.65000 299 0.00134 1.14185 g -1
765 282.92208 47.75000 55844.15217 21.65000 299 0.00134 1.14120 g -1
731 321.31160 40.55000 55844.15575 21.65000 299 0.00122 1.00950 g -1
685 290.41607 33.35000 55844.15934 21.65000 299 0.00116 1.09149 g -1
798 279.99351 54.95000 55844.16293 21.65000 299 0.00113 1.22442 g -1
827 286.66667 62.15000 55844.16652 21.65000 299 0.00110 1.24005 g -1
726 278.41815 40.55000 55844.17010 21.65000 299 0.00097 1.23175 g -1
688 313.87167 33.35000 55844.17369 21.65000 299 0.00096 1.01091 g -1
684 282.56279 33.35000 55844.17728 21.65000 299 0.00087 1.22700 g -1
764 273.14738 47.75000 55844.18087 21.65000 299 0.00077 1.34876 g -1
850 300.00000 69.35000 55844.18446 21.65000 299 0.00076 1.29144 g -1
725 269.80133 40.55000 55844.18804 21.65000 299 0.00071 1.46888 g -1
826 273.33333 62.15000 55844.19163 21.65000 299 0.00070 1.43376 g -1
681 259.00293 33.35000 55844.19522 21.65000 299 0.00068 1.96411 g -1
682 266.85621 33.35000 55844.19881 21.65000 299 0.00068 1.71251 g -1
830 326.66667 62.15000 55844.20240 21.65000 299 0.00068 1.14634 g -1
683 274.70950 33.35000 55844.20598 21.65000 299 0.00066 1.55921 g -1
640 300.75680 26.15000 55844.20957 21.65000 299 0.00062 1.17948 g -1
849 282.85714 69.35000 55844.21316 21.65000 299 0.00062 1.46785 g -1
732 329.74300 40.55000 55844.21675 21.65000 299 0.00060 1.01748 g -1
851 317.14286 69.35000 55844.22034 21.65000 299 0.00060 1.27608 g -1
639 293.25314 26.15000 55844.22392 21.65000 299 0.00059 1.35889 g -1
689 321.65544 33.35000 55844.22751 21.65000 299 0.00057 1.05214 g -1
797 268.89602 54.95000 55844.23110 21.65000 299 0.00057 1.76269 g -1
638 285.77143 26.15000 55844.23469 21.65000 299 0.00054 1.62625 g -1
641 308.28240 26.15000 55844.23828 21.65000 299 0.00053 1.21174 g -1
654 47.27700 33.35000 55844.24186 21.65000 299 0.00053 1.50559 g -1
770 332.10164 47.75000 55844.24545 21.65000 299 0.00053 1.06204 g -1
505 43.67912 11.75000 55844.24904 21.65000 299 0.00047 1.64069 g -1
558 59.37382 18.95000 55844.25263 21.65000 299 0.00047 2.04967 g -1
700 54.52367 40.55000 55844.25622 21.65000 299 0.00046 1.49995 g -1
556 44.87418 18.95000 55844.25980 21.65000 299 0.00044 1.45357 g -1
350 40.44674 -9.85000 55844.26339 21.65000 299 0.00048 2.01113 g -1
848 265.71429 69.35000 55844.26698 21.65000 299 0.00041 1.98480 g -1
690 329.43922 33.35000 55844.27057 21.65000 299 0.00040 1.09926 g -1
606 46.11520 26.15000 55844.27416 21.65000 299 0.00039 1.30909 g -1
865 276.00000 76.55000 55844.27774 21.65000 299 0.00037 1.82125 g -1
508 64.63187 11.75000 55844.28133 21.65000 299 0.00040 2.00834 g -1
656 62.84456 33.35000 55844.28492 21.65000 299 0.00037 1.50646 g -1
866 300.00000 76.55000 55844.28851 21.65000 299 0.00037 1.62650 g -1
608 61.16640 26.15000 55844.29210 21.65000 299 0.00035 1.47572 g -1
299 37.03675 -17.05000 55844.29568 21.65000 299 0.00034 1.86030 g -1
642 315.80800 26.15000 55844.29927 21.65000 299 0.00033 1.45184 g -1
456 68.33704 4.55000 55844.30286 21.65000 299 0.00038 2.05023 g -1
509 71.61613 11.75000 55844.30645 21.65000 299 0.00030 1.90912 g -1
803 335.18412 54.95000 55844.31004 21.65000 299 0.00028 1.20793 g -1
559 66.62364 18.95000 55844.31362 21.65000 299 0.00027 1.50850 g -1
301 51.20061 -17.05000 55844.31721 21.65000 299 0.00066 2.04123 g -1
643 323.33360 26.15000 55844.32080 21.65000 299 0.00027 1.45717 g -1
733 338.17440 40.55000 55844.32439 21.65000 299 0.00026 1.18708 g -1
452 40.29352 4.55000 55844.32798 21.65000 299 0.00026 1.21494 g -1
406 71.99519 -2.65000 55844.33156 21.65000 299 0.00034 2.00367 g -1
457 75.34792 4.55000 55844.33515 21.65000 299 0.00024 1.84066 g -1
771 342.13873 47.75000 55844.33874 21.65000 299 0.00024 1.20742 g -1
354 68.64348 -9.85000 55844.34233 21.65000 299 0.00041 2.00019 g -1
611 83.74320 26.15000 55844.34592 21.65000 299 0.00024 1.55450 g -1
251 45.51882 -24.25000 55844.34950 21.65000 299 0.00071 2.00499 g -1
563 95.57843 18.95000 55844.35309 21.65000 299 0.00031 2.04767 g -1
303 65.36446 -17.05000 55844.35668 21.65000 299 0.00053 2.03904 g -1
512 92.56888 11.75000 55844.36027 21.65000 299 0.00049 1.98147 g -1
459 89.36968 4.55000 55844.36385 21.65000 299 0.00039 2.00158 g -1
252 52.91189 -24.25000 55844.36744 21.65000 299 0.00057 2.02104 g -1
408 86.05288 -2.65000 55844.37103 21.65000 299 0.00026 1.99568 g -1
699 45.97560 40.55000 55844.37462 21.65000 299 0.00024 1.01706 g -1
304 72.44639 -17.05000 55844.37821 21.65000 299 0.00027 2.01672 g -1
644 330.85920 26.15000 55844.38179 21.65000 299 0.00024 1.91922 g -1
701 63.07173 40.55000 55844.38538 21.65000 299 0.00023 1.06090 g -1
253 60.30496 -24.25000 55844.38897 21.65000 299 0.00064 2.01480 g -1
560 73.87345 18.95000 55844.39256 21.65000 299 0.00023 1.16806 g -1
514 106.74867 11.75000 55844.39615 21.65000 299 0.00049 2.04453 g -1
564 102.73929 18.95000 55844.39973 21.65000 299 0.00022 1.64999 g -1
250 38.12575 -24.25000 55844.40332 21.65000 299 0.00022 1.89484 g -1
831 340.00000 62.15000 55844.40691 21.65000 299 0.00022 1.58399 g -1
254 67.69804 -24.25000 55844.41050 21.65000 299 0.00031 2.00877 g -1
1403 98.58206 -6.25000 55844.41409 21.65000 299 0.00028 2.01158 g -1
306 86.61025 -17.05000 55844.41767 21.65000 299 0.00032 2.01480 g -1
462 110.14867 4.55000 55844.42126 21.65000 299 0.00051 2.00505 g -1
515 114.02378 11.75000 55844.42485 21.65000 299 0.00023 1.89544 g -1
565 109.79245 18.95000 55844.42844 21.65000 299 0.00021 1.55362 g -1
804 345.77437 54.95000 55844.43203 21.65000 299 0.00021 1.65836 g -1
852 334.28571 69.35000 55844.43561 21.65000 299 0.00020 1.83795 g -1
