575 180.32410 18.95000 56063.15508 21.65000 299 0.01741 1.03960 g -1
524 179.49978 11.75000 56063.15867 21.65000 299 0.01056 1.07993 g -1
576 187.38957 18.95000 56063.16226 21.65000 299 0.00860 1.05071 g -1
574 173.27093 18.95000 56063.16585 21.65000 299 0.00676 1.03453 g -1
525 186.77489 11.57000 56063.16944 21.65000 299 0.00548 1.08806 g -1
523 172.22467 11.75000 56063.17302 21.65000 299 0.00458 1.08386 g -1
624 181.02743 26.15000 56063.17661 21.65000 299 0.00361 1.00812 g -1
472 178.56644 4.55000 56063.18020 21.65000 299 0.00213 1.14411 g -1
471 171.72467 4.55000 56063.18379 21.65000 299 0.00171 1.16502 g -1
623 173.54571 26.15000 56063.18738 21.65000 299 0.00161 1.02277 g -1
573 166.21777 18.95000 56063.19096 21.65000 299 0.00134 1.08510 g -1
522 164.94956 11.75000 56063.19455 21.65000 299 0.00130 1.15233 g -1
625 188.50914 26.15000 56063.19814 21.65000 299 0.00129 1.00812 g -1
473 185.30822 4.71000 56063.20173 21.65000 299 0.00107 1.14374 g -1
470 164.88289 4.55000 56063.20532 21.65000 299 0.00101 1.26680 g -1
725 269.80133 40.55000 56063.20890 21.65000 299 0.00403 2.01013 g -1
764 273.14738 47.75000 56063.21249 21.65000 299 0.00104 1.95541 g -1
1571 185.23714 15.35000 56063.21608 21.65000 299 0.00097 1.06522 g -1
1570 178.22429 15.35000 56063.21967 21.65000 299 0.00091 1.09824 g -1
420 170.98000 -2.65000 56063.22325 21.65000 299 0.00068 1.39023 g -1
419 163.89000 -2.65000 56063.22684 21.65000 299 0.00059 1.52278 g -1
726 278.41815 40.55000 56063.23043 21.65000 299 0.02160 2.04758 g -1
765 282.92208 47.75000 56063.23402 21.65000 299 0.01067 2.03215 g -1
683 274.70950 33.35000 56063.23761 21.65000 299 0.00285 1.92282 g -1
577 194.55043 18.95000 56063.24119 21.65000 299 0.00056 1.04473 g -1
1765 284.72077 44.15000 56063.24478 21.65000 299 0.00167 2.01932 g -1
799 291.09099 54.95000 56063.24837 21.65000 299 0.00107 2.00731 g -1
684 282.56279 33.35000 56063.25196 21.65000 299 0.01740 2.04510 g -1
727 287.03496 40.55000 56063.25555 21.65000 299 0.03794 2.02721 g -1
637 278.28971 26.15000 56063.25913 21.65000 299 0.00245 1.89506 g -1
766 292.69677 47.75000 56063.26272 21.65000 299 0.02871 2.00887 g -1
1726 288.46496 36.95000 56063.26631 21.65000 299 0.00129 1.99555 g -1
1766 293.96785 44.15000 56063.26990 21.65000 299 0.00180 2.02682 g -1
685 290.41607 33.35000 56063.27349 21.65000 299 0.02422 2.04897 g -1
638 285.77143 26.15000 56063.27707 21.65000 299 0.00598 1.93977 g -1
728 295.65178 40.55000 56063.28066 21.65000 299 0.01512 2.00735 g -1
800 302.18847 54.95000 56063.28425 21.65000 299 0.00089 1.94713 g -1
767 302.47146 47.75000 56063.28784 21.65000 299 0.00237 2.03692 g -1
1682 284.16400 29.75000 56063.29143 21.65000 299 0.00085 1.62579 g -1
682 266.85621 33.35000 56063.29501 21.65000 299 0.00053 1.23369 g -1
850 300.00000 69.35000 56063.29860 21.65000 299 0.00050 1.69237 g -1
1725 280.09844 36.95000 56063.30219 21.65000 299 0.00050 1.38120 g -1
421 178.07000 -2.65000 56063.30578 21.65000 299 0.00047 1.93445 g -1
526 193.90000 11.75000 56063.30937 21.65000 299 0.00040 1.27792 g -1
1620 177.61729 22.55000 56063.31295 21.65000 299 0.00040 1.46888 g -1
1621 184.93364 22.55000 56063.31654 21.65000 299 0.00038 1.34709 g -1
828 300.00000 62.15000 56063.32013 21.65000 299 0.00038 1.56970 g -1
727 287.03496 40.55000 56063.32082 21.65000 299 0.03794 1.37031 r -1
766 292.69677 47.75000 56063.32441 21.65000 299 0.02871 1.42660 r -1
685 290.41607 33.35000 56063.32800 21.65000 299 0.02422 1.42119 r -1
726 278.41815 40.55000 56063.33159 21.65000 299 0.02160 1.20165 r -1
575 180.32410 18.95000 56063.33518 21.65000 299 0.01741 1.66762 r -1
684 282.56279 33.35000 56063.33876 21.65000 299 0.01740 1.23254 r -1
728 295.65178 40.55000 56063.34235 21.65000 299 0.01512 1.38479 r -1
765 282.92208 47.75000 56063.34594 21.65000 299 0.01067 1.20259 r -1
576 187.38957 18.95000 56063.34953 21.65000 299 0.00860 1.60930 r -1
638 285.77143 26.15000 56063.35312 21.65000 299 0.00598 1.23974 r -1
525 186.77489 11.57000 56063.35670 21.65000 299 0.00548 1.88570 r -1
725 269.80133 40.55000 56063.36029 21.65000 299 0.00403 1.06002 r -1
624 181.02743 26.15000 56063.36388 21.65000 299 0.00361 1.88703 r -1
683 274.70950 33.35000 56063.36747 21.65000 299 0.00285 1.06956 r -1
637 278.28971 26.15000 56063.37106 21.65000 299 0.00245 1.10008 r -1
767 302.47146 47.75000 56063.37464 21.65000 299 0.00237 1.30322 r -1
1766 293.96785 44.15000 56063.37823 21.65000 299 0.00180 1.19032 r -1
1765 284.72077 44.15000 56063.38182 21.65000 299 0.00167 1.10704 r -1
625 188.50914 26.15000 56063.38541 21.65000 299 0.00129 1.89974 r -1
1726 288.46496 36.95000 56063.38900 21.65000 299 0.00129 1.10717 r -1
799 291.09099 54.95000 56063.39258 21.65000 299 0.00107 1.16833 r -1
764 273.14738 47.75000 56063.39617 21.65000 299 0.00104 1.04794 r -1
800 302.18847 54.95000 56063.39976 21.65000 299 0.00089 1.22914 r -1
1682 284.16400 29.75000 56063.40335 21.65000 299 0.00085 1.05503 r -1
682 266.85621 33.35000 56063.40694 21.65000 299 0.00053 1.00085 r -1
850 300.00000 69.35000 56063.41052 21.65000 299 0.00050 1.32131 r -1
1725 280.09844 36.95000 56063.41411 21.65000 299 0.00050 1.02079 r -1
828 300.00000 62.15000 56063.41770 21.65000 299 0.00038 1.22432 r -1
