0.0000000000 4.1633043869e-02 47.2102675431
0.0035879630 7.0960501979e-02 94.2631675278
0.0071759259 9.6646817624e-02 141.9455377463
0.0107638889 1.1838716330e-01 189.1558052895
0.0143518519 1.3739667398e-01 236.5758962439
0.0179398148 1.5311042334e-01 283.3140611116
0.0215277778 1.5761876349e-01 330.3669610962
0.0251157408 1.6053960938e-01 377.0526701111
0.0287037037 1.6297891072e-01 423.9482025373
0.0322916667 1.6522333404e-01 426.2562600616
0.6722968685 1.7760500497e-01 473.3091600463
0.6758848315 1.8368926722e-01 520.3620600309
0.6794727945 2.5271994901e-01 567.4149600156
0.6830607574 2.5642176370e-01 614.2055807361
0.6866487204 4.3426208130e-01 661.2584807207
0.6902366834 4.5976258095e-01 677.1526041269
0.6938246463 5.9450250182e-01 724.4677833757
0.6974126093 6.4953944297e-01 742.1454057780
0.7010005723 6.5288863886e-01 745.3452128003
0.7045885352 6.6927618838e-01 778.5497676390
0.7081764982 7.1788639740e-01 804.4629589349
0.7117644611 7.3068073118e-01 842.8606432033
0.7153524241 7.5167084956e-01 875.7504629250
0.7189403871 7.5432693809e-01 878.3732555663
0.7225283500 7.5676806810e-01 890.5954692747
0.7297042760 7.7198610937e-01 923.9049358190
0.7332922389 7.7382793369e-01 971.7446735961
0.7512320538 7.7743989138e-01 1019.0073969920
0.7727598316 7.8273815134e-01 1065.3259150371
0.7734542760 7.8273815134e-01 1065.3259150371
0.7770422390 7.8273815134e-01 1065.3259150371
0.7806302019 7.8273815134e-01 1065.3259150371
0.7842181649 7.8273815134e-01 1065.3259150371
0.7878061279 7.8273815134e-01 1065.3259150371
0.7913940908 7.8273815134e-01 1065.3259150371
0.7949820538 7.8273815134e-01 1065.3259150371
0.7985700168 7.8273815134e-01 1065.3259150371
0.8021579797 7.8273815134e-01 1065.3259150371
0.8057459427 7.8273815134e-01 1065.3259150371
0.8093339057 7.8273815134e-01 1065.3259150371
0.8129218686 7.8273815134e-01 1065.3259150371
0.8165098316 7.8273815134e-01 1065.3259150371
0.8200977945 7.8273815134e-01 1065.3259150371
0.8236857575 7.8273815134e-01 1065.3259150371
0.8272737205 7.8273815134e-01 1065.3259150371
0.8308616834 7.8273815134e-01 1065.3259150371
0.8344496464 7.8273815134e-01 1065.3259150371
0.8380376094 7.8273815134e-01 1065.3259150371
0.8416255723 7.8273815134e-01 1065.3259150371
0.8452135353 7.8273815134e-01 1065.3259150371
0.8488014983 7.8273815134e-01 1065.3259150371
0.8523894612 7.8273815134e-01 1065.3259150371
0.8559774242 7.8273815134e-01 1065.3259150371
0.8595653872 7.8273815134e-01 1065.3259150371
0.8631533501 7.8273815134e-01 1065.3259150371
0.8667413131 7.8273815134e-01 1065.3259150371
0.8703292761 7.8273815134e-01 1065.3259150371
0.8739172390 7.8273815134e-01 1065.3259150371
