776 38.72562 54.95000 55871.07563 21.65000 299 0.00130 1.98646 g -1
740 42.36127 47.75000 55871.09357 21.65000 299 0.00391 2.01186 g -1
777 49.31587 54.95000 55871.10074 21.65000 299 0.00340 2.03841 g -1
653 39.49322 33.35000 55871.10433 21.65000 299 0.00186 2.02158 g -1
699 45.97560 40.55000 55871.11151 21.65000 299 0.00611 2.03890 g -1
605 38.58960 26.15000 55871.11509 21.65000 299 0.00150 1.96605 g -1
741 52.39836 47.75000 55871.11868 21.65000 299 0.01267 2.05117 g -1
810 60.00000 62.15000 55871.12227 21.65000 299 0.00266 2.00417 g -1
654 47.27700 33.35000 55871.12586 21.65000 299 0.00959 2.02256 g -1
1740 53.64169 44.15000 55871.12945 21.65000 299 0.00077 2.01523 g -1
606 46.11520 26.15000 55871.13303 21.65000 299 0.01397 2.01746 g -1
700 54.52367 40.55000 55871.13662 21.65000 299 0.01436 2.01628 g -1
556 44.87418 18.95000 55871.14021 21.65000 299 0.01269 2.02136 g -1
778 60.11656 54.95000 55871.14380 21.65000 299 0.00373 1.88755 g -1
655 55.06078 33.35000 55871.14739 21.65000 299 0.01171 2.02351 g -1
505 43.67912 11.75000 55871.15097 21.65000 299 0.00548 1.98231 g -1
607 53.64080 26.15000 55871.15456 21.65000 299 0.01620 2.00555 g -1
557 52.12400 18.95000 55871.15815 21.65000 299 0.03205 2.06254 g -1
701 63.07173 40.55000 55871.16174 21.65000 299 0.00691 1.99415 g -1
742 62.43545 47.75000 55871.16533 21.65000 299 0.00539 1.80955 g -1
506 50.66337 11.75000 55871.16891 21.65000 299 0.03785 2.00796 g -1
608 61.16640 26.15000 55871.17250 21.65000 299 0.01306 2.05935 g -1
656 62.84456 33.35000 55871.17609 21.65000 299 0.01013 1.90812 g -1
558 59.37382 18.95000 55871.17968 21.65000 299 0.01821 2.03508 g -1
453 47.30440 4.55000 55871.18327 21.65000 299 0.00962 1.84672 g -1
507 57.64762 11.75000 55871.18685 21.65000 299 0.03772 2.03442 g -1
454 54.31528 4.55000 55871.19044 21.65000 299 0.04722 2.04709 g -1
812 86.66667 62.15000 55871.19403 21.65000 299 0.00573 2.02616 g -1
403 50.90865 -2.65000 55871.19762 21.65000 299 0.00784 2.03330 g -1
559 66.62364 18.95000 55871.20121 21.65000 299 0.01076 2.00844 g -1
508 64.63187 11.75000 55871.20479 21.65000 299 0.01731 2.06172 g -1
838 94.28571 69.35000 55871.20838 21.65000 299 0.00768 1.97140 g -1
455 61.32616 4.55000 55871.21197 21.65000 299 0.03588 2.00910 g -1
404 57.93750 -2.65000 55871.21556 21.65000 299 0.03110 2.06014 g -1
609 68.69200 26.15000 55871.21915 21.65000 299 0.00558 1.67487 g -1
811 73.33333 62.15000 55871.22273 21.65000 299 0.00477 1.53916 g -1
509 71.61613 11.75000 55871.22632 21.65000 299 0.00656 2.02051 g -1
456 68.33704 4.55000 55871.22991 21.65000 299 0.01885 2.03612 g -1
813 100.00000 62.15000 55871.23350 21.65000 299 0.00672 2.00109 g -1
405 64.96635 -2.65000 55871.23708 21.65000 299 0.03102 2.02493 g -1
837 77.14286 69.35000 55871.24067 21.65000 299 0.00451 1.53844 g -1
779 71.12768 54.95000 55871.24426 21.65000 299 0.00408 1.38157 g -1
353 61.59430 -9.85000 55871.24785 21.65000 299 0.00871 2.01792 g -1
839 111.42857 69.35000 55871.25144 21.65000 299 0.01089 2.00389 g -1
406 71.99519 -2.65000 55871.25502 21.65000 299 0.01974 2.05152 g -1
457 75.34792 4.55000 55871.25861 21.65000 299 0.00494 1.88202 g -1
560 73.87345 18.95000 55871.26220 21.65000 299 0.00334 1.48923 g -1
354 68.64348 -9.85000 55871.26579 21.65000 299 0.02056 2.04203 g -1
814 113.33333 62.15000 55871.26938 21.65000 299 0.00953 2.01150 g -1
858 108.00000 76.55000 55871.27296 21.65000 299 0.00333 1.77891 g -1
407 79.02404 -2.65000 55871.27655 21.65000 299 0.00559 2.01672 g -1
657 70.62833 33.35000 55871.28014 21.65000 299 0.00323 1.21472 g -1
352 54.54511 -9.85000 55871.28373 21.65000 299 0.00318 1.52297 g -1
355 75.69267 -9.85000 55871.28732 21.65000 299 0.01814 2.01250 g -1
1501 56.83636 8.15000 55871.29090 21.65000 299 0.00316 1.19957 g -1
743 72.25385 47.75000 55871.29449 21.65000 299 0.00305 1.17864 g -1
840 128.57143 69.35000 55871.29808 21.65000 299 0.01171 2.00985 g -1
783 114.82671 54.95000 55871.30167 21.65000 299 0.00302 1.82368 g -1
815 126.66667 62.15000 55871.30526 21.65000 299 0.01566 2.02181 g -1
356 82.74185 -9.85000 55871.30884 21.65000 299 0.00792 1.98419 g -1
784 125.75146 54.95000 55871.31243 21.65000 299 0.00668 2.04057 g -1
304 72.44639 -17.05000 55871.31602 21.65000 299 0.00448 1.89727 g -1
780 82.05244 54.95000 55871.31961 21.65000 299 0.00294 1.21473 g -1
305 79.52832 -17.05000 55871.32320 21.65000 299 0.00822 2.02792 g -1
1449 60.44662 0.95000 55871.32678 21.65000 299 0.00293 1.22329 g -1
702 71.61980 40.55000 55871.33037 21.65000 299 0.00265 1.06997 g -1
357 89.79104 -9.85000 55871.33396 21.65000 299 0.00249 1.91048 g -1
749 128.97700 47.75000 55871.33755 21.65000 299 0.00215 1.95814 g -1
816 140.00000 62.15000 55871.34114 21.65000 299 0.01847 2.03204 g -1
785 136.67622 54.95000 55871.34472 21.65000 299 0.01686 2.01513 g -1
306 86.61025 -17.05000 55871.34831 21.65000 299 0.00574 1.96662 g -1
841 145.71429 69.42000 55871.35190 21.65000 299 0.00520 1.96177 g -1
857 84.00000 76.55000 55871.35549 21.65000 299 0.00214 1.41630 g -1
750 138.40169 47.75000 55871.35908 21.65000 299 0.00998 2.02117 g -1
307 93.69218 -17.05000 55871.36266 21.65000 299 0.00266 2.02599 g -1
859 132.00000 76.55000 55871.36625 21.65000 299 0.00213 1.68232 g -1
781 92.97719 54.95000 55871.36984 21.65000 299 0.00213 1.16528 g -1
786 147.60097 54.95000 55871.37343 21.65000 299 0.01896 2.03398 g -1
710 140.54911 40.55000 55871.37702 21.65000 299 0.00587 1.98488 g -1
817 153.33333 62.15000 55871.38060 21.65000 299 0.00639 2.00600 g -1
751 147.82638 47.75000 55871.38419 21.65000 299 0.01884 2.03514 g -1
666 141.20364 33.35000 55871.38778 21.65000 299 0.00284 1.99493 g -1
782 103.90195 54.95000 55871.39137 21.65000 299 0.00208 1.18520 g -1
1552 51.38130 15.35000 55871.39496 21.65000 299 0.00200 1.10217 g -1
711 149.16593 40.55000 55871.39854 21.65000 299 0.01364 2.02129 g -1
619 143.61886 26.15000 55871.40213 21.65000 299 0.00208 2.03805 g -1
667 149.05693 33.35000 55871.40572 21.65000 299 0.00781 2.06113 g -1
752 157.25108 47.75000 55871.40931 21.65000 299 0.00598 2.04925 g -1
787 158.52573 54.95000 55871.41290 21.65000 299 0.00420 1.92514 g -1
1448 53.56138 0.95000 55871.41648 21.65000 299 0.00194 1.30087 g -1
1450 67.33185 0.95000 55871.42007 21.65000 299 0.00189 1.21091 g -1
712 157.78274 40.55000 55871.42366 21.65000 299 0.00453 2.00133 g -1
620 151.10057 26.15000 55871.42725 21.65000 299 0.00388 1.96015 g -1
668 156.91021 33.35000 55871.43083 21.65000 299 0.00354 2.00223 g -1
1500 49.97692 8.15000 55871.43442 21.65000 299 0.00175 1.31880 g -1
1399 70.96548 -6.25000 55871.43801 21.65000 299 0.00141 1.34695 g -1
257 89.87725 -24.25000 55871.44160 21.65000 299 0.00140 1.86920 g -1
1553 58.49609 15.35000 55871.44519 21.65000 299 0.00138 1.18612 g -1
1398 64.05778 -6.25000 55871.44877 21.65000 299 0.00133 1.45333 g -1
1502 63.69580 8.15000 55871.45236 21.65000 299 0.00127 1.23146 g -1
1603 52.88243 22.55000 55871.45595 21.65000 299 0.00111 1.24060 g -1
1820 138.98986 58.55000 55871.45954 21.65000 299 0.00105 1.28922 g -1
1788 145.30492 51.35000 55871.46313 21.65000 299 0.00093 1.31138 g -1
1847 128.90751 65.75000 55871.46671 21.65000 299 0.00083 1.26526 g -1
1397 57.15007 -6.25000 55871.47030 21.65000 299 0.00082 1.74762 g -1
1750 146.01462 44.15000 55871.47389 21.65000 299 0.00075 1.26473 g -1
1602 45.49471 22.55000 55871.47748 21.65000 299 0.00069 1.52200 g -1
1400 77.87319 -6.25000 55871.48107 21.65000 299 0.00068 1.42658 g -1
1604 60.27014 22.55000 55871.48465 21.65000 299 0.00068 1.28242 g -1
1347 74.68493 -13.45000 55871.48824 21.65000 299 0.00065 1.72430 g -1
1451 74.21708 0.95000 55871.49183 21.65000 299 0.00061 1.38138 g -1
1651 46.71858 29.75000 55871.49542 21.65000 299 0.00061 1.57132 g -1
1554 65.61087 15.35000 55871.49901 21.65000 299 0.00061 1.34945 g -1
1653 62.03795 29.75000 55871.50259 21.65000 299 0.00061 1.30600 g -1
1819 126.98986 58.55000 55871.50618 21.65000 299 0.00059 1.12712 g -1
1846 113.87953 65.75000 55871.50977 21.65000 299 0.00058 1.18421 g -1
1652 54.37826 29.75000 55871.51336 21.65000 299 0.00058 1.54015 g -1
1698 54.15750 36.95000 55871.51695 21.65000 299 0.00057 1.51084 g -1
1821 150.74265 58.55000 55871.52053 21.65000 299 0.00054 1.21036 g -1
1848 143.87953 65.75000 55871.52412 21.65000 299 0.00053 1.23811 g -1
1348 81.62214 -13.45000 55871.52771 21.65000 299 0.00048 1.91089 g -1
507 57.64762 11.75000 55871.52840 21.65000 299 0.03772 1.96218 r -1
406 71.99519 -2.65000 55871.53199 21.65000 299 0.01974 1.87164 r -1
786 147.60097 54.95000 55871.53558 21.65000 299 0.01896 1.13655 r -1
456 68.33704 4.55000 55871.53917 21.65000 299 0.01885 1.88068 r -1
751 147.82638 47.75000 55871.54276 21.65000 299 0.01884 1.08708 r -1
816 140.00000 62.15000 55871.54634 21.65000 299 0.01847 1.15809 r -1
508 64.63187 11.75000 55871.54993 21.65000 299 0.01731 2.00107 r -1
