0.2822903970 5.0368975176e-03 47.7348260714
0.2858783600 7.9526376300e-03 95.0500053202
0.2894663230 9.5897334912e-03 138.2736280485
0.2930542859 1.0982938423e-02 185.0117929162
0.2966422489 1.3676311075e-02 230.7008407274
0.3002302119 1.5407678708e-02 277.7537407121
0.3038181748 1.6600049265e-02 323.7575236402
0.3074061378 1.7771698258e-02 371.3349821531
0.3109941008 1.8890133187e-02 418.9124406660
0.3145820637 2.0046390723e-02 465.7555172394
0.3181700267 2.1142712681e-02 513.1756081938
0.3217579897 2.2093984819e-02 560.3858757369
0.3253459526 2.2993235377e-02 607.0715847518
0.3289339156 2.3791665834e-02 652.8655442686
0.3325218786 2.4465008066e-02 700.3380910759
0.3361098415 2.5006536332e-02 747.3909910605
0.3396978045 2.5534724928e-02 793.2374064302
0.3432857674 2.5948528334e-02 837.8248813320
0.3468737304 2.6410486622e-02 885.6646191091
0.3504616934 2.6806109463e-02 932.9273425050
0.3540496563 2.7113217607e-02 976.0460535278
0.3576376193 2.7605294486e-02 1022.9415859539
0.3612255823 2.7930973456e-02 1066.5323996521
0.3648135452 2.8289070817e-02 1112.5886384331
0.3684015082 2.8646888000e-02 1159.7989059762
0.3719894712 2.8978921731e-02 1207.4288203419
0.3755774341 2.9701359850e-02 1253.6948825342
0.3791653971 3.0001926240e-02 1298.2823574360
0.3827533601 3.0269220815e-02 1341.4010684587
0.3863413230 3.0564524857e-02 1388.6113360019
0.3899292860 3.0832897756e-02 1433.6184577263
0.3935172490 3.1109515484e-02 1481.3008279449
0.3971052119 3.1396079376e-02 1529.0881098691
0.4006931749 3.1653198842e-02 1576.4032891179
0.4042811379 3.1891329465e-02 1619.9941028160
0.4078691008 3.2148149940e-02 1666.4175325668
0.4114570638 3.2415169463e-02 1713.8376235212
0.4150450267 3.2685712981e-02 1761.5724495926
0.4186329897 3.2906855174e-02 1808.8351729885
0.4222209527 3.3083938873e-02 1854.2619415356
0.4258089156 3.3277081485e-02 1901.9443117542
0.4293968786 3.3451749605e-02 1949.3644027086
0.4329848416 3.3619748837e-02 1994.2666127274
0.4365728045 3.3783083065e-02 2041.3195127120
0.4401607675 3.4227015756e-02 2088.5297802552
0.4437487305 3.4582190472e-02 2135.7400477983
0.4473366934 3.4740034983e-02 2182.7929477829
0.4509246564 3.4896872175e-02 2229.8458477676
0.4545126194 3.5051324525e-02 2276.8987477522
0.4581005823 3.5625112674e-02 2324.0565594425
0.4616885453 3.6149596131e-02 2371.1094594272
0.4652765083 3.6413049360e-02 2418.1623594118
0.4688644712 3.6728577110e-02 2465.2152593965
0.4724524342 3.6950366567e-02 2512.0583359698
0.4760403972 3.7687513040e-02 2559.1112359545
0.4796283601 3.8586785227e-02 2605.2199305883
0.4832163231 3.8795351662e-02 2652.6924773955
0.4868042860 3.8959880872e-02 2655.0529907727
0.4903922490 4.0367484099e-02 2702.1058907574
0.4939802120 4.0529893270e-02 2749.1587907420
0.4975681749 4.0842682901e-02 2795.3199412286
0.5011561379 4.1579751116e-02 2843.1596790057
0.5047441009 4.1739568164e-02 2890.4224024016
0.5083320638 4.2839036471e-02 2937.4753023863
0.5119200268 4.4464782809e-02 2962.6016558898
0.5155079898 4.4620876473e-02 3010.2315702555
0.5190959527 4.6812741883e-02 3037.5086137249
0.5226839157 4.7818094626e-02 3084.7713371208
0.5262718787 4.8282669996e-02 3130.9324876074
0.5298598416 4.8431527007e-02 3177.9853875921
0.5334478046 4.8561210721e-02 3180.2409892636
0.5370357676 5.0950575911e-02 3226.0874046332
0.5406237305 5.1071474486e-02 3269.7306741842
0.5442116935 5.4886376971e-02 3294.0701898954
0.5477996565 5.5071905991e-02 3342.3820303478
0.5513876194 5.5204739503e-02 3388.7005483929
0.5549755824 6.0232298327e-02 3415.2956657755
0.5585635453 6.0451020955e-02 3462.5059333187
0.5621515083 6.0574768266e-02 3507.8277901601
0.5657394713 6.0694228178e-02 3509.9260242731
0.5693274342 6.0811216806e-02 3556.9789242578
0.5729153972 6.0927193844e-02 3559.2869817821
0.5765033602 6.5100294794e-02 3603.9793683896
0.5800913231 6.6303506333e-02 3649.6159603479
0.5836792861 6.6435886466e-02 3697.9278008004
0.5872672491 6.6552144172e-02 3745.6626268718
0.5908552120 6.6663095970e-02 3792.7155268564
0.5944431750 6.6888150347e-02 3838.8766773431
0.5980311380 6.7095877353e-02 3886.6639592673
0.6016191009 6.7206654018e-02 3934.4512411915
0.6052070639 6.7315764603e-02 3980.0878331498
0.6087950269 6.7422426106e-02 4023.2590000254
0.6123829898 6.7527233956e-02 4064.8040354633
0.6159709528 6.7674799290e-02 4112.0667588593
0.6195589158 6.7774420614e-02 4157.2312481422
0.6231468787 6.7893221379e-02 4162.5292892776
0.6267348417 6.7987283297e-02 4209.0051748812
0.6303228046 6.8077924376e-02 4253.9073849000
0.6339107676 6.8396578447e-02 4301.0651965903
0.6374987306 6.8485682278e-02 4348.1180965749
0.6410866935 7.0459929702e-02 4395.3808199709
0.6446746565 7.0547579077e-02 4442.4337199555
0.6482626195 7.0627497692e-02 4486.8113714461
0.6518505824 7.0802816298e-02 4532.9725219327
0.6554385454 7.0885515174e-02 4535.5953145740
0.6590265084 7.0963678875e-02 4582.6482145586
0.6626144713 7.1041664243e-02 4625.3472787587
0.6662024343 7.1115871115e-02 4670.5117680417
0.6697903973 7.1175753884e-02 4710.6929513062
0.6733783602 7.1246935726e-02 4749.5627382500
0.6769663232 7.1319019734e-02 4796.6156382346
0.6805542862 7.1493937172e-02 4843.8783616306
0.6841422491 7.1562239739e-02 4848.1272857095
0.6877302121 7.1626718652e-02 4893.1344074339
0.6913181750 7.1689891237e-02 4895.7572000752
0.6949061380 7.1753009389e-02 4899.0619188032
0.6984941010 7.2067462890e-02 4944.8034224672
0.7020820639 7.2129109516e-02 4992.6431602443
0.7056700269 7.2168376179e-02 5031.5129471881
0.7092579899 7.8434164303e-02 5054.1738756088
0.7128459528 7.8490162537e-02 5097.7646893070
0.7164339158 7.8542851778e-02 5143.6635605295
0.7200218788 7.8595010153e-02 5187.3592859333
0.7207163232 7.8595010153e-02 5187.3592859333
0.7243042862 7.8595010153e-02 5187.3592859333
0.7278922491 7.8595010153e-02 5187.3592859333
0.7314802121 7.8595010153e-02 5187.3592859333
0.7350681751 7.8595010153e-02 5187.3592859333
0.7386561380 7.8595010153e-02 5187.3592859333
0.7422441010 7.8595010153e-02 5187.3592859333
0.7458320640 7.8595010153e-02 5187.3592859333
0.7494200269 7.8595010153e-02 5187.3592859333
0.7530079899 7.8595010153e-02 5187.3592859333
0.7565959529 7.8595010153e-02 5187.3592859333
0.7601839158 7.8595010153e-02 5187.3592859333
0.7637718788 7.8595010153e-02 5187.3592859333
0.7673598418 7.8595010153e-02 5187.3592859333
0.7709478047 7.8595010153e-02 5187.3592859333
0.7745357677 7.8595010153e-02 5187.3592859333
