0.0000000000 3.1923764479e-03 47.3676351016
0.0035879630 5.9611670510e-03 94.7352702032
0.0071759259 8.6285921222e-03 142.5225521274
0.0107638889 1.1067622435e-02 187.7919531160
0.0143518519 1.3486997758e-02 235.5267791874
0.0179398148 1.5879358345e-02 282.4223116136
0.0215277778 1.8210608548e-02 328.4260945417
0.0251157408 2.0256679925e-02 374.5347891755
0.0287037037 2.2308896389e-02 421.7450567186
0.0322916667 2.4271545172e-02 466.2276199148
0.0358796296 2.6261141444e-02 510.9200065223
0.0394675926 2.8434872031e-02 558.2876416239
0.0430555556 3.0386958354e-02 605.6028208727
0.0466435185 3.2282287398e-02 653.3376469441
0.0502314815 3.4131350432e-02 700.3905469287
0.0538194445 3.6026201862e-02 748.1253730001
0.0574074074 3.7836748108e-02 795.5454639545
0.0609953704 3.9704244197e-02 843.0180107618
0.0645833334 4.1525815082e-02 889.9659990408
0.0681712963 4.3303840659e-02 937.8581926707
0.0717592593 4.5032401933e-02 983.1800495121
0.0753472223 4.6777678518e-02 1030.7575080250
0.0789351852 5.1831669114e-02 1079.0693484774
0.0825231482 5.3569067255e-02 1126.2796160206
0.0861111112 5.5271073025e-02 1174.0668979448
0.0896990741 5.7169960834e-02 1221.6968123105
0.0932870371 5.8840614559e-02 1269.0119915593
0.0968750001 6.0511011855e-02 1314.7010393705
0.1004629630 6.2292480358e-02 1362.0686744721
0.1040509260 6.3944418464e-02 1409.2789420152
0.1076388889 6.5476400179e-02 1452.2927413323
0.1112268519 6.7248107272e-02 1500.0800232565
0.1148148149 6.9031054964e-02 1547.3427466524
0.1184027778 7.2633436755e-02 1588.8877820904
0.1219907408 7.4263214196e-02 1634.9964767242
0.1255787038 7.5946109027e-02 1680.0560543015
0.1291666667 7.7577974340e-02 1727.4761452559
0.1327546297 7.9212412753e-02 1775.3158830329
0.1363425927 8.0830585365e-02 1823.0507091043
0.1399305556 8.2436202497e-02 1870.2609766474
0.1435185186 8.4013990590e-02 1916.0549361643
0.1471064816 9.1935606364e-02 1954.8198114025
0.1506944445 9.3446337815e-02 1997.5713314554
0.1542824075 9.5036657792e-02 2045.7258043494
0.1578703705 9.6621398243e-02 2092.7787043340
0.1614583334 9.8202842890e-02 2134.6384748890
0.1650462964 9.9784266447e-02 2180.7471695227
0.1686342594 1.0150404648e-01 2221.9774698437
0.1722222223 1.0318857762e-01 2269.2926490925
0.1758101853 1.0473347079e-01 2312.9883744963
0.1793981482 1.0630139949e-01 2358.1528637793
0.1829861112 1.0785954204e-01 2405.8876898506
0.1865740742 1.0940944732e-01 2453.6749717748
0.1901620371 1.1095679305e-01 2499.9410339671
0.1937500001 1.1253163845e-01 2546.7316546876
0.1973379631 1.1407644637e-01 2590.4798359443
0.2009259260 1.1560912542e-01 2636.2213396083
0.2045138890 1.1725764454e-01 2683.3791512986
0.2081018520 1.1875358665e-01 2728.3338171702
0.2116898149 1.2226474279e-01 2767.3609716725
0.2152777779 1.2378359860e-01 2812.5779168083
0.2188657409 1.2528446971e-01 2858.2669646195
0.2224537038 1.2699485311e-01 2905.5296880154
0.2260416668 1.2865896047e-01 2953.2645140868
0.2296296298 1.3015959830e-01 3000.5272374827
0.2332175927 1.3165379538e-01 3046.6359321165
0.2368055557 1.3317375236e-01 3093.5314645427
0.2403935187 1.3473668647e-01 3141.2662906141
0.2439814816 1.3641634995e-01 3187.0077942781
0.2475694446 1.3799656515e-01 3232.2247394139
0.2511574075 1.3951207317e-01 3279.6448303683
0.2547453705 1.4109235978e-01 3325.2814223266
0.2583333335 1.4242760935e-01 3365.3576938855
0.2619212964 1.4386241719e-01 3412.8302406927
0.2655092594 1.4535674040e-01 3460.0929640887
0.2690972224 1.4676680121e-01 3507.1458640733
0.7981932358 1.4839875786e-01 3553.8315730882
0.8017811988 1.4995796580e-01 3598.9436065183
0.8053691618 1.5153749074e-01 3646.6259767369
0.8089571247 1.5311615680e-01 3693.8887001328
0.8125450877 1.5460817435e-01 3741.0465118231
0.8161330507 1.5604855521e-01 3788.3616910719
0.8197210136 1.5737947766e-01 3829.3297121288
0.8233089766 1.5881094136e-01 3875.2810392041
0.8268969396 1.6036854249e-01 3922.3339391887
0.8304849025 1.6178318480e-01 3969.7540301432
0.8340728655 1.6334152131e-01 4016.3348274524
0.8376608284 1.6479050117e-01 4064.3843886407
0.8412487914 1.6620184752e-01 4112.0143030065
0.8448367544 1.6770425314e-01 4159.3294822552
0.8484247173 1.6903909082e-01 4202.1334581610
0.8520126803 1.7048749063e-01 4248.6617996174
0.8556006433 1.7185795679e-01 4295.6622437492
0.8591886062 1.7324193156e-01 4342.9774229980
0.8627765692 1.7456613760e-01 4387.8796330168
0.8663645322 1.7588664550e-01 4434.8276212958
0.8699524951 1.7718572183e-01 4480.8838600768
0.8735404581 1.7840748958e-01 4523.2157333071
0.8771284211 1.7992621788e-01 4570.2686332918
0.8807163840 1.8120721019e-01 4616.5346954840
0.8843043470 1.8266643256e-01 4663.7974188800
0.8878923100 1.8404186261e-01 4710.8503188646
0.8914802729 1.8541403321e-01 4757.9032188493
0.8950682359 1.8680621322e-01 4804.9561188339
0.8986561988 1.8808835633e-01 4852.0090188186
0.9022441618 1.8941562186e-01 4899.0619188032
0.9058321248 1.9068137250e-01 4946.1148187879
0.9094200877 1.9194198372e-01 4993.1677187725
0.9130080507 1.9319799274e-01 5037.9650170857
0.9165960137 1.9445357047e-01 5085.0179170703
0.9201839766 1.9571550523e-01 5132.8051989945
0.9237719396 1.9699971755e-01 5178.0745999831
0.9273599026 1.9814742505e-01 5219.9343705380
0.9309478655 1.9936047900e-01 5267.2495497868
0.9345358285 2.0057350189e-01 5314.2499939186
0.9381237915 2.0178562433e-01 5361.0930704920
0.9417117544 2.0299566643e-01 5408.4082497408
0.9452997174 2.0455946742e-01 5456.4578109291
0.9488876804 2.0574880813e-01 5503.6680784722
0.9524756433 2.0705002367e-01 5551.0881694267
0.9560636063 2.0821806871e-01 5594.6265272720
0.9596515693 2.0940580229e-01 5641.3122362869
0.9632395322 2.1057862082e-01 5688.4700479772
0.9668274952 2.1173382981e-01 5735.5229479618
0.9704154581 2.1287863651e-01 5782.8381272106
0.9740034211 2.1421872566e-01 5830.1008506065
0.9775913841 2.1536443690e-01 5877.1012947384
0.9811793470 2.1668374558e-01 5922.1084164628
0.9847673100 2.1780245053e-01 5968.0072876853
0.9883552730 2.1917032820e-01 6015.1650993756
0.9919432359 2.2029486014e-01 6061.1688823037
0.9955311989 2.2152704173e-01 6108.6414291110
0.9991191619 2.2264934603e-01 6156.2188876239
