0.2609234641 4.6287837768e-04 47.0004441318
0.2645114271 9.6312847946e-04 94.2107116750
0.2680993901 1.4005655293e-03 141.9979935992
0.2716873530 1.7904292935e-03 186.4281009425
0.2752753160 2.3004990868e-03 233.7957360441
0.2788632790 2.7005577310e-03 281.1633711457
0.2824512419 3.0969704667e-03 327.5343450437
0.2860392049 3.4961516630e-03 372.8037460322
0.2896271679 3.8155943592e-03 414.6635165871
0.2932151308 4.2052289661e-03 461.4541373077
0.2968030938 4.5839962788e-03 504.5203924776
0.3003910568 4.9251007324e-03 551.7306600207
0.3039790197 5.2433010371e-03 597.5770753904
0.3075669827 5.5647370399e-03 645.3643573146
0.3111549457 5.8716449385e-03 686.9093927525
0.3147429086 6.1231581767e-03 735.1163214993
0.3183308716 6.3553543140e-03 781.2774719859
0.3219188345 6.5618903539e-03 826.4944171217
0.3255067975 6.7610750907e-03 873.8095963705
0.3290947605 6.9472356573e-03 917.6626893328
0.3326827234 7.1338581053e-03 964.8729568759
0.3362706864 7.3273895741e-03 1003.7427438197
0.3398586494 7.4646276341e-03 1047.9105718990
0.3434466123 7.6148136143e-03 1093.8618989743
0.3470345753 7.7323697584e-03 1135.6692136764
0.3506225383 7.8737865425e-03 1177.5814400841
0.3542105012 8.0130628703e-03 1222.8508410727
0.3577984642 8.1478955681e-03 1270.0611086158
0.3613864272 8.2840607130e-03 1316.2222591024
0.3649743901 8.4172536062e-03 1360.6523664458
0.3685623531 8.5451225974e-03 1406.7086052267
0.3721503161 8.6670620087e-03 1449.7748603966
0.3757382790 8.7895645044e-03 1496.9851279398
0.3793262420 8.9098960700e-03 1543.0938225736
0.3829142050 9.0282179080e-03 1590.6188252336
0.3865021679 9.1327420029e-03 1635.9406820750
0.3900901309 9.2433082766e-03 1682.6788469427
0.3936780938 9.3493705921e-03 1724.5386174976
0.3972660568 9.4430548315e-03 1767.6573285204
0.4008540198 9.5363448087e-03 1814.7102285050
0.4044419827 9.6295753370e-03 1862.2876870179
0.4080299457 9.8685871571e-03 1909.3405870026
0.4116179087 1.0321171446e-02 1956.3934869872
0.4152058716 1.0422068925e-02 2003.2890194134
0.4187938346 1.0935300962e-02 2050.4468311037
0.4223817976 1.1594337423e-02 2098.0242896166
0.4259697605 1.3614270378e-02 2144.8673661900
0.4295577235 1.3971996200e-02 2192.1300895859
0.4331456865 1.6448045116e-02 2239.1829895706
0.4367336494 1.8618001033e-02 2286.4981688193
0.4403216124 2.1160522824e-02 2334.0756273323
0.4439095754 2.1900123693e-02 2379.9744985547
0.4474975383 2.5385399213e-02 2427.1847660979
0.4510855013 2.9079207905e-02 2474.2376660825
0.4546734642 3.0555050688e-02 2521.8151245954
0.4582614272 3.3937474991e-02 2569.2352155499
0.4618493902 3.7015188784e-02 2616.4979389458
0.4654373531 4.0901359818e-02 2663.3934713720
0.4690253161 4.4861384675e-02 2710.8135623264
0.4726132791 4.7403217992e-02 2758.6008442506
0.4762012420 5.0725090869e-02 2806.1783027635
0.4797892050 5.4266812209e-02 2853.4934820123
0.4833771680 5.6924256691e-02 2900.4414702913
0.4869651309 5.9532083019e-02 2946.7075324836
0.4905530939 6.2055117614e-02 2994.5472702606
0.4941410569 6.3930199930e-02 3039.3970244266
0.4977290198 6.5708099409e-02 3087.5514973206
0.5013169828 6.8462109285e-02 3134.8142207165
0.5049049458 7.0079368021e-02 3181.7622089955
0.5084929087 7.1573966586e-02 3228.9200206858
0.5120808717 7.3242132664e-02 3275.5532738479
0.5156688347 7.4416039109e-02 3321.2947775119
0.5192567976 7.5508683823e-02 3369.0296035833
0.5228447606 7.6258743052e-02 3415.6104008925
0.5264327235 7.7068916084e-02 3463.4501386695
0.5300206865 7.7767523829e-02 3511.1849647409
0.5336086495 7.8394676157e-02 3556.8740125521
0.5371966124 7.8882967774e-02 3604.7137503291
0.5407845754 7.9260025749e-02 3650.4552539931
0.5443725384 7.9822198975e-02 3697.6655215363
0.5479605013 8.0073170276e-02 3700.8653285586
0.5515484643 8.0312704432e-02 3704.0126797282
0.5551364273 8.0499853742e-02 3706.5305606638
0.5587243902 8.0684221031e-02 3708.8386181881
0.5623123532 8.0862131741e-02 3710.8843964483
0.5659003162 8.1038847876e-02 3713.6121007953
0.5694882791 8.1207933933e-02 3760.0879863989
0.5730762421 8.1823483652e-02 3806.2491368855
0.5766642051 8.1991027930e-02 3809.4489439078
0.5802521680 8.2299178130e-02 3857.3411375377
0.5838401310 8.2467155005e-02 3859.5967392092
0.5874280940 8.2630792281e-02 3862.0621642920
0.5910160569 8.2786535536e-02 3864.6849569333
0.5946040199 8.2935770338e-02 3867.1503820161
0.5981919828 8.3082137181e-02 3869.3010719820
0.6017799458 8.3321345753e-02 3876.4350679663
0.6053679088 8.3457224911e-02 3878.8480371962
0.6089558717 8.3580104879e-02 3881.8904766601
0.6125438347 8.4543655214e-02 3928.1565388524
0.6161317977 8.4655967912e-02 3930.5170522295
0.6197197606 8.5058839739e-02 3976.2061000407
0.6233077236 8.5155807067e-02 3978.3567900066
0.6268956866 8.5248316405e-02 4019.8493695917
0.6304836495 8.5498730917e-02 4061.9714194107
0.6340716125 8.5586211513e-02 4107.2932762521
0.6376595755 8.5672759497e-02 4109.4439662180
0.6412475384 8.5863844821e-02 4116.5779622023
0.6448355014 8.5948768904e-02 4162.6866568361
0.6484234644 8.6029454022e-02 4208.1134253831
0.6520114273 8.6114299620e-02 4255.5859721904
0.6555993903 8.6196954759e-02 4257.9464855676
0.6591873533 8.6275549398e-02 4285.2235290369
0.6627753162 8.6355441010e-02 4312.4481166535
0.6663632792 8.6432843296e-02 4356.9831357025
0.6699512421 8.6508519525e-02 4383.8929882021
0.6735392051 8.6582570273e-02 4386.1485898736
0.6771271681 8.6654806386e-02 4427.6936253115
0.6807151310 8.6725566697e-02 4466.4060446969
0.6843030940 8.6792838402e-02 4511.4131664213
0.6878910570 8.6858162163e-02 4553.2729369762
0.6914790199 8.6921479180e-02 4579.9205102117
0.6950669829 8.6984919147e-02 4627.6028804302
0.6986549459 8.7045138033e-02 4630.1207613659
0.7022429088 8.7104932801e-02 4673.0296489773
0.7058308718 8.7164392694e-02 4711.8469800683
0.7094188348 8.7220937500e-02 4713.9976700342
0.7130067977 8.7273809595e-02 4752.7625452724
