0.0000000000 7.8122116540e-03 47.3151792488
0.0035879630 1.4906619340e-02 94.7877260560
0.0071759259 2.1781149351e-02 141.8406260407
0.0107638889 2.8678943829e-02 189.1558052895
0.0143518519 3.4141315997e-02 236.5234403911
0.0179398148 3.9566803330e-02 283.4189728172
0.0215277778 4.4943805238e-02 331.2062547415
0.0251157408 5.0482927090e-02 378.5214339902
0.0287037037 5.5574948141e-02 421.5876891601
0.0322916667 6.0972280115e-02 468.9028684089
0.0358796296 6.5898026384e-02 516.2180476577
0.0394675926 7.0385700566e-02 563.2709476423
0.0430555556 7.5026460912e-02 610.6385827439
0.0466435185 7.9295400391e-02 658.4783205210
0.0502314815 8.3065648473e-02 705.7934997698
0.0538194445 8.6382015914e-02 750.5907980829
0.0574074074 8.9945490873e-02 795.8601990715
0.0609953704 9.3782268268e-02 844.0671278183
0.0645833334 9.6841446244e-02 885.9268983732
0.0681712963 9.9769289179e-02 932.7699749466
0.0717592593 1.0236740694e-01 978.1967434936
0.0753472223 1.0531486507e-01 1025.5119227424
0.0789351852 1.0796658379e-01 1071.5681615234
0.0825231482 1.1035270512e-01 1116.7851066591
0.0861111112 1.1262519025e-01 1158.9596123310
0.0896990741 1.1483727681e-01 1202.0783233537
0.0932870371 1.1702648623e-01 1249.5508701610
0.0968750001 1.1890536591e-01 1294.4530801797
0.1004629630 1.2034571014e-01 1338.0963497307
0.1040509260 1.2178054150e-01 1365.2684814944
0.1076388889 1.2286161066e-01 1402.4072252950
0.1112268519 1.2408302693e-01 1449.8273162495
0.1148148149 1.2538885509e-01 1497.1424954982
0.1184027778 1.2662705312e-01 1544.4052188942
0.1219907408 1.2781721535e-01 1591.8777657015
0.1255787038 1.2919918962e-01 1640.1896061539
0.1291666667 1.3051050264e-01 1688.5014466064
0.1327546297 1.3134438913e-01 1718.1390034529
0.1363425927 1.3220121259e-01 1761.1528027700
0.1399305556 1.3314674965e-01 1788.1151111224
0.1435185186 1.3411201971e-01 1835.2729228127
0.1471064816 1.3574664457e-01 1882.9028371784
0.1506944445 1.3627775810e-01 1924.4478726164
0.1542824075 1.3984475671e-01 1972.1302428349
0.1578703705 1.4095048877e-01 2019.7077013478
0.1614583334 1.4223724901e-01 2062.7739565177
0.1650462964 1.4476466123e-01 2109.8268565024
0.1686342594 1.4640365618e-01 2157.0895798984
0.1722222223 1.4787213663e-01 2204.2998474415
0.1758101853 1.4965136727e-01 2247.8382052868
0.1793981482 1.5144146517e-01 2293.5797089508
0.1829861112 1.5472580595e-01 2339.7933152903
0.1865740742 1.5750395718e-01 2384.8004370147
0.1901620371 1.6445746285e-01 2432.9024540559
0.1937500001 1.6569604366e-01 2480.6897359801
0.1973379631 1.6900860022e-01 2525.9066811158
0.2009259260 1.7069270055e-01 2571.4908172214
0.2045138890 1.7398516326e-01 2617.2323208854
0.2081018520 1.8253432391e-01 2664.2852208700
0.2116898149 1.8471979832e-01 2711.1807532962
0.2152777779 1.8604513536e-01 2758.8106676619
0.2188657409 1.9241909637e-01 2806.1783027635
0.2224537038 1.9409795140e-01 2851.2378803408
0.2260416668 1.9595143927e-01 2896.8744722992
0.2296296298 1.9742328076e-01 2942.4586084047
0.2332175927 1.9872708501e-01 2989.6164200950
0.2368055557 2.0410858518e-01 3037.4037020192
0.2403935187 2.0537979664e-01 3084.4566020039
0.2439814816 2.0663631423e-01 3129.7260029924
0.2475694446 2.0776017587e-01 3176.2543444488
0.2511574075 2.0886279192e-01 3223.3072444335
0.2547453705 2.2126163946e-01 3269.4159390673
0.2583333335 2.2224235182e-01 3316.4688390519
0.2619212964 2.2314287698e-01 3363.0496363611
0.2655092594 2.2404540689e-01 3410.2074480514
0.2690972224 2.2491863638e-01 3456.3685985381
0.2726851853 2.2575705149e-01 3495.1334737763
0.2762731483 2.2662178896e-01 3541.8191827911
0.2798611113 2.2739468774e-01 3587.9803332777
0.2834490742 2.2815892114e-01 3629.4729128629
0.2870370372 2.2868052653e-01 3658.9531021509
0.2906250002 2.2943429245e-01 3705.1142526375
0.2942129631 2.3016799148e-01 3731.8142817258
0.2978009261 2.3102229310e-01 3777.5557853898
0.3013888891 2.3185949857e-01 3825.2906114612
0.3049768520 2.3251520091e-01 3871.1370268309
0.3085648150 2.3304920100e-01 3916.9834422005
0.3121527780 2.3360746420e-01 3963.9838863323
0.3157407409 2.3416492224e-01 3967.4984284717
0.3193287039 2.3471833616e-01 4015.2332545430
0.3229166668 2.3525680282e-01 4062.2336986749
0.3265046298 2.3577147878e-01 4064.3319327879
0.3300925928 2.3625972856e-01 4103.2017197317
0.3336805557 2.3675062835e-01 4150.5168989805
0.3372685187 2.3821518071e-01 4196.6780494671
0.3408564817 2.3863473022e-01 4244.3079638329
0.3444444446 2.3904033050e-01 4291.4657755232
0.3480324076 2.3939675491e-01 4339.3055133002
0.3516203706 2.3975330972e-01 4343.1347905565
0.3552083335 2.4010296944e-01 4386.9878835188
0.3587962965 2.4043937582e-01 4434.1981510619
0.3623842595 2.4075399138e-01 4481.9854329861
0.3659722224 2.4106431634e-01 4527.8843042086
0.3695601854 2.5072079672e-01 4575.1470276045
0.3731481484 2.5100084444e-01 4602.2142476626
0.3767361113 2.5133219904e-01 4614.3315496653
0.3803240743 2.5161014047e-01 4662.1188315896
0.3839120373 2.5186802298e-01 4708.3324379290
0.3875000002 2.5209385193e-01 4754.8083235326
0.3910879632 2.5219990554e-01 4796.4058148233
0.3946759261 2.5241210697e-01 4801.2842091361
0.3982638891 2.5272056657e-01 4848.3371091208
0.4018518521 2.5283316315e-01 4885.4758529214
0.4054398150 2.5301772898e-01 4887.5740870344
0.4090277780 2.5316653219e-01 4930.5354304987
0.9541288866 2.5710152695e-01 4977.8506097474
0.9577168496 2.6007297932e-01 5025.1133331434
0.9613048125 2.6291302755e-01 5072.9006150676
0.9648927755 2.6561946213e-01 5120.1108826107
0.9684807385 2.6780182071e-01 5156.5152444718
0.9720687014 2.7001039632e-01 5202.6763949584
0.9756566644 2.7212797056e-01 5247.8933400941
0.9792446274 2.7425832080e-01 5295.2085193429
0.9828325903 2.7613878579e-01 5340.1107293617
0.9864205533 2.7818527711e-01 5384.2785574409
0.9900085163 2.7948792500e-01 5429.0233999013
0.9935964792 2.8093262802e-01 5476.7582259726
0.9971844422 2.8224884698e-01 5524.1783169271
