0.0000000000 4.4169360047e-01 47.0528999847
0.0035879630 5.6168259987e-01 94.8401819089
0.0071759259 6.7602418702e-01 141.8930818935
0.0107638889 7.5855259155e-01 189.7328196705
0.0143518519 8.0124628121e-01 236.7332638024
0.0179398148 8.1980391566e-01 239.7757032663
0.0215277778 8.3675316570e-01 253.3617691481
0.0251157408 8.7022122287e-01 268.2592313506
0.0287037037 9.3931347410e-01 305.5553427097
0.0825231482 9.4316292825e-01 318.5643942105
0.0832175926 9.4316292825e-01 318.5643942105
0.0868055556 9.4316292825e-01 318.5643942105
0.0903935186 9.4316292825e-01 318.5643942105
0.0939814815 9.4316292825e-01 318.5643942105
0.0975694445 9.4316292825e-01 318.5643942105
0.1011574075 9.4316292825e-01 318.5643942105
0.1047453704 9.4316292825e-01 318.5643942105
0.1083333334 9.4316292825e-01 318.5643942105
0.1119212964 9.4316292825e-01 318.5643942105
0.1155092593 9.4316292825e-01 318.5643942105
