439 305.47596 -2.65000 56142.27684 21.65000 299 0.01271 1.25759 g -1
387 301.75815 -9.85000 56142.28043 21.65000 299 0.00863 1.37844 g -1
337 304.97168 -17.05000 56142.28402 21.65000 299 0.00819 1.58464 g -1
287 309.40889 -24.25000 56142.28761 21.65000 299 0.00798 1.91104 g -1
438 298.44712 -2.65000 56142.29119 21.65000 299 0.00460 1.23609 g -1
490 302.14120 4.55000 56142.29478 21.65000 299 0.00380 1.14088 g -1
1433 306.62681 -6.25000 56142.29837 21.65000 299 0.00141 1.30049 g -1
489 295.13032 4.55000 56142.30196 21.65000 299 0.00128 1.15382 g -1
541 298.91537 11.75000 56142.30555 21.65000 299 0.00065 1.08111 g -1
1432 299.71911 -6.25000 56142.30913 21.65000 299 0.00058 1.30718 g -1
388 308.80733 -9.85000 56143.18885 21.65000 299 0.03131 2.03548 g -1
1381 309.81507 -13.45000 56143.20320 21.65000 299 0.00209 2.04083 g -1
389 315.85652 -9.85000 56143.21038 21.65000 299 0.00194 2.00554 g -1
338 312.05361 -17.05000 56143.22473 21.65000 299 0.05716 2.02658 g -1
339 319.13554 -17.05000 56143.24626 21.65000 299 0.00646 2.00399 g -1
1330 314.38429 -20.65000 56143.24985 21.65000 299 0.00346 2.01978 g -1
338 312.05361 -17.05000 56143.25054 21.65000 299 0.05716 1.78886 r -1
388 308.80733 -9.85000 56143.25413 21.65000 299 0.03131 1.48364 r -1
439 305.47596 -2.65000 56143.25772 21.65000 299 0.01271 1.29036 r -1
387 301.75815 -9.85000 56143.26131 21.65000 299 0.00863 1.40288 r -1
337 304.97168 -17.05000 56143.26489 21.65000 299 0.00819 1.62322 r -1
287 309.40889 -24.25000 56143.26848 21.65000 299 0.00798 1.98121 r -1
339 319.13554 -17.05000 56143.27207 21.65000 299 0.00646 1.77550 r -1
438 298.44712 -2.65000 56143.27566 21.65000 299 0.00460 1.23735 r -1
