0.0000000000 7.9583399397e-02 47.4725468073
0.0035879630 1.5400319898e-01 94.5254467919
0.0071759259 2.2824816773e-01 142.3651845689
0.0107638889 2.6422874420e-01 189.4180845536
0.0143518519 2.9177940146e-01 236.4709845382
0.0179398148 3.1484456643e-01 283.5238845229
0.0215277778 3.3539018536e-01 330.6816962132
0.0251157408 3.4913947892e-01 377.7345961979
0.0287037037 3.5923973557e-01 424.7874961825
0.0322916667 3.6973989174e-01 472.3124988426
0.0358796296 3.7830893225e-01 519.3653988272
0.0394675926 3.8649508071e-01 566.5756663704
0.0430555556 3.9420203508e-01 609.5894656874
0.0466435185 4.0275074607e-01 656.9571007890
0.0502314815 4.0871288212e-01 700.4954586344
0.0538194445 4.1478010632e-01 748.0729171473
0.0574074074 4.2036095750e-01 795.4405522489
0.0609953704 4.2480159980e-01 837.6675137736
0.0645833334 4.2956634842e-01 884.8253254639
0.0681712963 4.3389047340e-01 926.3703609018
0.0717592593 4.3811981634e-01 969.3841602189
0.0753472223 4.4229337067e-01 1016.4370602035
0.0789351852 4.4610226438e-01 1060.3426090187
0.0825231482 4.4985769826e-01 1107.7626999731
0.0861111112 4.5301311363e-01 1151.2486019656
0.0896990741 4.5548903154e-01 1192.4789022866
0.0932870371 4.5830643301e-01 1233.9714818717
0.0968750001 4.6094158347e-01 1277.5622955699
0.1004629630 4.6318606292e-01 1319.0548751550
0.1040509260 4.6542181733e-01 1366.8421570792
0.1076388889 4.6765691586e-01 1414.4196155921
0.1112268519 4.6981257197e-01 1459.6365607279
0.1148148149 4.7192342347e-01 1506.8468282710
0.1184027778 4.7374273571e-01 1550.4900978220
0.1219907408 4.7563937595e-01 1597.5429978066
0.1255787038 4.7778342502e-01 1645.8548382591
0.6570792835 4.8367459996e-01 1693.4847526248
0.6606672465 4.8885106046e-01 1740.5376526095
0.6642552095 4.9342021275e-01 1787.4331850357
0.6678431724 4.9649795252e-01 1833.1746886997
0.6714311354 5.0341180586e-01 1878.1818104241
0.6750190984 5.1193152511e-01 1925.3920779672
0.6786070613 5.1699735325e-01 1973.5465508612
0.6821950243 5.2064655619e-01 2019.1831428196
0.6857829873 5.2314175744e-01 2065.5016608647
0.6893709502 5.2559556993e-01 2113.2889427889
0.6929589132 5.2786582847e-01 2158.9779906001
0.6965468762 5.3637896232e-01 2204.9293176754
0.7001348391 5.3849725767e-01 2251.9822176600
0.7037228021 5.4275796237e-01 2299.0351176447
0.7073107651 5.4474480271e-01 2345.9306500709
0.7108987280 5.4770670521e-01 2392.2491681160
0.7144866910 5.4935749838e-01 2439.4594356591
0.7180746540 5.5094372601e-01 2487.2467175833
0.7216626169 5.5242899355e-01 2533.1455888058
0.7252505799 5.6371974921e-01 2580.1984887904
0.7288385428 5.6555725434e-01 2626.5170068355
0.7324265058 5.6681775913e-01 2672.1535987939
0.7360144688 5.7044633630e-01 2719.3638663370
0.7396024317 5.7348067672e-01 2722.6161292122
0.7431903947 5.7443481550e-01 2765.3151934123
0.7467783577 5.8308099687e-01 2788.1859452443
0.7503663206 5.8470803164e-01 2834.5044632894
0.7539542836 5.9262186375e-01 2862.2011535814
0.7575422466 5.9699017802e-01 2866.5549893659
0.7611302095 5.9821184486e-01 2912.2964930299
0.7647181725 5.9973441523e-01 2959.4543047202
0.7683061355 6.0779014190e-01 2963.4409495350
0.7718940984 6.1481955748e-01 3010.4938495196
0.7754820614 6.1600528403e-01 3058.3335872967
0.7790700244 6.3446349519e-01 3082.8304705663
0.7826579873 6.5493836988e-01 3128.1523274077
0.7862459503 6.6059384579e-01 3133.5552802487
0.7898339133 6.6213075124e-01 3172.4250671926
0.7934218762 6.7161683396e-01 3200.1217574845
0.7970098392 6.7296688178e-01 3247.3844808805
0.8005978021 6.9833820665e-01 3268.6815571277
0.8041857651 6.9954888071e-01 3316.1016480821
0.8077737281 7.0065936102e-01 3361.2136815122
0.8113616910 7.1450758416e-01 3384.5565360197
0.8149496540 7.2687566071e-01 3430.0882162724
0.8185376170 7.2804356627e-01 3475.3051614081
0.8221255799 7.2942476520e-01 3479.3442620757
0.8257135429 7.3052027240e-01 3524.4562955058
0.8293015059 7.3162855638e-01 3571.5091954905
0.8328894688 7.3273276452e-01 3618.5620954751
0.8364774318 7.3375656013e-01 3664.8806135202
0.8400653948 7.3475072968e-01 3711.0417640068
0.8436533577 7.3575115117e-01 3756.7308118180
0.8472413207 7.3665019543e-01 3759.5634278706
0.8508292837 7.3755328345e-01 3803.7312559498
0.8544172466 7.3844359568e-01 3850.9415234930
0.8580052096 7.3931717345e-01 3897.2600415381
0.8615931726 7.4031055649e-01 3942.5294425266
0.8651811355 7.4119359275e-01 3989.3725191000
0.8687690985 7.4201784127e-01 4035.9008605564
0.8723570614 7.4284142669e-01 4038.5236531977
0.8795329874 7.4383083413e-01 4082.6390254241
0.8938848392 7.4544884319e-01 4125.7052805940
0.9082366911 7.4680535544e-01 4164.5750675378
0.9118246541 7.4765897938e-01 4212.2049819035
0.9154126170 7.4881836220e-01 4259.1529701825
0.9225885430 7.4993059620e-01 4306.2058701672
0.9261765059 7.5152731174e-01 4353.6784169745
0.9297644689 7.5286636601e-01 4396.6397604387
0.9333524318 7.5389174443e-01 4443.5352928649
0.9405283578 7.5527167993e-01 4490.5881928495
0.9441163207 7.5645016293e-01 4536.4346082192
0.9477042837 7.5799482350e-01 4583.7497874680
0.9512922467 7.5887583827e-01 4631.1174225696
0.9548802096 7.6033177777e-01 4678.0654108486
0.9620561356 7.6165022031e-01 4724.6462081578
0.9656440985 7.6265766474e-01 4767.7649191805
0.9692320615 7.6389088869e-01 4809.2050429128
0.9728200245 7.6488729235e-01 4856.9398689842
0.9764079874 7.6585725308e-01 4902.5240050897
0.9871718763 7.6711929870e-01 4949.6818167800
0.9907598393 7.6808898276e-01 4997.4166428514
0.9943478023 7.7020824652e-01 5044.6793662474
0.9950422467 7.7020824652e-01 5044.6793662474
0.9986302097 7.7020824652e-01 5044.6793662474
