0.5033145075 9.2319251672e-02 47.3676351016
0.5069024704 1.7427500206e-01 94.6828143504
0.5104904334 2.0719002210e-01 142.1029053048
0.5140783964 3.1238206153e-01 189.3131728479
0.5176663593 3.4454574201e-01 237.1004547722
0.5212543223 4.1452275655e-01 282.7370467305
0.5248422852 4.5822964353e-01 329.5276674510
0.5284302482 5.1919019490e-01 372.6463784738
0.5320182112 5.6769160672e-01 417.8108677567
0.5356061741 6.1595151692e-01 461.6639607190
0.5391941371 6.5316545763e-01 508.9266841149
0.5427821001 6.7894700224e-01 554.6157319261
0.5463700630 7.0009775136e-01 599.7802212090
0.5499580260 7.2090741309e-01 647.5150472804
0.5535459890 7.3780362862e-01 695.1449616461
0.5571339519 7.4828004487e-01 740.3619067819
0.5607219149 7.5941176329e-01 786.0509545931
0.5643098779 7.6649394804e-01 827.4910783254
0.5678978408 7.7530020458e-01 870.5573334953
0.5714858038 7.8269880035e-01 917.6102334799
0.5750737668 7.9046627669e-01 965.8171622268
0.5786617297 7.9838028314e-01 1007.4146535175
0.5822496927 8.0460357606e-01 1053.3135247400
0.5858376556 8.1013344509e-01 1099.5271310795
0.5894256186 8.1520490112e-01 1144.7440762152
0.5930135816 8.2024171372e-01 1146.6849427698
0.5966015445 8.2498827373e-01 1190.1183889094
0.6001895075 8.2969782293e-01 1192.2166230225
0.6037774705 8.3714481465e-01 1230.9290424078
0.6073654334 8.4054711694e-01 1278.2442216566
0.6109533964 8.4391142972e-01 1280.6047350338
0.6145413594 8.4712201234e-01 1282.6505132940
0.6181293223 8.5038503976e-01 1284.9585708183
0.6217172853 8.5271595721e-01 1287.1617166370
0.6253052483 8.5549334223e-01 1328.7067520749
0.6288932112 8.5784802102e-01 1355.9313396915
0.6324811742 8.6001022295e-01 1357.9771179517
0.6360691372 8.6165370128e-01 1403.1940630874
0.6396571001 8.6406415575e-01 1405.3972089061
0.6432450631 8.6597094619e-01 1407.6528105776
0.6468330261 8.6767172032e-01 1452.7123881549
0.6504209890 8.6897218740e-01 1454.7581664151
0.6540089520 8.7049198963e-01 1481.6155630618
0.6575969149 8.7155069989e-01 1525.4686560241
0.6611848779 8.7260673679e-01 1564.2859871151
0.6647728409 8.7391334364e-01 1611.3913429526
0.6683608038 8.7475067437e-01 1613.4371212128
0.6719487668 8.7588621375e-01 1660.4375653446
0.6755367298 8.7693875390e-01 1662.7456228690
0.6791246927 8.7798726870e-01 1709.7460670008
0.6798191372 8.7798726870e-01 1709.7460670008
0.6834071002 8.7798726870e-01 1709.7460670008
0.6869950631 8.7798726870e-01 1709.7460670008
0.6905830261 8.7798726870e-01 1709.7460670008
0.6941709890 8.7798726870e-01 1709.7460670008
0.6977589520 8.7798726870e-01 1709.7460670008
0.7013469150 8.7798726870e-01 1709.7460670008
0.7049348779 8.7798726870e-01 1709.7460670008
0.7085228409 8.7798726870e-01 1709.7460670008
0.7121108039 8.7798726870e-01 1709.7460670008
0.7156987668 8.7798726870e-01 1709.7460670008
0.7192867298 8.7798726870e-01 1709.7460670008
0.7228746928 8.7798726870e-01 1709.7460670008
0.7264626557 8.7798726870e-01 1709.7460670008
0.7300506187 8.7798726870e-01 1709.7460670008
0.7336385817 8.7798726870e-01 1709.7460670008
0.7372265446 8.7798726870e-01 1709.7460670008
0.7408145076 8.7798726870e-01 1709.7460670008
0.7444024706 8.7798726870e-01 1709.7460670008
0.7479904335 8.7798726870e-01 1709.7460670008
0.7515783965 8.7798726870e-01 1709.7460670008
0.7551663594 8.7798726870e-01 1709.7460670008
0.7587543224 8.7798726870e-01 1709.7460670008
0.7623422854 8.7798726870e-01 1709.7460670008
0.7659302483 8.7798726870e-01 1709.7460670008
0.7695182113 8.7798726870e-01 1709.7460670008
0.7731061743 8.7798726870e-01 1709.7460670008
0.7766941372 8.7798726870e-01 1709.7460670008
0.7802821002 8.7798726870e-01 1709.7460670008
0.7838700632 8.7798726870e-01 1709.7460670008
0.7874580261 8.7798726870e-01 1709.7460670008
0.7910459891 8.7798726870e-01 1709.7460670008
0.7946339521 8.7798726870e-01 1709.7460670008
0.7982219150 8.7798726870e-01 1709.7460670008
0.8018098780 8.7798726870e-01 1709.7460670008
0.8053978410 8.7798726870e-01 1709.7460670008
0.8089858039 8.7798726870e-01 1709.7460670008
0.8125737669 8.7798726870e-01 1709.7460670008
0.8161617299 8.7798726870e-01 1709.7460670008
0.8197496928 8.7798726870e-01 1709.7460670008
0.8233376558 8.7798726870e-01 1709.7460670008
0.8269256187 8.7798726870e-01 1709.7460670008
0.8305135817 8.7798726870e-01 1709.7460670008
0.8341015447 8.7798726870e-01 1709.7460670008
0.8376895076 8.7798726870e-01 1709.7460670008
0.8412774706 8.7798726870e-01 1709.7460670008
0.8448654336 8.7798726870e-01 1709.7460670008
0.8484533965 8.7798726870e-01 1709.7460670008
