0.5995796742 2.5104667479e-03 27.2245876165
0.6031676372 7.0870616089e-03 75.4315163634
0.6067556002 8.7124990325e-03 122.7466956121
0.6103435631 1.0038973065e-02 170.5864333892
0.6139315261 1.2903560962e-02 183.4905731843
0.6175194891 1.3947604222e-02 231.2778551085
0.6211074520 1.4941485388e-02 277.4914614479
0.6246954150 1.9296883587e-02 289.8185868620
0.6282833780 2.1434798274e-02 336.2944724655
0.6318713409 3.0568216521e-02 383.5047400087
0.6354593039 4.2893535346e-02 405.3788306370
0.6390472668 5.2617963088e-02 420.9582189262
0.6426352298 5.4228491834e-02 468.2733981750
0.6462231928 5.7164435138e-02 515.4836657181
0.6498111557 5.8077709360e-02 562.0644630274
0.6533991187 7.0845160372e-02 609.4320981290
0.6569870817 7.1769989720e-02 657.6914827286
0.6605750446 7.2795547776e-02 704.7443827133
0.6641630076 7.5894589112e-02 751.0104449055
0.6677509706 8.5924988159e-02 776.0843425562
0.6713389335 9.7140696667e-02 817.9441131111
0.6749268965 1.0573871103e-01 865.2068365071
0.6785148595 1.0706845642e-01 912.4695599030
0.6821028224 1.1734968414e-01 954.0145953410
0.6856907854 1.2349287402e-01 998.1299675674
0.6892787484 1.2679503758e-01 1041.1962227373
0.6928667113 1.3126496918e-01 1088.9310488087
0.6964546743 1.3273248264e-01 1135.0397434425
0.7000426373 1.3425687084e-01 1181.3058056347
0.7036306002 1.3639741598e-01 1228.0964263552
0.7072185632 1.3793560486e-01 1275.2542380455
0.7108065261 1.3915860623e-01 1322.2022263245
0.7143944891 1.4029632014e-01 1368.7830236338
0.7179824521 1.4136548109e-01 1415.8359236184
0.7215704150 1.4230361679e-01 1462.9937353087
0.7251583780 1.4391698079e-01 1510.2564587047
0.7287463410 1.4508237071e-01 1556.6274326026
0.7323343039 1.4594661094e-01 1603.6803325872
0.7359222669 1.4718342176e-01 1642.2878402670
0.7395102299 1.4794700036e-01 1689.4981078101
0.7430981928 1.4867423234e-01 1736.0789051193
0.7466861558 1.5851886285e-01 1760.6282442417
0.7502741188 1.6009375825e-01 1808.2057027546
0.7538620817 1.6196611389e-01 1854.5242207997
0.7574500447 1.6273765867e-01 1861.1336582558
0.7610380077 1.6346515935e-01 1908.1865582404
0.7646259706 1.6376478632e-01 1950.0463287953
0.7682139336 1.6444593050e-01 1997.0992287800
0.7718018966 1.6511754956e-01 2044.7291431457
0.7753898595 1.6576936998e-01 2091.5722197191
0.7789778225 1.6640526474e-01 2138.6251197037
0.7825657854 1.6702111069e-01 2185.6780196884
0.7861537484 1.6775836064e-01 2231.0523323826
0.7897417114 1.6832857741e-01 2278.5248791898
0.7933296743 1.6894909223e-01 2280.8853925670
0.7969176373 1.7002141662e-01 2327.2039106121
0.8005056003 1.7057738206e-01 2374.2568105967
0.8040935632 1.7112593468e-01 2422.0440925210
0.8076815262 1.7162209416e-01 2467.7331403321
0.8112694892 1.7213226185e-01 2515.5204222563
0.8148574521 1.7263865216e-01 2562.7306897995
0.8184454151 1.7317879753e-01 2565.0387473238
0.8220333781 1.7362827850e-01 2612.2490148669
0.8256213410 1.7408216970e-01 2659.8789292327
0.8292093040 1.7453118329e-01 2706.5121823947
0.8327972670 1.7579134822e-01 2721.5670121557
0.8363852299 1.7621422139e-01 2767.6757067895
0.8399731929 1.7663212362e-01 2814.5187833628
0.8435611559 1.7704774834e-01 2861.5716833475
0.8471491188 1.7745272760e-01 2908.6245833321
0.8507370818 1.7791429037e-01 2910.6703615923
0.8543250447 1.7828924307e-01 2957.9855408411
0.8579130077 1.7865526118e-01 3005.6154552068
0.8615009707 1.7901308014e-01 3052.6683551915
0.8650889336 1.8882851393e-01 3075.7489304348
0.8686768966 1.8999060072e-01 3122.9067421251
0.8722648596 1.9026849617e-01 3168.2285989665
0.8758528225 1.9058581565e-01 3214.2848377475
0.8794407855 1.9091585028e-01 3261.1279143208
0.8830287485 1.9123038970e-01 3308.4430935696
0.8866167114 1.9154250991e-01 3355.4435377014
0.8902046744 1.9180163283e-01 3392.4773697964
0.8937926374 1.9210693034e-01 3439.7925490451
0.8973806003 1.9230200626e-01 3485.1144058865
0.9009685633 1.9258322691e-01 3530.8034536977
0.9045565263 1.9285321869e-01 3577.7514419767
0.9081444892 1.9312566722e-01 3624.4896068444
0.9117324522 1.9339331918e-01 3671.5425068291
0.9153204152 1.9364670924e-01 3716.5496285535
0.9189083781 1.9390662992e-01 3719.8018914287
0.9224963411 1.9415425105e-01 3762.8681465986
0.9260843040 1.9432471728e-01 3765.0188365645
0.9296722670 1.9458911999e-01 3773.5691405751
