353 61.59430 -9.85000 55948.08773 21.65000 299 0.00082 1.55085 g -1
303 65.36446 -17.05000 55948.09131 21.65000 299 0.00074 1.85216 g -1
304 72.44639 -17.05000 55948.09490 21.65000 299 0.00078 2.00951 g -1
872 140.00000 83.75000 55948.09849 21.65000 299 0.00072 1.89117 g -1
352 54.54511 -9.85000 55948.10208 21.65000 299 0.00065 1.41832 g -1
403 50.90865 -2.65000 55948.10567 21.65000 299 0.00064 1.25150 g -1
354 68.64348 -9.85000 55948.10925 21.65000 299 0.00064 1.54027 g -1
859 132.00000 76.55000 55948.11284 21.65000 299 0.00062 1.84412 g -1
876 300.00000 83.75000 55948.11643 21.65000 299 0.00060 1.91888 g -1
305 79.52832 -17.05000 55948.12002 21.65000 299 0.00058 1.95018 g -1
404 57.93750 -2.65000 55948.12361 21.65000 299 0.00056 1.25365 g -1
355 75.69267 -9.85000 55948.12719 21.65000 299 0.00049 1.54903 g -1
816 140.00000 62.15000 55948.13078 21.65000 299 0.00069 2.03362 g -1
841 145.71429 69.42000 55948.13437 21.65000 299 0.00105 2.01560 g -1
785 136.67622 54.95000 55948.13796 21.65000 299 0.00047 1.97397 g -1
860 156.00000 76.55000 55948.14155 21.65000 299 0.00112 2.01466 g -1
405 64.96635 -2.65000 55948.14513 21.65000 299 0.00045 1.25106 g -1
306 86.61025 -17.05000 55948.14872 21.65000 299 0.00044 1.86541 g -1
873 180.00000 83.75000 55948.15231 21.65000 299 0.00080 2.00520 g -1
750 138.40169 47.75000 55948.15590 21.65000 299 0.00043 1.92580 g -1
453 47.30440 4.55000 55948.15948 21.65000 299 0.00042 1.17384 g -1
786 147.60097 54.95000 55948.16307 21.65000 299 0.00090 2.03587 g -1
840 128.57143 69.35000 55948.16666 21.65000 299 0.00041 1.56271 g -1
817 153.33333 62.15000 55948.17025 21.65000 299 0.00095 2.00758 g -1
751 147.82638 47.75000 55948.17384 21.65000 299 0.00072 2.03728 g -1
256 82.48418 -24.25000 55948.17742 21.65000 299 0.00040 1.95703 g -1
842 162.85714 69.35000 55948.18101 21.65000 299 0.00069 2.02228 g -1
710 140.54911 40.55000 55948.18460 21.65000 299 0.00039 1.74813 g -1
711 149.16593 40.55000 55948.18819 21.65000 299 0.00053 2.02362 g -1
356 82.74185 -9.85000 55948.19178 21.65000 299 0.00039 1.39464 g -1
787 158.52573 54.95000 55948.19536 21.65000 299 0.00050 2.01036 g -1
752 157.25108 47.75000 55948.19895 21.65000 299 0.00041 2.05145 g -1
257 89.87725 -24.25000 55948.20254 21.65000 299 0.00039 1.93734 g -1
406 71.99519 -2.65000 55948.20613 21.65000 299 0.00037 1.24325 g -1
861 180.00000 76.55000 55948.20972 21.65000 299 0.00051 2.00488 g -1
818 166.66667 62.15000 55948.21330 21.65000 299 0.00036 1.94798 g -1
871 100.00000 83.75000 55948.21689 21.65000 299 0.00036 1.58005 g -1
854 12.00000 76.55000 55948.22048 21.65000 299 0.00036 1.67510 g -1
454 54.31528 4.55000 55948.22407 21.65000 299 0.00036 1.31089 g -1
667 149.05693 33.35000 55948.22766 21.65000 299 0.00035 1.62089 g -1
307 93.69218 -17.05000 55948.23124 21.65000 299 0.00034 1.58186 g -1
869 20.00000 83.75000 55948.23483 21.65000 299 0.00032 1.72440 g -1
258 97.27032 -24.25000 55948.23842 21.65000 299 0.00032 1.88983 g -1
357 89.79104 -9.85000 55948.24201 21.65000 299 0.00031 1.37241 g -1
815 126.66667 62.15000 55948.24560 21.65000 299 0.00031 1.23696 g -1
407 79.02404 -2.65000 55948.24918 21.65000 299 0.00031 1.27896 g -1
754 176.10046 47.75000 55948.25277 21.65000 299 0.00082 2.02715 g -1
789 180.37888 54.95000 55948.25636 21.65000 299 0.00048 2.00357 g -1
714 175.01637 40.55000 55948.25995 21.65000 299 0.00241 2.02025 g -1
670 172.61679 33.35000 55948.26354 21.65000 299 0.00161 2.01192 g -1
874 220.00000 83.75000 55948.26712 21.65000 299 0.00063 1.99426 g -1
623 173.54571 26.15000 55948.27430 21.65000 299 0.00226 2.04718 g -1
755 185.52515 47.75000 55948.27789 21.65000 299 0.01568 2.04099 g -1
1754 183.04776 44.15000 55948.28148 21.65000 299 0.00084 1.95959 g -1
715 183.63319 40.55000 55948.28506 21.65000 299 0.02367 2.00017 g -1
671 180.47007 33.35000 55948.28865 21.65000 299 0.01698 1.95593 g -1
790 191.39000 54.95000 55948.29224 21.65000 299 0.00870 1.94007 g -1
624 181.02743 26.15000 55948.29583 21.65000 299 0.00967 2.03206 g -1
1714 188.06674 36.95000 55948.29942 21.65000 299 0.00117 2.04541 g -1
575 180.32410 18.95000 55948.30300 21.65000 299 0.00323 2.06586 g -1
756 194.94985 47.75000 55948.30659 21.65000 299 0.03110 2.00327 g -1
716 192.25000 40.55000 55948.31018 21.65000 299 0.02594 1.98050 g -1
672 188.32336 33.35000 55948.31377 21.65000 299 0.01788 1.90329 g -1
791 202.40112 54.95000 55948.31736 21.65000 299 0.02378 2.00227 g -1
625 188.50914 26.15000 55948.32094 21.65000 299 0.00663 1.95449 g -1
821 206.66667 62.15000 55948.32453 21.65000 299 0.00531 1.94154 g -1
673 196.17664 33.35000 55948.32812 21.65000 299 0.00779 2.02261 g -1
757 204.72454 47.75000 55948.33171 21.65000 299 0.01888 2.03058 g -1
717 200.86681 40.55000 55948.33530 21.65000 299 0.01051 1.96123 g -1
626 195.99086 26.15000 55948.33888 21.65000 299 0.00518 2.00245 g -1
577 194.55043 18.95000 55948.34247 21.65000 299 0.00292 2.06427 g -1
792 213.41224 54.95000 55948.34606 21.65000 299 0.02137 2.02349 g -1
674 204.02993 33.35000 55948.34965 21.65000 299 0.00667 2.02614 g -1
822 220.00000 62.15000 55948.35323 21.65000 299 0.01036 2.02009 g -1
718 209.48363 40.55000 55948.35682 21.65000 299 0.00726 1.99645 g -1
758 214.49923 47.75000 55948.36041 21.65000 299 0.00815 2.00679 g -1
627 203.47257 26.15000 55948.36400 21.65000 299 0.00334 1.92732 g -1
576 187.38957 18.95000 55948.36759 21.65000 299 0.00264 1.47985 g -1
675 211.88321 33.35000 55948.37117 21.65000 299 0.00406 2.02968 g -1
578 201.71129 18.95000 55948.37476 21.65000 299 0.00177 1.84960 g -1
793 224.50609 54.95000 55948.37835 21.65000 299 0.01396 2.00373 g -1
719 218.10044 40.55000 55948.38194 21.65000 299 0.00520 1.97683 g -1
759 224.27392 47.75000 55948.38553 21.65000 299 0.00636 2.03421 g -1
823 233.33333 62.15000 55948.38911 21.65000 299 0.01302 2.02990 g -1
676 219.73650 33.35000 55948.39270 21.65000 299 0.00352 2.03323 g -1
628 210.95429 26.15000 55948.39629 21.65000 299 0.00268 1.75760 g -1
629 218.43600 26.15000 55948.39988 21.65000 299 0.00339 2.02269 g -1
720 226.71726 40.55000 55948.40347 21.65000 299 0.00517 2.01268 g -1
794 235.60357 54.95000 55948.40705 21.65000 299 0.01270 2.02802 g -1
580 216.23608 18.95000 55948.41064 21.65000 299 0.00339 1.91794 g -1
760 234.04862 47.75000 55948.41423 21.65000 299 0.00650 2.01039 g -1
677 227.58979 33.35000 55948.41782 21.65000 299 0.00478 1.97586 g -1
630 225.91771 26.15000 55948.42141 21.65000 299 0.00440 2.00785 g -1
721 235.33407 40.55000 55948.42499 21.65000 299 0.00466 2.04999 g -1
824 246.66667 62.15000 55948.42858 21.65000 299 0.00960 2.00383 g -1
581 223.50463 18.95000 55948.43217 21.65000 299 0.00383 1.89501 g -1
678 235.44307 33.35000 55948.43576 21.65000 299 0.00387 2.04038 g -1
795 246.70105 54.95000 55948.43935 21.65000 299 0.00658 2.00844 g -1
582 230.77318 18.95000 55948.44293 21.65000 299 0.00458 2.06035 g -1
631 233.39943 26.15000 55948.44652 21.65000 299 0.00402 1.93225 g -1
531 229.07556 11.75000 55948.45011 21.65000 299 0.00392 2.06244 g -1
761 243.82331 47.75000 55948.45370 21.65000 299 0.00316 1.85009 g -1
479 226.45889 4.55000 55948.45729 21.65000 299 0.00291 2.04575 g -1
530 222.10044 11.75000 55948.46087 21.65000 299 0.00291 1.62541 g -1
825 260.00000 62.15000 55948.46446 21.65000 299 0.00413 2.01376 g -1
796 257.79854 54.95000 55948.46805 21.65000 299 0.00334 2.03302 g -1
532 236.05067 11.75000 55948.47164 21.65000 299 0.00290 2.02015 g -1
480 233.30067 4.55000 55948.47523 21.65000 299 0.00335 2.06446 g -1
529 215.12533 11.75000 55948.47881 21.65000 299 0.00266 1.33112 g -1
583 238.04173 18.95000 55948.48240 21.65000 299 0.00260 1.74943 g -1
579 208.96753 18.95000 55948.48599 21.65000 299 0.00224 1.15755 g -1
722 243.95089 40.55000 55948.48958 21.65000 299 0.00219 1.55936 g -1
478 219.61711 4.55000 55948.49317 21.65000 299 0.00209 1.42731 g -1
679 243.29636 33.35000 55948.49675 21.65000 299 0.00198 1.54092 g -1
797 268.89602 54.95000 55948.50034 21.65000 299 0.00268 2.01357 g -1
428 227.70000 -2.65000 55948.50393 21.65000 299 0.00195 1.68446 g -1
429 234.79000 -2.65000 55948.50752 21.65000 299 0.00193 1.87215 g -1
477 212.77533 4.55000 55948.51111 21.65000 299 0.00177 1.24909 g -1
528 208.15022 11.75000 55948.51469 21.65000 299 0.00176 1.12795 g -1
632 240.88114 26.15000 55948.51828 21.65000 299 0.00173 1.38135 g -1
481 240.14244 4.55000 55948.52187 21.65000 299 0.00172 1.66571 g -1
762 253.59800 47.75000 55948.52546 21.65000 299 0.00168 1.45572 g -1
526 193.90000 11.75000 55948.52905 21.65000 299 0.00149 1.07619 g -1
826 273.33333 62.15000 55948.53263 21.65000 299 0.00148 1.74601 g -1
427 220.61000 -2.65000 55948.53622 21.65000 299 0.00146 1.35074 g -1
1755 192.06898 44.15000 55948.53981 21.65000 299 0.00138 1.02183 g -1
533 243.02578 11.75000 55948.54340 21.65000 299 0.00133 1.41103 g -1
1793 197.46612 51.35000 55948.54698 21.65000 299 0.00129 1.05224 g -1
681 259.00293 33.35000 55948.55057 21.65000 299 0.00129 1.45420 g -1
680 251.14964 33.35000 55948.55416 21.65000 299 0.00122 1.28999 g -1
426 213.52000 -2.65000 55948.55775 21.65000 299 0.00120 1.25108 g -1
525 186.77489 11.57000 55948.56134 21.65000 299 0.00119 1.13545 g -1
723 252.56770 40.55000 55948.56492 21.65000 299 0.00119 1.23841 g -1
763 263.37269 47.75000 55948.56851 21.65000 299 0.00118 1.36146 g -1
634 255.84457 26.15000 55948.57210 21.65000 299 0.00114 1.30325 g -1
584 245.31027 18.95000 55948.57569 21.65000 299 0.00111 1.19704 g -1
