737 12.25000 47.75000 55841.09741 21.65000 299 0.01529 1.93775 g -1
774 17.54512 54.95000 55841.10100 21.65000 299 0.01162 1.96034 g -1
694 3.46860 40.55000 55841.10458 21.65000 299 0.00930 1.66356 g -1
695 11.90000 40.40000 55841.10817 21.65000 299 0.00528 1.90228 g -1
736 2.21291 47.75000 55841.11176 21.65000 299 0.00528 1.52251 g -1
648 0.57433 33.35000 55841.11535 21.65000 299 0.00401 1.55185 g -1
738 22.28709 47.75000 55841.11894 21.65000 299 0.00898 2.02396 g -1
852 334.28571 69.35000 55841.12252 21.65000 299 0.00363 1.30793 g -1
775 28.13537 54.95000 55841.12611 21.65000 299 0.01762 2.01086 g -1
869 20.00000 83.75000 55841.12970 21.65000 299 0.00359 1.75535 g -1
808 33.33333 62.15000 55841.13329 21.65000 299 0.00359 1.97379 g -1
868 348.00000 76.55000 55841.13688 21.65000 299 0.00354 1.46542 g -1
870 60.00000 83.75000 55841.14046 21.65000 299 0.00335 1.94815 g -1
649 8.35811 33.35000 55841.14405 21.65000 299 0.00249 1.48961 g -1
739 32.32418 47.75000 55841.14764 21.65000 299 0.00436 2.01174 g -1
830 326.66667 62.15000 55841.15123 21.65000 299 0.00230 1.15646 g -1
776 38.72562 54.95000 55841.15482 21.65000 299 0.01482 2.01920 g -1
854 12.00000 76.55000 55841.15840 21.65000 299 0.00210 1.55940 g -1
735 355.03720 40.55000 55841.16199 21.65000 299 0.00201 1.16873 g -1
809 46.66667 62.15000 55841.16558 21.65000 299 0.00662 2.01996 g -1
696 20.38973 40.55000 55841.16917 21.65000 299 0.00192 1.50460 g -1
740 42.36127 47.75000 55841.17276 21.65000 299 0.00266 2.05105 g -1
693 352.79056 33.35000 55841.17634 21.65000 299 0.00167 1.10948 g -1
802 324.38344 54.95000 55841.17993 21.65000 299 0.00166 1.07603 g -1
777 49.31587 54.95000 55841.18352 21.65000 299 0.01195 2.02757 g -1
773 6.95487 54.95000 55841.18711 21.65000 299 0.00159 1.23295 g -1
770 332.10164 47.75000 55841.19070 21.65000 299 0.00146 1.03494 g -1
699 45.97560 40.55000 55841.19428 21.65000 299 0.00174 2.02487 g -1
605 38.58960 26.15000 55841.19787 21.65000 299 0.00150 1.95135 g -1
810 60.00000 62.15000 55841.20146 21.65000 299 0.00709 2.03127 g -1
741 52.39836 47.75000 55841.20505 21.65000 299 0.00302 1.98768 g -1
654 47.27700 33.35000 55841.20864 21.65000 299 0.00257 2.00764 g -1
778 60.11656 54.95000 55841.21222 21.65000 299 0.01023 2.04325 g -1
606 46.11520 26.15000 55841.21581 21.65000 299 0.00164 2.00185 g -1
700 54.52367 40.55000 55841.21940 21.65000 299 0.00269 2.00255 g -1
653 39.49322 33.35000 55841.22299 21.65000 299 0.00142 1.55433 g -1
856 60.00000 76.55000 55841.22658 21.65000 299 0.00139 1.76103 g -1
742 62.43545 47.75000 55841.23016 21.65000 299 0.00456 2.02589 g -1
857 84.00000 76.55000 55841.23375 21.65000 299 0.00507 2.01771 g -1
655 55.06078 33.35000 55841.23734 21.65000 299 0.00364 1.89419 g -1
811 73.33333 62.15000 55841.24093 21.65000 299 0.00609 2.00645 g -1
779 71.12768 54.95000 55841.24452 21.65000 299 0.00949 2.02146 g -1
701 63.07173 40.55000 55841.24810 21.65000 299 0.00362 1.92761 g -1
656 62.84456 33.35000 55841.25169 21.65000 299 0.00426 2.00945 g -1
608 61.16640 26.15000 55841.25528 21.65000 299 0.00292 2.04296 g -1
743 72.25385 47.75000 55841.25887 21.65000 299 0.00484 2.00491 g -1
607 53.64080 26.15000 55841.26246 21.65000 299 0.00191 1.63929 g -1
702 71.61980 40.55000 55841.26604 21.65000 299 0.00490 2.01447 g -1
732 329.74300 40.55000 55841.26963 21.65000 299 0.00122 1.07719 g -1
780 82.05244 54.95000 55841.27322 21.65000 299 0.01361 2.04116 g -1
657 70.62833 33.35000 55841.27681 21.65000 299 0.00453 1.95114 g -1
609 68.69200 26.15000 55841.28040 21.65000 299 0.00451 1.96711 g -1
744 81.85354 47.75000 55841.28398 21.65000 299 0.00357 2.02614 g -1
703 80.23141 40.55000 55841.28757 21.65000 299 0.00430 2.05235 g -1
838 94.28571 69.35000 55841.29116 21.65000 299 0.00316 1.96500 g -1
658 78.41211 33.35000 55841.29475 21.65000 299 0.00591 2.01117 g -1
610 76.21760 26.15000 55841.29833 21.65000 299 0.00385 2.01852 g -1
858 108.00000 76.55000 55841.30192 21.65000 299 0.00408 2.00976 g -1
781 92.97719 54.95000 55841.30551 21.65000 299 0.01272 2.01624 g -1
745 91.27823 47.75000 55841.30910 21.65000 299 0.01233 2.04070 g -1
560 73.87345 18.95000 55841.31269 21.65000 299 0.00339 1.85028 g -1
659 86.23064 33.35000 55841.31627 21.65000 299 0.00398 2.01362 g -1
611 83.74320 26.15000 55841.31986 21.65000 299 0.00577 2.00650 g -1
561 81.12327 18.95000 55841.32345 21.65000 299 0.00283 2.00574 g -1
510 78.60038 11.75000 55841.32704 21.65000 299 0.00206 2.03074 g -1
839 111.42857 69.35000 55841.33063 21.65000 299 0.00713 2.02417 g -1
782 103.90195 54.95000 55841.33421 21.65000 299 0.00202 2.03559 g -1
746 100.70292 47.75000 55841.33780 21.65000 299 0.02243 2.00371 g -1
705 97.46504 40.55000 55841.34139 21.65000 299 0.00946 1.95751 g -1
562 88.37309 18.95000 55841.34498 21.65000 299 0.00499 1.97991 g -1
612 91.24686 26.15000 55841.34857 21.65000 299 0.00263 1.87565 g -1
814 113.33333 62.15000 55841.35215 21.65000 299 0.00942 2.00271 g -1
511 85.58463 11.75000 55841.35574 21.65000 299 0.00229 1.87141 g -1
706 106.08185 40.55000 55841.35933 21.65000 299 0.03065 2.05037 g -1
661 101.93721 33.35000 55841.36292 21.65000 299 0.00794 1.96181 g -1
783 114.82671 54.95000 55841.36651 21.65000 299 0.00967 2.01054 g -1
747 110.12762 47.75000 55841.37009 21.65000 299 0.00361 1.92091 g -1
512 92.56888 11.75000 55841.37368 21.65000 299 0.00290 1.89368 g -1
459 89.36968 4.55000 55841.37727 21.65000 299 0.00223 1.91465 g -1
662 109.79050 33.35000 55841.38086 21.65000 299 0.03531 2.02578 g -1
614 106.21029 26.15000 55841.38445 21.65000 299 0.01340 1.96603 g -1
748 119.55231 47.75000 55841.38803 21.65000 299 0.00902 2.03192 g -1
707 114.69867 40.55000 55841.39162 21.65000 299 0.00593 1.92129 g -1
1659 107.99550 29.75000 55841.39521 21.65000 299 0.00191 1.80170 g -1
1704 104.40156 36.95000 55841.39880 21.65000 299 0.00182 1.55850 g -1
615 113.69200 26.15000 55841.40239 21.65000 299 0.02976 2.01503 g -1
565 109.79245 18.95000 55841.40597 21.65000 299 0.02930 1.95143 g -1
663 117.64379 33.35000 55841.40956 21.65000 299 0.00750 1.91271 g -1
708 123.31548 40.55000 55841.41315 21.65000 299 0.00570 1.95533 g -1
1611 111.60116 22.55000 55841.41674 21.65000 299 0.00176 1.77949 g -1
566 116.84562 18.95000 55841.42033 21.65000 299 0.01176 2.04566 g -1
515 114.02378 11.75000 55841.42391 21.65000 299 0.02964 2.05582 g -1
462 110.14867 4.55000 55841.42750 21.65000 299 0.01205 2.04025 g -1
616 121.17371 26.15000 55841.43109 21.65000 299 0.00547 1.88188 g -1
664 125.49707 33.35000 55841.43468 21.65000 299 0.00226 1.86292 g -1
812 86.66667 62.15000 55841.43827 21.65000 299 0.00173 1.21505 g -1
567 123.89878 18.95000 55841.44185 21.65000 299 0.00245 2.00844 g -1
463 116.99044 4.55000 55841.44544 21.65000 299 0.01441 2.05936 g -1
516 121.29889 11.75000 55841.44903 21.65000 299 0.00396 1.96493 g -1
813 100.00000 62.15000 55841.45262 21.65000 299 0.00167 1.26296 g -1
412 114.26000 -2.65000 55841.45621 21.65000 299 0.01648 2.01588 g -1
784 125.75146 54.95000 55841.45979 21.65000 299 0.00160 1.47381 g -1
409 93.08173 -2.65000 55841.46338 21.65000 299 0.00150 1.39964 g -1
360 110.94883 -9.85000 55841.46697 21.65000 299 0.01103 2.01299 g -1
1561 115.10857 15.35000 55841.47056 21.65000 299 0.00147 1.43911 g -1
413 121.35000 -2.65000 55841.47415 21.65000 299 0.00234 2.04505 g -1
1745 99.77923 44.15000 55841.47773 21.65000 299 0.00142 1.10299 g -1
704 88.84822 40.55000 55841.48132 21.65000 299 0.00133 1.03650 g -1
309 107.85604 -17.05000 55841.48491 21.65000 299 0.00241 2.01384 g -1
361 118.01850 -9.85000 55841.48850 21.65000 299 0.00185 1.98548 g -1
514 106.74867 11.75000 55841.49208 21.65000 299 0.00132 1.22863 g -1
464 123.83222 4.55000 55841.49567 21.65000 299 0.00122 1.62572 g -1
559 66.62364 18.95000 55841.49926 21.65000 299 0.00116 1.05061 g -1
1509 111.88452 8.15000 55841.50285 21.65000 299 0.00116 1.28496 g -1
411 107.17000 -2.65000 55841.50644 21.65000 299 0.00115 1.38148 g -1
815 126.66667 62.15000 55841.51002 21.65000 299 0.00111 1.30672 g -1
871 100.00000 83.75000 55841.51361 21.65000 299 0.00109 1.57780 g -1
1783 93.19106 51.35000 55841.51720 21.65000 299 0.00107 1.05746 g -1
460 96.38056 4.55000 55841.52079 21.65000 299 0.00093 1.15839 g -1
698 37.42753 40.55000 55841.52438 21.65000 299 0.00093 1.30783 g -1
458 82.35880 4.55000 55841.52796 21.65000 299 0.00092 1.14812 g -1
557 52.12400 18.95000 55841.53155 21.65000 299 0.00091 1.24814 g -1
357 89.79104 -9.85000 55841.53514 21.65000 299 0.00089 1.37254 g -1
