796 257.79854 54.95000 56097.35273 21.65000 299 0.01599 1.11069 g -1
825 260.00000 62.15000 56097.35632 21.65000 299 0.01511 1.17039 g -1
848 265.71429 69.35000 56097.35991 21.65000 299 0.01468 1.25138 g -1
723 252.56770 40.55000 56097.36350 21.65000 299 0.01347 1.09771 g -1
762 253.59800 47.75000 56097.36708 21.65000 299 0.01313 1.11670 g -1
680 251.14964 33.35000 56097.37067 21.65000 299 0.01216 1.12933 g -1
865 276.00000 76.55000 56097.37426 21.65000 299 0.01192 1.37737 g -1
633 248.36286 26.15000 56097.37785 21.65000 299 0.01081 1.20809 g -1
584 245.31027 18.95000 56097.38144 21.65000 299 0.01013 1.32234 g -1
533 243.02578 11.75000 56097.38502 21.65000 299 0.00911 1.48369 g -1
481 240.14244 4.55000 56097.38861 21.65000 299 0.00815 1.75344 g -1
876 300.00000 83.75000 56097.39220 21.65000 299 0.00552 1.57153 g -1
826 273.33333 62.15000 56097.39579 21.65000 299 0.00372 1.17345 g -1
763 263.37269 47.75000 56097.39938 21.65000 299 0.00346 1.12857 g -1
877 340.00000 83.75000 56097.40296 21.65000 299 0.00276 1.63483 g -1
849 282.85714 69.35000 56097.40655 21.65000 299 0.00268 1.25104 g -1
866 300.00000 76.55000 56097.41014 21.65000 299 0.00227 1.37249 g -1
797 268.89602 54.95000 56097.41373 21.65000 299 0.00195 1.16184 g -1
869 20.00000 83.75000 56097.41732 21.65000 299 0.00182 1.77350 g -1
875 260.00000 83.75000 56097.42090 21.65000 299 0.00146 1.63119 g -1
864 252.00000 76.55000 56097.42449 21.65000 299 0.00118 1.52844 g -1
679 243.29636 33.35000 56097.42808 21.65000 299 0.00116 1.58434 g -1
724 261.18452 40.55000 56097.43167 21.65000 299 0.00114 1.24382 g -1
632 240.88114 26.15000 56097.43526 21.65000 299 0.00105 1.86291 g -1
1856 263.87953 65.75000 56097.43884 21.65000 299 0.00086 1.34630 g -1
1830 258.98986 58.55000 56097.44243 21.65000 299 0.00084 1.34975 g -1
1799 260.05956 51.35000 56097.44602 21.65000 299 0.00081 1.32745 g -1
1876 272.43831 72.95000 56097.44961 21.65000 299 0.00074 1.40567 g -1
1762 256.97954 44.15000 56097.45320 21.65000 299 0.00062 1.41442 g -1
847 248.57143 69.35000 56097.45678 21.65000 299 0.00061 1.58907 g -1
585 252.57882 18.95000 56097.46037 21.65000 299 0.00059 1.91568 g -1
1722 255.10475 36.95000 56097.46396 21.65000 299 0.00054 1.57894 g -1
722 243.95089 40.55000 56097.46755 21.65000 299 0.00053 1.93587 g -1
795 246.70105 54.95000 56097.47114 21.65000 299 0.00049 1.71853 g -1
634 255.84457 26.15000 56097.47472 21.65000 299 0.00042 1.83331 g -1
681 259.00293 33.35000 56097.47831 21.65000 299 0.00041 1.65324 g -1
429 234.79000 -2.65000 56098.17079 21.65000 299 0.00664 1.33311 g -1
480 233.30067 4.55000 56098.17438 21.65000 299 0.00156 1.20250 g -1
532 236.05067 11.75000 56098.17796 21.65000 299 0.00136 1.13756 g -1
377 231.13317 -9.85000 56098.18155 21.65000 299 0.00121 1.42083 g -1
430 241.88000 -2.65000 56098.18514 21.65000 299 0.00109 1.35217 g -1
583 238.04173 18.95000 56098.18873 21.65000 299 0.00091 1.07717 g -1
378 238.20283 -9.85000 56098.19231 21.65000 299 0.00067 1.44596 g -1
428 227.70000 -2.65000 56098.19590 21.65000 299 0.00058 1.24262 g -1
1579 241.34000 15.35000 56098.19949 21.65000 299 0.00040 1.09582 g -1
824 246.66667 62.15000 56098.20308 21.65000 299 0.00039 1.17788 g -1
534 250.00089 11.75000 56098.20667 21.65000 299 0.00038 1.16281 g -1
1891 284.39570 80.15000 56098.21025 21.65000 299 0.00037 1.61191 g -1
1677 245.86650 29.75000 56098.21384 21.65000 299 0.00037 1.03513 g -1
878 10.00000 88.00000 56098.21743 21.65000 299 0.00035 1.89458 g -1
482 246.98422 4.55000 56098.22102 21.65000 299 0.00035 1.18305 g -1
1629 243.46476 22.55000 56098.22461 21.65000 299 0.00033 1.03248 g -1
1475 240.97646 0.95000 56098.22819 21.65000 299 0.00031 1.19377 g -1
1678 253.52600 29.75000 56098.23178 21.65000 299 0.00027 1.04000 g -1
1423 237.35792 -6.25000 56098.23537 21.65000 299 0.00026 1.29881 g -1
761 243.82331 47.75000 56098.23896 21.65000 299 0.00025 1.03548 g -1
1527 237.63300 8.15000 56098.24255 21.65000 299 0.00024 1.10592 g -1
1422 230.41824 -6.25000 56098.24613 21.65000 299 0.00023 1.32043 g -1
1630 250.78086 22.55000 56098.24972 21.65000 299 0.00022 1.02814 g -1
1528 244.61500 8.15000 56098.25331 21.65000 299 0.00021 1.10589 g -1
1474 234.01554 0.95000 56098.25690 21.65000 299 0.00021 1.20418 g -1
479 226.45889 4.55000 56098.26049 21.65000 299 0.00021 1.20516 g -1
867 324.00000 76.55000 56098.26407 21.65000 299 0.00018 1.72824 g -1
874 220.00000 83.75000 56098.26766 21.65000 299 0.00018 1.59490 g -1
1721 246.63237 36.95000 56098.27125 21.65000 299 0.00016 1.00281 g -1
1580 248.35286 15.35000 56098.27484 21.65000 299 0.00016 1.05246 g -1
796 257.79854 54.95000 56098.27553 21.65000 299 0.01599 1.07915 r -1
825 260.00000 62.15000 56098.27912 21.65000 299 0.01511 1.14538 r -1
848 265.71429 69.35000 56098.28271 21.65000 299 0.01468 1.24567 r -1
723 252.56770 40.55000 56098.28630 21.65000 299 0.01347 1.00846 r -1
762 253.59800 47.75000 56098.28988 21.65000 299 0.01313 1.03299 r -1
680 251.14964 33.35000 56098.29347 21.65000 299 0.01216 1.00438 r -1
865 276.00000 76.55000 56098.29706 21.65000 299 0.01192 1.38783 r -1
633 248.36286 26.15000 56098.30065 21.65000 299 0.01081 1.02430 r -1
584 245.31027 18.95000 56098.30424 21.65000 299 0.01013 1.06677 r -1
533 243.02578 11.75000 56098.30782 21.65000 299 0.00911 1.13409 r -1
481 240.14244 4.55000 56098.31141 21.65000 299 0.00815 1.24246 r -1
429 234.79000 -2.65000 56098.31500 21.65000 299 0.00664 1.44269 r -1
876 300.00000 83.75000 56098.31859 21.65000 299 0.00552 1.60629 r -1
826 273.33333 62.15000 56098.32218 21.65000 299 0.00372 1.14334 r -1
763 263.37269 47.75000 56098.32576 21.65000 299 0.00346 1.03553 r -1
877 340.00000 83.75000 56098.32935 21.65000 299 0.00276 1.72886 r -1
849 282.85714 69.35000 56098.33294 21.65000 299 0.00268 1.24442 r -1
866 300.00000 76.55000 56098.33653 21.65000 299 0.00227 1.41249 r -1
797 268.89602 54.95000 56098.34012 21.65000 299 0.00195 1.07809 r -1
869 20.00000 83.75000 56098.34370 21.65000 299 0.00182 1.90842 r -1
480 233.30067 4.55000 56098.34729 21.65000 299 0.00156 1.54853 r -1
875 260.00000 83.75000 56098.35088 21.65000 299 0.00146 1.58034 r -1
