0.1800076505 3.0839844013e-02 48.0495611883
0.1835956135 5.8698438000e-02 95.1024611730
0.1871835764 8.2190914015e-02 141.9455377463
0.1907715394 1.0029973799e-01 189.1558052895
0.1943595024 1.1706210188e-01 236.2611611269
0.1979474653 1.3879168562e-01 283.4189728172
0.2015354283 1.5022003422e-01 331.2062547415
0.2051233913 1.6039555091e-01 377.7345961979
0.2087113542 1.6977460393e-01 425.6267898277
0.2122993172 1.7872770719e-01 472.6796898124
0.2158872802 1.8523896277e-01 519.8899573555
0.2194752431 1.9180387192e-01 566.1560195478
0.2230632061 1.9784383226e-01 613.1564636796
0.2266511691 2.0327462184e-01 660.2093636642
0.2302391320 2.0820511945e-01 707.5245429130
0.2338270950 2.1183326949e-01 754.5249870448
0.2374150580 2.1476094434e-01 801.1057843541
0.2410030209 2.1898852864e-01 847.3718465463
0.2445909839 2.2140304674e-01 894.2149231197
0.2481789469 2.2374621875e-01 941.3727348100
0.2517669098 2.2572984140e-01 987.4814294438
0.2553548728 2.2765052164e-01 1034.1146826058
0.2589428357 2.2932437638e-01 1081.4823177074
0.2625307987 2.3102716668e-01 1084.1051103487
0.2661187617 2.3271306790e-01 1087.7245641937
0.2697067246 2.3397089846e-01 1089.7703424539
0.2732946876 2.3519107421e-01 1093.4422521517
0.2768826506 2.3630765685e-01 1141.2295340759
0.2804706135 2.3729783075e-01 1143.5375916002
0.2840585765 2.3810591131e-01 1146.3702076528
0.2876465395 2.3889830554e-01 1148.9405444413
0.2912345024 2.3965062788e-01 1151.4584253769
0.2948224654 2.4034621884e-01 1197.7769434220
0.2984104284 2.4087318844e-01 1243.5709029388
0.3019983913 2.4144613705e-01 1246.1412397273
0.3055863543 2.4183636675e-01 1293.4564189761
0.3091743173 2.4217934728e-01 1295.5021972363
0.3127622802 2.4251418657e-01 1340.7191423720
0.3163502432 2.4283828595e-01 1387.9818657680
0.3199382062 2.4331059981e-01 1434.2479279602
0.4813965396 2.4450358216e-01 1482.0352098844
0.4849845025 2.4726472003e-01 1529.4028449860
0.4885724655 2.5174661463e-01 1576.0885540009
0.4921604285 2.5503632914e-01 1623.4561891025
0.4957483914 2.6248269395e-01 1671.1910151739
0.4993363544 2.6443257129e-01 1718.3488268642
0.5029243174 2.7929685867e-01 1764.0903305282
0.5065122803 2.9193281260e-01 1811.3005980713
0.5101002433 3.0972932767e-01 1856.3601756486
0.5136882063 3.2306266127e-01 1902.2065910183
0.5172761692 3.3391717079e-01 1949.5217702671
0.5208641322 3.4933878590e-01 1996.5746702517
0.5244520952 3.6990499875e-01 2042.0014387988
0.5280400581 3.7925448001e-01 2089.6313531645
0.5316280211 3.8692432695e-01 2136.6842531492
0.5352159840 3.8789871721e-01 2183.6846972810
0.5388039470 3.9287993192e-01 2229.3212892393
0.5423919100 3.9855891922e-01 2276.3741892240
0.5459798729 3.9921334580e-01 2278.5773350427
0.5495678359 4.0008093069e-01 2281.4624069481
0.5531557989 4.0068854741e-01 2283.5081852083
0.5567437618 4.0119252063e-01 2285.8686985854
0.5603317248 4.0343117619e-01 2292.7404153056
0.5639196878 4.0377997717e-01 2339.7933152903
0.5646141322 4.0377997717e-01 2339.7933152903
0.5682020952 4.0377997717e-01 2339.7933152903
0.5717900581 4.0377997717e-01 2339.7933152903
0.5753780211 4.0377997717e-01 2339.7933152903
0.5789659841 4.0377997717e-01 2339.7933152903
0.5825539470 4.0377997717e-01 2339.7933152903
0.5861419100 4.0377997717e-01 2339.7933152903
0.5897298730 4.0377997717e-01 2339.7933152903
0.5933178359 4.0377997717e-01 2339.7933152903
0.5969057989 4.0377997717e-01 2339.7933152903
0.6004937619 4.0377997717e-01 2339.7933152903
0.6040817248 4.0377997717e-01 2339.7933152903
0.6076696878 4.0377997717e-01 2339.7933152903
0.6112576508 4.0377997717e-01 2339.7933152903
0.6148456137 4.0377997717e-01 2339.7933152903
0.6184335767 4.0377997717e-01 2339.7933152903
0.6220215397 4.0377997717e-01 2339.7933152903
0.6256095026 4.0377997717e-01 2339.7933152903
0.6291974656 4.0377997717e-01 2339.7933152903
0.6327854285 4.0377997717e-01 2339.7933152903
0.6363733915 4.0377997717e-01 2339.7933152903
0.6399613545 4.0377997717e-01 2339.7933152903
0.6435493174 4.0377997717e-01 2339.7933152903
0.6471372804 4.0377997717e-01 2339.7933152903
