0.0000000000 3.4333808023e-02 47.0528999847
0.0035879630 1.5867099404e-01 94.1057999693
0.0071759259 1.8268264303e-01 141.1586999540
0.0107638889 5.0066507759e-01 188.3165116443
0.0143518519 5.3224793387e-01 199.5945200018
0.0179398148 6.9642573835e-01 224.6159617996
0.0215277778 8.2218952942e-01 258.8696336948
0.0251157408 8.3551166977e-01 305.9225336795
0.0287037037 8.4939960916e-01 345.1595115931
0.0322916667 8.6488634447e-01 392.1599557249
0.0358796296 9.0978653096e-01 417.0240299643
0.0394675926 9.3795976526e-01 456.0511844666
0.0574074074 9.4423495052e-01 494.1865894709
0.0581018519 9.4423495052e-01 494.1865894709
0.0616898149 9.4423495052e-01 494.1865894709
0.0652777778 9.4423495052e-01 494.1865894709
0.0688657408 9.4423495052e-01 494.1865894709
0.0724537037 9.4423495052e-01 494.1865894709
0.0760416667 9.4423495052e-01 494.1865894709
0.0796296297 9.4423495052e-01 494.1865894709
0.0832175926 9.4423495052e-01 494.1865894709
0.0868055556 9.4423495052e-01 494.1865894709
0.0903935186 9.4423495052e-01 494.1865894709
0.0939814815 9.4423495052e-01 494.1865894709
0.0975694445 9.4423495052e-01 494.1865894709
0.1011574075 9.4423495052e-01 494.1865894709
