0.3002541829 2.1036949231e-02 46.6857090149
0.3038421459 3.7831002989e-02 93.5812414410
0.3074301088 4.7407308669e-02 141.3685233653
0.3110180718 5.4699511904e-02 187.4772179990
0.3146060348 6.0909720658e-02 235.2644999233
0.3181939977 6.6746734452e-02 282.9468701418
0.3217819607 7.1963060570e-02 328.0589035719
0.3253699237 7.6737584398e-02 375.8461854961
0.3289578866 8.1102260861e-02 423.6334674203
0.3325458496 8.5298710842e-02 471.0011025219
0.3361338126 8.8663421603e-02 517.9490908009
0.3397217755 9.1867107470e-02 565.1069024912
0.3433097385 9.3978121613e-02 612.3171700344
0.3468977014 9.5928653770e-02 659.5274375775
0.3504856644 9.7722977760e-02 706.3705141508
0.3540736274 9.9145142648e-02 749.1744900566
0.3576615903 1.0029790881e-01 794.4438910452
0.3612495533 1.0157128344e-01 841.6541585883
0.3648375163 1.0260692953e-01 889.5463522182
0.3684254792 1.0362527309e-01 935.6025909991
0.3720134422 1.0455669656e-01 982.6030351310
0.3756014052 1.0548595152e-01 1029.6559351156
0.3791893681 1.0635351269e-01 1076.8137468059
0.3827773311 1.0714304871e-01 1124.8633079943
0.3863652941 1.0855280685e-01 1171.4441053035
0.3899532570 1.0932577226e-01 1218.4445494353
0.3935412200 1.1011262761e-01 1221.3296213407
0.3971291830 1.1087030395e-01 1266.4416547708
0.4007171459 1.1158578000e-01 1313.2847313442
0.4043051089 1.1226685416e-01 1315.5927888685
0.4078930719 1.1290074851e-01 1317.9533022457
0.4114810348 1.1349210278e-01 1320.1564480643
0.4150689978 1.1406487884e-01 1367.2093480490
0.4186569607 1.1462645300e-01 1414.5245272978
0.4222449237 1.1549838287e-01 1461.3151480183
0.4258328867 1.1906121223e-01 1507.3189309464
0.4294208496 1.1945286558e-01 1509.5220767651
0.4330088126 1.1983472834e-01 1556.4700650441
0.4365967756 1.2268142473e-01 1603.6803325872
0.4401847385 1.2303673599e-01 1606.2506693757
0.4437727015 1.2354494610e-01 1610.6045051602
0.4473606645 1.2384669762e-01 1657.6574051449
0.4509486274 1.2415676154e-01 1703.9759231900
0.4545365904 1.2443560328e-01 1751.0288231746
0.4581245534 1.2596538507e-01 1797.2424295141
0.4617125163 1.2622277460e-01 1843.5084917063
0.4653004793 1.2645391536e-01 1890.7712151023
0.4688884423 1.2665375709e-01 1893.0268167738
0.4724764052 1.2688273504e-01 1940.1846284641
0.4760643682 1.2709417492e-01 1985.8736762753
0.4796523312 1.2730721402e-01 1988.2341896524
0.6446986275 1.2754126353e-01 2035.2870896371
0.6453930720 1.2754126353e-01 2035.2870896371
