0.6561052016 2.0147555138e-03 47.0528999847
0.6776329794 1.1305974078e-02 87.8110976302
0.6883968683 2.8703438471e-02 115.5077879222
0.6919848312 3.3632197861e-02 147.1911230289
0.7063366831 3.3645110128e-02 175.3599159963
0.7135126090 4.6078356261e-02 214.2821587930
0.7242764979 7.0051132527e-02 238.4118510928
0.7422163127 1.8974853491e-01 262.6464550983
0.7637440905 2.3355849283e-01 290.5005129487
0.7852718683 6.3732968641e-01 333.5143122658
0.7859663128 6.3732968641e-01 333.5143122658
0.7895542757 6.3732968641e-01 333.5143122658
0.7931422387 6.3732968641e-01 333.5143122658
0.7967302017 6.3732968641e-01 333.5143122658
0.8003181646 6.3732968641e-01 333.5143122658
0.8039061276 6.3732968641e-01 333.5143122658
0.8074940905 6.3732968641e-01 333.5143122658
0.8110820535 6.3732968641e-01 333.5143122658
0.8146700165 6.3732968641e-01 333.5143122658
0.8182579794 6.3732968641e-01 333.5143122658
