639 293.25314 26.15000 56141.21178 21.65000 299 0.04602 1.07121 g -1
589 281.65302 18.95000 56141.21536 21.65000 299 0.04401 1.04514 g -1
638 285.77143 26.15000 56141.21895 21.65000 299 0.04272 1.02702 g -1
686 298.26936 33.35000 56141.22254 21.65000 299 0.04038 1.06381 g -1
687 306.08789 33.35000 56141.22613 21.65000 299 0.03934 1.10652 g -1
537 270.92622 11.75000 56141.22972 21.65000 299 0.03261 1.08070 g -1
640 300.75680 26.15000 56141.23330 21.65000 299 0.02967 1.06965 g -1
588 274.38447 18.95000 56141.23689 21.65000 299 0.02952 1.03579 g -1
590 288.92157 18.95000 56141.24048 21.65000 299 0.02732 1.04087 g -1
538 277.90133 11.75000 56141.24407 21.65000 299 0.02719 1.07800 g -1
688 313.87167 33.35000 56141.24766 21.65000 299 0.02697 1.10664 g -1
485 267.50956 4.55000 56141.25124 21.65000 299 0.02625 1.19158 g -1
685 290.41607 33.35000 56141.25483 21.65000 299 0.02259 1.00208 g -1
730 312.82187 40.55000 56141.25842 21.65000 299 0.02005 1.07518 g -1
433 263.15000 -2.65000 56141.26201 21.65000 299 0.01928 1.37304 g -1
731 321.31160 40.55000 56141.26560 21.65000 299 0.01803 1.11247 g -1
637 278.28971 26.15000 56141.26918 21.65000 299 0.01648 1.02745 g -1
689 321.65544 33.35000 56141.27277 21.65000 299 0.01593 1.09724 g -1
484 260.66778 4.55000 56141.27636 21.65000 299 0.01565 1.34885 g -1
641 308.28240 26.15000 56141.27995 21.65000 299 0.01563 1.02851 g -1
486 274.35133 4.55000 56141.28354 21.65000 299 0.01471 1.22567 g -1
729 304.26859 40.55000 56141.28712 21.65000 299 0.01429 1.01234 g -1
381 259.41183 -9.85000 56141.29071 21.65000 299 0.01330 1.84838 g -1
432 256.06000 -2.65000 56141.29430 21.65000 299 0.01273 1.74442 g -1
732 329.74300 40.55000 56141.29789 21.65000 299 0.01236 1.09097 g -1
536 263.95111 11.75000 56141.30147 21.65000 299 0.01227 1.33549 g -1
591 296.12691 18.95000 56141.30506 21.65000 299 0.01194 1.04051 g -1
539 284.87644 11.75000 56141.30865 21.65000 299 0.01138 1.13894 g -1
690 329.43922 33.35000 56141.31224 21.65000 299 0.00933 1.05732 g -1
434 270.24000 -2.65000 56141.31583 21.65000 299 0.00910 1.57591 g -1
642 315.80800 26.15000 56141.31941 21.65000 299 0.00809 1.01279 g -1
733 338.17440 40.55000 56141.32300 21.65000 299 0.00695 1.08713 g -1
587 267.11592 18.95000 56141.32659 21.65000 299 0.00620 1.35231 g -1
691 337.22300 33.35000 56141.33018 21.65000 299 0.00606 1.06446 g -1
592 303.37673 18.95000 56141.33377 21.65000 299 0.00568 1.04822 g -1
487 281.19311 4.55000 56141.33735 21.65000 299 0.00548 1.37074 g -1
684 282.56279 33.35000 56141.34094 21.65000 299 0.00528 1.13999 g -1
540 291.93112 11.75000 56141.34453 21.65000 299 0.00515 1.18403 g -1
728 295.65178 40.55000 56141.34812 21.65000 299 0.00513 1.06713 g -1
692 345.00678 33.35000 56141.35171 21.65000 299 0.00455 1.06456 g -1
643 323.33360 26.15000 56141.35529 21.65000 299 0.00428 1.00797 g -1
502 22.72637 11.75000 56141.35888 21.65000 299 0.00403 1.88324 g -1
488 288.11944 4.55000 56141.36247 21.65000 299 0.00364 1.40549 g -1
552 15.87491 18.95000 56141.36606 21.65000 299 0.00340 1.45115 g -1
593 310.62655 18.95000 56141.36965 21.65000 299 0.00334 1.06939 g -1
450 26.27176 4.55000 56141.37323 21.65000 299 0.00425 2.03831 g -1
693 352.79056 33.35000 56141.37682 21.65000 299 0.00329 1.05760 g -1
541 298.91537 11.75000 56141.38041 21.65000 299 0.00315 1.24556 g -1
734 346.60580 40.55000 56141.38400 21.65000 299 0.00300 1.02764 g -1
489 295.13032 4.55000 56141.38759 21.65000 299 0.00281 1.44239 g -1
501 15.74212 11.75000 56141.39117 21.65000 299 0.00281 1.36316 g -1
449 19.26088 4.55000 56141.39476 21.65000 299 0.00255 1.52631 g -1
400 29.82212 -2.65000 56141.39835 21.65000 299 0.00348 2.04820 g -1
1684 299.48300 29.75000 56141.40194 21.65000 299 0.00239 1.20240 g -1
601 8.48720 26.15000 56141.40553 21.65000 299 0.00235 1.10660 g -1
1635 287.36264 22.55000 56141.40911 21.65000 299 0.00234 1.51274 g -1
1683 291.82350 29.75000 56141.41270 21.65000 299 0.00229 1.37395 g -1
399 22.79327 -2.65000 56141.41629 21.65000 299 0.00227 1.59298 g -1
644 330.85920 26.15000 56141.41988 21.65000 299 0.00227 1.03332 g -1
648 0.57433 33.35000 56141.42347 21.65000 299 0.00213 1.02039 g -1
348 26.34837 -9.85000 56141.42705 21.65000 299 0.00210 1.80751 g -1
349 33.39756 -9.85000 56141.43064 21.65000 299 0.00257 2.00440 g -1
594 317.87636 18.95000 56141.43423 21.65000 299 0.00208 1.18692 g -1
600 0.96160 26.15000 56141.43782 21.65000 299 0.00205 1.01717 g -1
551 8.62509 18.95000 56141.44141 21.65000 299 0.00193 1.06295 g -1
298 29.95482 -17.05000 56141.44499 21.65000 299 0.00205 2.03675 g -1
542 305.89962 11.75000 56141.44858 21.65000 299 0.00182 1.56758 g -1
769 322.06455 47.75000 56141.45217 21.65000 299 0.00171 1.15477 g -1
490 302.14120 4.55000 56141.45576 21.65000 299 0.00163 1.97851 g -1
1729 313.57950 36.95000 56141.45935 21.65000 299 0.00152 1.26209 g -1
1728 305.19800 36.95000 56141.46293 21.65000 299 0.00152 1.41899 g -1
1685 307.14268 29.75000 56141.46652 21.65000 299 0.00148 1.45702 g -1
299 37.03675 -17.05000 56141.47011 21.65000 299 0.00145 1.97414 g -1
553 23.12473 18.95000 56141.47370 21.65000 299 0.00137 1.07591 g -1
768 312.24615 47.75000 56141.47729 21.65000 299 0.00119 1.35753 g -1
647 353.43600 26.15000 56141.48087 21.65000 299 0.00118 1.03132 g -1
602 16.01280 26.15000 56141.48446 21.65000 299 0.00111 1.01381 g -1
1730 321.96100 36.95000 56141.48805 21.65000 299 0.00109 1.28953 g -1
770 332.10164 47.75000 56141.49164 21.65000 299 0.00108 1.18896 g -1
1686 314.80237 29.75000 56141.49522 21.65000 299 0.00080 1.52007 g -1
1731 330.34250 36.95000 56141.49881 21.65000 299 0.00068 1.22979 g -1
380 252.34217 -9.85000 56142.15729 21.65000 299 0.01020 1.37248 g -1
330 255.52626 -17.05000 56142.16088 21.65000 299 0.00820 1.57149 g -1
329 248.49557 -17.05000 56142.16447 21.65000 299 0.00632 1.58000 g -1
382 266.48150 -9.85000 56142.16806 21.65000 299 0.00560 1.40043 g -1
331 262.55696 -17.05000 56142.17165 21.65000 299 0.00368 1.57897 g -1
435 277.33000 -2.65000 56142.17523 21.65000 299 0.00287 1.31063 g -1
483 253.82600 4.55000 56142.17882 21.65000 299 0.00236 1.14676 g -1
279 250.53343 -24.25000 56142.18241 21.65000 299 0.00213 1.91100 g -1
436 284.38942 -2.65000 56142.18600 21.65000 299 0.00207 1.33917 g -1
636 270.80800 26.15000 56142.18959 21.65000 299 0.00205 1.01432 g -1
280 257.81886 -24.25000 56142.19317 21.65000 299 0.00192 1.88636 g -1
1584 276.45906 15.35000 56142.19676 21.65000 299 0.00191 1.06646 g -1
1634 280.04629 22.55000 56142.20035 21.65000 299 0.00187 1.03809 g -1
379 245.27250 -9.85000 56142.20394 21.65000 299 0.00176 1.51161 g -1
431 248.97000 -2.65000 56142.20753 21.65000 299 0.00174 1.32647 g -1
383 273.55117 -9.85000 56142.21111 21.65000 299 0.00159 1.37316 g -1
