359 103.88941 -9.85000 55933.41031 21.65000 299 0.01445 1.68222 g -1
309 107.85604 -17.05000 55933.41390 21.65000 299 0.01338 1.89975 g -1
410 100.11058 -2.65000 55933.41749 21.65000 299 0.01160 1.61859 g -1
409 93.08173 -2.65000 55933.42108 21.65000 299 0.00987 1.87191 g -1
460 96.38056 4.55000 55933.42466 21.65000 299 0.00751 1.60411 g -1
1403 98.58206 -6.25000 55933.42825 21.65000 299 0.00118 1.89584 g -1
1454 94.80697 0.95000 55933.43184 21.65000 299 0.00076 1.83298 g -1
310 114.91235 -17.05000 55933.43543 21.65000 299 0.00056 1.91873 g -1
360 110.94883 -9.85000 55933.43902 21.65000 299 0.00048 1.76282 g -1
411 107.17000 -2.65000 55933.44260 21.65000 299 0.00031 1.67018 g -1
1404 105.50400 -6.25000 55933.44619 21.65000 299 0.00021 1.87992 g -1
739 32.32418 47.75000 55934.07972 21.65000 299 0.02038 1.04987 g -1
771 342.13873 47.75000 55934.08331 21.65000 299 0.01783 1.17646 g -1
772 352.17582 47.75000 55934.08690 21.65000 299 0.01513 1.11447 g -1
733 338.17440 40.55000 55934.09049 21.65000 299 0.01422 1.23377 g -1
732 329.74300 40.55000 55934.09407 21.65000 299 0.01302 1.37191 g -1
736 2.21291 47.75000 55934.09766 21.65000 299 0.00947 1.08249 g -1
775 28.13537 54.95000 55934.10125 21.65000 299 0.00912 1.07620 g -1
740 42.36127 47.75000 55934.10484 21.65000 299 0.00729 1.05243 g -1
773 6.95487 54.95000 55934.10843 21.65000 299 0.00667 1.11840 g -1
774 17.54512 54.95000 55934.11201 21.65000 299 0.00526 1.08995 g -1
737 12.25000 47.75000 55934.11560 21.65000 299 0.00483 1.06786 g -1
805 356.36462 54.95000 55934.11919 21.65000 299 0.00393 1.19776 g -1
698 37.42753 40.55000 55934.12278 21.65000 299 0.00350 1.00907 g -1
770 332.10164 47.75000 55934.12637 21.65000 299 0.00320 1.52034 g -1
738 22.28709 47.75000 55934.12995 21.65000 299 0.00316 1.05222 g -1
776 38.72562 54.95000 55934.13354 21.65000 299 0.00180 1.07594 g -1
734 346.60580 40.55000 55934.13713 21.65000 299 0.00155 1.34983 g -1
1771 340.05646 44.15000 55934.14072 21.65000 299 0.00154 1.47851 g -1
458 82.35880 4.55000 55934.14431 21.65000 299 0.00143 1.47416 g -1
1777 32.08880 51.35000 55934.14789 21.65000 299 0.00123 1.06286 g -1
609 68.69200 26.15000 55934.15148 21.65000 299 0.00119 1.07901 g -1
1774 2.41694 51.35000 55934.15507 21.65000 299 0.00101 1.23812 g -1
804 345.77437 54.95000 55934.15866 21.65000 299 0.00098 1.47220 g -1
699 45.97560 40.55000 55934.16225 21.65000 299 0.00091 1.00865 g -1
657 70.62833 33.35000 55934.16583 21.65000 299 0.00076 1.04798 g -1
408 86.05288 -2.65000 55934.16942 21.65000 299 0.00060 1.51873 g -1
358 96.84022 -9.85000 55934.17301 21.65000 299 0.00903 2.02678 g -1
1738 35.24538 44.15000 55934.17660 21.65000 299 0.00051 1.05097 g -1
1808 352.41120 51.35000 55934.18019 21.65000 299 0.00049 1.49330 g -1
357 89.79104 -9.85000 55934.18377 21.65000 299 0.00046 1.68884 g -1
1775 12.04202 51.35000 55934.18736 21.65000 299 0.00044 1.25812 g -1
1776 22.08339 51.35000 55934.19095 21.65000 299 0.00044 1.18037 g -1
656 62.84456 33.35000 55934.19454 21.65000 299 0.00039 1.00079 g -1
700 54.52367 40.55000 55934.19813 21.65000 299 0.00036 1.01269 g -1
1351 102.43379 -13.45000 55934.20171 21.65000 299 0.00100 2.01118 g -1
741 52.39836 47.75000 55934.20530 21.65000 299 0.00031 1.04495 g -1
701 63.07173 40.55000 55934.20889 21.65000 299 0.00030 1.00849 g -1
308 100.77411 -17.05000 55934.21248 21.65000 299 0.00466 2.00120 g -1
1772 349.29702 44.15000 55934.21607 21.65000 299 0.00029 1.99504 g -1
735 355.03720 40.55000 55934.21965 21.65000 299 0.00028 1.88466 g -1
1402 91.79495 -6.25000 55934.22324 21.65000 299 0.00022 1.40084 g -1
560 73.87345 18.95000 55934.24118 21.65000 299 0.00252 1.03361 g -1
1302 113.51500 -20.65000 55934.26630 21.65000 299 0.00022 2.00224 g -1
260 112.05646 -24.25000 55934.28782 21.65000 299 0.00050 2.01100 g -1
739 32.32418 47.75000 55934.28852 21.65000 299 0.02038 1.48556 r -1
359 103.88941 -9.85000 55934.29211 21.65000 299 0.01445 1.38958 r -1
309 107.85604 -17.05000 55934.29570 21.65000 299 0.01338 1.60789 r -1
410 100.11058 -2.65000 55934.29928 21.65000 299 0.01160 1.23727 r -1
409 93.08173 -2.65000 55934.30287 21.65000 299 0.00987 1.24373 r -1
775 28.13537 54.95000 55934.30646 21.65000 299 0.00912 1.67942 r -1
358 96.84022 -9.85000 55934.31005 21.65000 299 0.00903 1.37816 r -1
740 42.36127 47.75000 55934.31363 21.65000 299 0.00729 1.46721 r -1
308 100.77411 -17.05000 55934.31722 21.65000 299 0.00466 1.57360 r -1
698 37.42753 40.55000 55934.32081 21.65000 299 0.00350 1.68764 r -1
560 73.87345 18.95000 55934.32440 21.65000 299 0.00252 1.19028 r -1
776 38.72562 54.95000 55934.32799 21.65000 299 0.00180 1.61854 r -1
458 82.35880 4.55000 55934.33157 21.65000 299 0.00143 1.27580 r -1
1777 32.08880 51.35000 55934.33516 21.65000 299 0.00123 1.88300 r -1
609 68.69200 26.15000 55934.33875 21.65000 299 0.00119 1.27171 r -1
1403 98.58206 -6.25000 55934.34234 21.65000 299 0.00118 1.34726 r -1
1351 102.43379 -13.45000 55934.34593 21.65000 299 0.00100 1.50300 r -1
699 45.97560 40.55000 55934.34951 21.65000 299 0.00091 1.74267 r -1
657 70.62833 33.35000 55934.35310 21.65000 299 0.00076 1.28105 r -1
1454 94.80697 0.95000 55934.35669 21.65000 299 0.00076 1.29421 r -1
408 86.05288 -2.65000 55934.36028 21.65000 299 0.00060 1.49963 r -1
310 114.91235 -17.05000 55934.36387 21.65000 299 0.00056 1.58235 r -1
260 112.05646 -24.25000 55934.36745 21.65000 299 0.00050 1.91402 r -1
360 110.94883 -9.85000 55934.37104 21.65000 299 0.00048 1.41304 r -1
357 89.79104 -9.85000 55934.37463 21.65000 299 0.00046 1.73367 r -1
656 62.84456 33.35000 55934.37822 21.65000 299 0.00039 1.63167 r -1
700 54.52367 40.55000 55934.38181 21.65000 299 0.00036 1.84772 r -1
741 52.39836 47.75000 55934.38539 21.65000 299 0.00031 1.86094 r -1
411 107.17000 -2.65000 55934.38898 21.65000 299 0.00031 1.34889 r -1
701 63.07173 40.55000 55934.39257 21.65000 299 0.00030 1.69499 r -1
1302 113.51500 -20.65000 55934.39616 21.65000 299 0.00022 1.84264 r -1
1402 91.79495 -6.25000 55934.39975 21.65000 299 0.00022 1.80909 r -1
1404 105.50400 -6.25000 55934.40333 21.65000 299 0.00021 1.51806 r -1
