819 180.00000 62.15000 56147.15349 21.65000 299 0.00677 1.70903 g -1
843 180.00000 69.35000 56147.15707 21.65000 299 0.00364 1.71585 g -1
861 180.00000 76.55000 56147.16066 21.65000 299 0.00148 1.73746 g -1
756 194.94985 47.75000 56147.16425 21.65000 299 0.00145 1.53630 g -1
716 192.25000 40.55000 56147.16784 21.65000 299 0.00141 1.68757 g -1
789 180.37888 54.95000 56147.17143 21.65000 299 0.00118 1.91686 g -1
791 202.40112 54.95000 56147.17501 21.65000 299 0.00086 1.46004 g -1
821 206.66667 62.15000 56147.17860 21.65000 299 0.00084 1.43986 g -1
790 191.39000 54.95000 56147.18219 21.65000 299 0.00076 1.72437 g -1
820 193.33333 62.15000 56147.18578 21.65000 299 0.00073 1.67796 g -1
844 197.14286 69.35000 56147.18937 21.65000 299 0.00071 1.64013 g -1
869 20.00000 83.75000 56147.19295 21.65000 299 0.00056 1.94258 g -1
854 12.00000 76.55000 56147.19654 21.65000 299 0.00152 2.01134 g -1
862 204.00000 76.55000 56147.20013 21.65000 299 0.00056 1.64767 g -1
873 180.00000 83.75000 56147.20372 21.65000 299 0.00054 1.84859 g -1
833 8.57143 69.35000 56147.20731 21.65000 299 0.00080 2.02112 g -1
851 317.14286 69.35000 56147.21089 21.65000 299 0.00053 1.35800 g -1
757 204.72454 47.75000 56147.21448 21.65000 299 0.00046 1.74031 g -1
822 220.00000 62.15000 56147.21807 21.65000 299 0.00044 1.45127 g -1
868 348.00000 76.55000 56147.22166 21.65000 299 0.00043 1.64712 g -1
845 214.28571 69.35000 56147.22525 21.65000 299 0.00033 1.58820 g -1
867 324.00000 76.55000 56147.22883 21.65000 299 0.00032 1.47041 g -1
792 213.41224 54.95000 56147.23242 21.65000 299 0.00031 1.63732 g -1
850 300.00000 69.35000 56147.23601 21.65000 299 0.00023 1.25163 g -1
863 228.00000 76.55000 56147.23960 21.65000 299 0.00023 1.57179 g -1
846 231.42857 69.35000 56147.24319 21.65000 299 0.00022 1.47547 g -1
852 334.28571 69.35000 56147.24677 21.65000 299 0.00022 1.38608 g -1
874 220.00000 83.75000 56147.25036 21.65000 299 0.00018 1.73360 g -1
834 25.71429 69.35000 56147.25754 21.65000 299 0.00306 2.00179 g -1
855 36.00000 76.55000 56147.26471 21.65000 299 0.00211 2.00487 g -1
808 33.33333 62.15000 56147.28983 21.65000 299 0.00067 2.02506 g -1
1841 38.87953 65.75000 56147.30059 21.65000 299 0.00030 2.00816 g -1
835 42.85714 69.35000 56147.30418 21.65000 299 0.00356 2.00915 g -1
652 31.70944 33.35000 56147.32571 21.65000 299 0.00039 2.03404 g -1
809 46.66667 62.15000 56147.32930 21.65000 299 0.00291 2.00066 g -1
856 60.00000 76.55000 56147.33288 21.65000 299 0.00079 1.99816 g -1
698 37.42753 40.55000 56147.33647 21.65000 299 0.00058 1.96114 g -1
740 42.36127 47.75000 56147.34006 21.65000 299 0.00027 1.97292 g -1
777 49.31587 54.95000 56147.34724 21.65000 299 0.01216 2.00381 g -1
653 39.49322 33.35000 56147.35082 21.65000 299 0.00592 1.97423 g -1
836 60.00000 69.35000 56147.35441 21.65000 299 0.00178 1.98976 g -1
699 45.97560 40.55000 56147.35800 21.65000 299 0.00159 1.99423 g -1
1813 54.98986 58.55000 56147.36159 21.65000 299 0.00042 1.96224 g -1
741 52.39836 47.75000 56147.36518 21.65000 299 0.00198 2.01055 g -1
654 47.27700 33.35000 56147.36876 21.65000 299 0.00760 2.03595 g -1
810 60.00000 62.15000 56147.37235 21.65000 299 0.00146 1.94295 g -1
778 60.11656 54.95000 56147.37594 21.65000 299 0.01750 2.01910 g -1
606 46.11520 26.15000 56147.37953 21.65000 299 0.00934 1.96787 g -1
700 54.52367 40.55000 56147.38312 21.65000 299 0.00107 1.97263 g -1
1651 46.71858 29.75000 56147.38670 21.65000 299 0.00046 1.80756 g -1
742 62.43545 47.75000 56147.39029 21.65000 299 0.00339 2.04972 g -1
655 55.06078 33.35000 56147.39388 21.65000 299 0.00099 1.97600 g -1
607 53.64080 26.15000 56147.39747 21.65000 299 0.00178 2.01936 g -1
811 73.33333 62.15000 56147.40106 21.65000 299 0.00039 2.02282 g -1
779 71.12768 54.95000 56147.40464 21.65000 299 0.00525 2.04185 g -1
557 52.12400 18.95000 56147.40823 21.65000 299 0.00437 1.94557 g -1
506 50.66337 11.75000 56147.41182 21.65000 299 0.00983 2.02208 g -1
453 47.30440 4.55000 56147.41541 21.65000 299 0.01075 2.03357 g -1
743 72.25385 47.75000 56147.41900 21.65000 299 0.00464 2.02822 g -1
701 63.07173 40.55000 56147.42258 21.65000 299 0.00321 1.76259 g -1
702 71.61980 40.55000 56147.42617 21.65000 299 0.00455 2.04081 g -1
402 43.87981 -2.65000 56147.42976 21.65000 299 0.00302 1.90834 g -1
454 54.31528 4.55000 56147.43335 21.65000 299 0.01121 2.06136 g -1
657 70.62833 33.35000 56147.43694 21.65000 299 0.00376 1.97771 g -1
403 50.90865 -2.65000 56147.44052 21.65000 299 0.00911 2.04634 g -1
350 40.44674 -9.85000 56147.44411 21.65000 299 0.00225 1.87004 g -1
507 57.64762 11.75000 56147.44770 21.65000 299 0.00202 1.76192 g -1
703 80.23141 40.55000 56147.45129 21.65000 299 0.00127 2.02079 g -1
349 33.39756 -9.85000 56147.45488 21.65000 299 0.00117 1.60190 g -1
656 62.84456 33.35000 56147.45846 21.65000 299 0.00098 1.47669 g -1
558 59.37382 18.95000 56147.46205 21.65000 299 0.00092 1.52146 g -1
744 81.85354 47.75000 56147.46564 21.65000 299 0.00091 1.77872 g -1
1448 53.56138 0.95000 56147.46923 21.65000 299 0.00091 1.64679 g -1
1500 49.97692 8.15000 56147.47282 21.65000 299 0.00075 1.39473 g -1
609 68.69200 26.15000 56147.47640 21.65000 299 0.00069 1.53320 g -1
780 82.05244 54.95000 56147.47999 21.65000 299 0.00067 1.60762 g -1
608 61.16640 26.15000 56147.48358 21.65000 299 0.00052 1.32245 g -1
299 37.03675 -17.05000 56147.48717 21.65000 299 0.00052 1.71336 g -1
658 78.41211 33.35000 56147.49076 21.65000 299 0.00047 1.57210 g -1
351 47.49593 -9.85000 56147.49434 21.65000 299 0.00047 1.59951 g -1
872 140.00000 83.75000 56147.49793 21.65000 299 0.00047 2.00147 g -1
1447 46.67615 0.95000 56147.50152 21.65000 299 0.00047 1.31276 g -1
