868 348.00000 76.55000 56156.14589 21.65000 299 0.00039 1.82968 g -1
877 340.00000 83.75000 56156.14947 21.65000 299 0.00032 1.76462 g -1
876 300.00000 83.75000 56156.15306 21.65000 299 0.00026 1.61236 g -1
867 324.00000 76.55000 56156.15665 21.65000 299 0.00022 1.57278 g -1
853 351.42857 69.35000 56156.16024 21.65000 299 0.00020 1.84762 g -1
875 260.00000 83.75000 56156.16382 21.65000 299 0.00017 1.57085 g -1
864 252.00000 76.55000 56156.16741 21.65000 299 0.00016 1.38837 g -1
854 12.00000 76.55000 56156.17100 21.65000 299 0.00114 2.01605 g -1
832 353.33333 62.15000 56156.17459 21.65000 299 0.00015 1.83949 g -1
865 276.00000 76.55000 56156.17818 21.65000 299 0.00015 1.37234 g -1
866 300.00000 76.55000 56156.18176 21.65000 299 0.00014 1.40875 g -1
833 8.57143 69.35000 56156.18535 21.65000 299 0.00167 2.00157 g -1
869 20.00000 83.75000 56156.18894 21.65000 299 0.00014 1.90145 g -1
806 6.66667 62.15000 56156.19253 21.65000 299 0.00057 2.01193 g -1
852 334.28571 69.35000 56156.19612 21.65000 299 0.00013 1.46084 g -1
848 265.71429 69.35000 56156.19970 21.65000 299 0.00012 1.25215 g -1
773 6.95487 54.95000 56156.20329 21.65000 299 0.00027 2.02607 g -1
736 2.21291 47.75000 56156.20688 21.65000 299 0.00011 1.93629 g -1
805 356.36462 54.95000 56156.21047 21.65000 299 0.00011 1.66300 g -1
831 340.00000 62.15000 56156.21406 21.65000 299 0.00010 1.39744 g -1
849 282.85714 69.35000 56156.21764 21.65000 299 0.00010 1.23777 g -1
772 352.17582 47.75000 56156.22123 21.65000 299 0.00010 1.52171 g -1
339 319.13554 -17.05000 56156.22482 21.65000 299 0.00009 1.86478 g -1
807 20.00000 62.15000 56156.22841 21.65000 299 0.00292 2.02335 g -1
774 17.54512 54.95000 56156.23200 21.65000 299 0.00200 2.03457 g -1
834 25.71429 69.35000 56156.23558 21.65000 299 0.00114 1.98260 g -1
855 36.00000 76.55000 56156.23917 21.65000 299 0.00032 2.00959 g -1
737 12.25000 47.75000 56156.24276 21.65000 299 0.00026 1.83770 g -1
1810 18.98986 58.55000 56156.24635 21.65000 299 0.00015 1.87004 g -1
695 11.90000 40.40000 56156.24994 21.65000 299 0.00014 1.84088 g -1
1776 22.08339 51.35000 56156.25352 21.65000 299 0.00012 1.98572 g -1
738 22.28709 47.75000 56156.25711 21.65000 299 0.00277 2.01013 g -1
775 28.13537 54.95000 56156.26070 21.65000 299 0.00270 2.04315 g -1
808 33.33333 62.15000 56156.26429 21.65000 299 0.00118 2.03489 g -1
696 20.38973 40.55000 56156.26788 21.65000 299 0.00068 1.91431 g -1
1737 26.04723 44.15000 56156.27146 21.65000 299 0.00016 2.02361 g -1
870 60.00000 83.75000 56156.27505 21.65000 299 0.00012 1.95342 g -1
651 23.92567 33.35000 56156.27864 21.65000 299 0.00092 2.05019 g -1
697 28.87947 40.55000 56156.28223 21.65000 299 0.00334 2.05484 g -1
739 32.32418 47.75000 56156.28582 21.65000 299 0.00263 1.99808 g -1
835 42.85714 69.35000 56156.28940 21.65000 299 0.00078 1.93858 g -1
776 38.72562 54.95000 56156.29299 21.65000 299 0.00164 2.00735 g -1
603 23.53840 26.15000 56156.29658 21.65000 299 0.00023 1.89871 g -1
652 31.70944 33.35000 56156.30017 21.65000 299 0.00284 2.05117 g -1
809 46.66667 62.15000 56156.30376 21.65000 299 0.00158 2.01026 g -1
698 37.42753 40.55000 56156.30734 21.65000 299 0.00226 2.03184 g -1
740 42.36127 47.75000 56156.31093 21.65000 299 0.00231 2.03681 g -1
604 31.06400 26.15000 56156.31452 21.65000 299 0.00212 1.94609 g -1
554 30.37455 18.95000 56156.31811 21.65000 299 0.00116 2.04039 g -1
777 49.31587 54.95000 56156.32170 21.65000 299 0.00253 2.01561 g -1
653 39.49322 33.35000 56156.32528 21.65000 299 0.00215 1.99026 g -1
605 38.58960 26.15000 56156.32887 21.65000 299 0.00211 2.06201 g -1
699 45.97560 40.55000 56156.33246 21.65000 299 0.00270 2.00938 g -1
836 60.00000 69.35000 56156.33605 21.65000 299 0.00126 1.94529 g -1
741 52.39836 47.75000 56156.33964 21.65000 299 0.00457 2.02436 g -1
810 60.00000 62.15000 56156.34322 21.65000 299 0.00336 1.98611 g -1
654 47.27700 33.35000 56156.34681 21.65000 299 0.00283 1.99118 g -1
778 60.11656 54.95000 56156.35040 21.65000 299 0.00611 2.03109 g -1
700 54.52367 40.55000 56156.35399 21.65000 299 0.00422 2.04428 g -1
606 46.11520 26.15000 56156.35757 21.65000 299 0.00228 1.92424 g -1
555 37.62436 18.95000 56156.36116 21.65000 299 0.00204 1.69065 g -1
655 55.06078 33.35000 56156.36475 21.65000 299 0.00261 2.05410 g -1
742 62.43545 47.75000 56156.36834 21.65000 299 0.00471 2.01201 g -1
607 53.64080 26.15000 56156.37193 21.65000 299 0.00204 2.03713 g -1
811 73.33333 62.15000 56156.37551 21.65000 299 0.00674 2.03266 g -1
837 77.14286 69.35000 56156.37910 21.65000 299 0.00247 1.97749 g -1
779 71.12768 54.95000 56156.38269 21.65000 299 0.00561 2.00957 g -1
556 44.87418 18.95000 56156.38628 21.65000 299 0.00186 1.63246 g -1
557 52.12400 18.95000 56156.38987 21.65000 299 0.00184 1.84608 g -1
701 63.07173 40.55000 56156.39345 21.65000 299 0.00184 1.81797 g -1
743 72.25385 47.75000 56156.39704 21.65000 299 0.00183 1.99133 g -1
504 36.69487 11.75000 56156.40063 21.65000 299 0.00173 1.41405 g -1
506 50.66337 11.75000 56156.40422 21.65000 299 0.00172 1.75595 g -1
505 43.67912 11.75000 56156.40781 21.65000 299 0.00153 1.50965 g -1
452 40.29352 4.55000 56156.41139 21.65000 299 0.00144 1.53226 g -1
453 47.30440 4.55000 56156.41498 21.65000 299 0.00142 1.68646 g -1
401 36.85096 -2.65000 56156.41857 21.65000 299 0.00090 1.55885 g -1
656 62.84456 33.35000 56156.42216 21.65000 299 0.00085 1.58050 g -1
402 43.87981 -2.65000 56156.42575 21.65000 299 0.00075 1.66504 g -1
451 33.28264 4.55000 56156.42933 21.65000 299 0.00069 1.30136 g -1
812 86.66667 62.15000 56156.43292 21.65000 299 0.00059 1.84496 g -1
608 61.16640 26.15000 56156.43651 21.65000 299 0.00053 1.48393 g -1
702 71.61980 40.55000 56156.44010 21.65000 299 0.00049 1.57442 g -1
856 60.00000 76.55000 56156.44369 21.65000 299 0.00046 1.52460 g -1
503 29.71062 11.75000 56156.44727 21.65000 299 0.00045 1.13227 g -1
857 84.00000 76.55000 56156.45086 21.65000 299 0.00045 1.68846 g -1
780 82.05244 54.95000 56156.45445 21.65000 299 0.00042 1.61475 g -1
558 59.37382 18.95000 56156.45804 21.65000 299 0.00037 1.36160 g -1
1814 66.98986 58.55000 56156.46163 21.65000 299 0.00034 1.35307 g -1
1780 61.84700 51.35000 56156.46521 21.65000 299 0.00026 1.25522 g -1
1740 53.64169 44.15000 56156.46880 21.65000 299 0.00025 1.15007 g -1
349 33.39756 -9.85000 56156.47239 21.65000 299 0.00021 1.41890 g -1
1815 78.98986 58.55000 56156.47598 21.65000 299 0.00020 1.43564 g -1
507 57.64762 11.75000 56156.47957 21.65000 299 0.00017 1.28943 g -1
1698 54.15750 36.95000 56156.48315 21.65000 299 0.00017 1.10810 g -1
1779 51.92760 51.35000 56156.48674 21.65000 299 0.00017 1.12134 g -1
350 40.44674 -9.85000 56156.49033 21.65000 299 0.00016 1.42315 g -1
1843 68.79756 65.75000 56156.49392 21.65000 299 0.00016 1.32179 g -1
1844 83.87953 65.75000 56156.49751 21.65000 299 0.00015 1.43951 g -1
1695 29.04478 36.95000 56156.50109 21.65000 299 0.00015 1.00207 g -1
1781 72.46123 51.35000 56156.50468 21.65000 299 0.00014 1.22041 g -1
454 54.31528 4.55000 56156.50827 21.65000 299 0.00014 1.22628 g -1
