0.2599143819 7.1899129301e-04 48.2069287468
0.2635023448 1.0436856308e-03 75.4315163634
0.2670903078 1.3014630425e-03 102.3938247158
0.2706782708 1.4833320986e-03 141.0537882483
0.2742662337 1.7731423308e-03 188.2640557914
0.2778541967 1.9429047182e-03 215.2263641438
0.2814421597 2.2062467166e-03 263.2759253322
0.2850301226 3.1003982071e-03 302.1457122760
0.2886180856 3.2904630396e-03 349.5133473776
0.2922060486 3.4385062715e-03 388.3306784686
0.2957940115 3.5332929487e-03 417.8633236095
0.2993819745 5.1292092298e-03 459.4083590475
0.3029699374 5.2625657106e-03 486.3182115470
0.3065579004 5.8080236368e-03 529.3844667169
0.3101458634 5.9350055268e-03 570.8770463021
0.3137338263 6.0748433064e-03 618.1397696980
0.3173217893 6.3482168106e-03 665.4549489468
0.3209097523 6.4574294857e-03 712.4553930786
0.3244977152 6.5776749822e-03 754.3676194864
0.3280856782 6.6762672883e-03 797.4338746563
0.3316736412 6.7762541268e-03 839.0313659470
0.3352616041 6.8760101070e-03 885.4023398450
0.3388495671 6.9852303300e-03 932.5601515353
0.3424375301 9.9046698042e-03 975.6264067052
0.3460254930 1.1903272803e-02 1017.5386331129
0.3496134560 1.3044682780e-02 1059.0312126980
0.3532014190 1.3368642204e-02 1097.7436320834
0.3567893819 1.3630044087e-02 1143.9047825700
0.3603773449 1.4038711732e-02 1148.7831768828
0.3639653078 1.4182548232e-02 1195.8360768674
0.3675532708 1.6641482809e-02 1227.6767795326
0.3711412338 1.7988965849e-02 1252.9080447418
0.3747291967 1.9517170666e-02 1283.3848952335
0.3783171597 2.0697081759e-02 1326.5036062562
0.3819051227 2.1379769113e-02 1370.9337135996
0.3854930856 2.3483230179e-02 1395.7977878390
0.3890810486 2.3603218356e-02 1422.7076403386
0.3926690116 2.4531832405e-02 1470.4424664100
0.3962569745 2.6596776985e-02 1500.7094934904
0.3998449375 2.8560693531e-02 1538.5301633777
0.4034329005 2.9343002162e-02 1580.0751988157
0.4070208634 3.0984744412e-02 1621.9349693706
0.4106088264 3.1218489821e-02 1668.8305017968
0.4141967894 3.4060544384e-02 1714.1523586382
0.4177847523 3.5645004070e-02 1757.0612462496
0.4213727153 3.7900788469e-02 1801.7536328571
0.4249606783 4.0211431664e-02 1847.8623274909
0.4285486412 4.2327754429e-02 1893.8661104190
0.4321366042 4.3490586473e-02 1941.5484806376
0.4357245671 4.6016776793e-02 1983.4082511925
0.4393125301 4.8165337244e-02 2028.6251963282
0.4429004931 5.0275068262e-02 2074.4716116979
0.4464884560 5.2975479617e-02 2119.3213658638
0.4500764190 5.4232918025e-02 2160.8664013018
0.4536643820 5.8805839695e-02 2206.9750959356
0.4572523449 6.2168762581e-02 2250.0413511055
0.4608403079 6.4995104797e-02 2295.3107520941
0.4644282709 7.1100178632e-02 2338.0098162942
0.4680162338 7.5319290376e-02 2382.7546587545
0.4716041968 7.7595706438e-02 2428.6535299770
0.4751921598 7.9635967196e-02 2476.1785326371
0.4787801227 8.2243239778e-02 2521.4479336256
0.4823680857 8.6949232407e-02 2567.6615399651
0.4859560487 8.8992433124e-02 2613.7702345989
0.4895440116 9.5731366125e-02 2656.7840339159
0.4931319746 9.8336223910e-02 2698.3290693539
0.4967199376 1.0395474759e-01 2741.8674271992
0.5003079005 1.0581728547e-01 2789.3924298593
0.5038958635 1.0765900936e-01 2836.6551532553
0.5074838264 1.0949624635e-01 2881.4524515684
0.5110717894 1.1209531947e-01 2926.7743084098
0.5146597524 1.1384145907e-01 2973.8796642473
0.5182477153 1.1557193213e-01 3020.9325642319
0.5218356783 1.1710106306e-01 3068.1428317751
0.5254236413 1.1854130097e-01 3115.1957317597
0.5290116042 1.2010790169e-01 3162.2486317444
0.5325995672 1.2100961973e-01 3209.3015317290
0.5361875302 1.2187865618e-01 3254.6233885704
0.5397754931 1.2304815556e-01 3301.6762885551
0.5433634561 1.2373528473e-01 3348.9914678039
0.5469514191 1.3061732436e-01 3392.0052671209
0.5505393820 1.3121120226e-01 3438.0615059019
0.5541273450 1.3310915733e-01 3482.8063483622
0.5577153080 1.3357213225e-01 3521.6236794532
0.5613032709 1.3400375461e-01 3568.0995650568
0.5648912339 1.3456141624e-01 3606.9168961478
0.5684791969 1.3941945774e-01 3650.0356071705
0.5720671598 1.3993637035e-01 3697.3507864193
0.5756551228 1.4029460697e-01 3699.5539322380
0.5792430857 1.4058843108e-01 3701.6521663510
0.5828310487 1.4084323021e-01 3704.0126797282
0.5864190117 1.4108471060e-01 3750.8557563015
0.5900069746 1.4140855228e-01 3753.0064462674
0.5935949376 1.4196474331e-01 3799.4298760181
0.5971829006 1.4213701673e-01 3801.5805659840
0.6007708635 1.4228019573e-01 3803.4689766857
0.6043588265 1.4305493222e-01 3850.4694208175
0.6079467895 1.4322404678e-01 3852.6725666362
0.6115347524 1.4449997745e-01 3862.8490020844
0.6151227154 1.4464578248e-01 3864.8947803446
0.6187106784 1.4484686417e-01 3867.3602054274
0.6222986413 1.4594406891e-01 3914.4131054121
