0.0000000000 2.0405377772e-01 47.7348260714
0.0035879630 3.3563792289e-01 94.5254467919
0.0071759259 4.4794407104e-01 141.6308026294
0.0107638889 5.3320602460e-01 188.8410701725
0.0143518519 6.1223422093e-01 236.1562494213
0.0179398148 6.7834611849e-01 282.0551206438
0.0215277778 7.3493861207e-01 329.7899467152
0.0251157408 7.8362366159e-01 377.1051259639
0.0287037037 8.0360151185e-01 422.7941737751
0.0322916667 8.2244661086e-01 468.4832215863
0.0358796296 8.4172415229e-01 514.8017396314
0.0394675926 8.6042401164e-01 561.8546396161
0.0430555556 8.7834711430e-01 608.9075396007
0.0466435185 8.9225433032e-01 656.1178071438
0.0502314815 9.0429272943e-01 701.8068549550
0.0538194445 9.1447001296e-01 748.6499315284
0.0574074074 9.2352760657e-01 750.9055331999
0.0609953704 9.3249929331e-01 753.3709582827
0.0645833334 9.3897969578e-01 755.8888392183
0.0681712963 9.4256089734e-01 758.2493525955
0.0717592593 9.4571580038e-01 760.5574101198
0.0753472223 9.5006985435e-01 768.7929790134
0.0789351852 9.5268150705e-01 770.9961248321
0.8345153443 9.5664217314e-01 780.3332666351
0.8352097888 9.5664217314e-01 780.3332666351
0.8387977517 9.5664217314e-01 780.3332666351
0.8423857147 9.5664217314e-01 780.3332666351
0.8459736777 9.5664217314e-01 780.3332666351
0.8495616406 9.5664217314e-01 780.3332666351
0.8531496036 9.5664217314e-01 780.3332666351
0.8567375666 9.5664217314e-01 780.3332666351
0.8603255295 9.5664217314e-01 780.3332666351
0.8639134925 9.5664217314e-01 780.3332666351
0.8675014555 9.5664217314e-01 780.3332666351
0.8710894184 9.5664217314e-01 780.3332666351
0.8746773814 9.5664217314e-01 780.3332666351
0.8782653444 9.5664217314e-01 780.3332666351
0.8818533073 9.5664217314e-01 780.3332666351
0.8854412703 9.5664217314e-01 780.3332666351
0.8890292333 9.5664217314e-01 780.3332666351
0.8926171962 9.5664217314e-01 780.3332666351
0.8962051592 9.5664217314e-01 780.3332666351
0.8997931221 9.5664217314e-01 780.3332666351
0.9033810851 9.5664217314e-01 780.3332666351
0.9069690481 9.5664217314e-01 780.3332666351
0.9105570110 9.5664217314e-01 780.3332666351
0.9141449740 9.5664217314e-01 780.3332666351
0.9177329370 9.5664217314e-01 780.3332666351
