0.4163520531 8.7767737825e-03 47.0528999847
0.4199400160 1.8757291920e-02 94.4205350863
0.4235279790 2.4610587945e-02 141.4734350709
0.4271159420 2.8276343470e-02 188.5263350556
0.4307039049 3.1873235467e-02 235.6316908930
0.4342918679 3.5281396428e-02 282.6845908777
0.4378798309 3.8494852481e-02 330.4718728019
0.4414677938 4.4314952579e-02 377.3149493752
0.4450557568 4.7695661304e-02 404.5395369918
0.4486437198 5.0774009383e-02 451.5924369764
0.4522316827 5.2979384278e-02 498.7502486667
0.4558196457 6.0487349390e-02 544.9113991534
0.4594076087 6.2336718683e-02 592.1216666965
0.4629955716 6.4127152337e-02 619.0839750489
0.4665835346 6.5819474494e-02 666.2417867392
0.4701714976 6.7473900717e-02 713.9766128106
0.4737594605 6.9501363511e-02 761.1868803537
0.4773474235 7.9076394595e-02 807.3480308403
0.4809353864 8.0661328805e-02 854.4009308250
0.4845233494 8.2203641936e-02 899.5654201079
0.4881113124 8.3617042216e-02 946.6707759454
0.4916992753 8.4963290400e-02 994.4056020168
0.4952872383 8.8219840757e-02 1040.7765759147
0.4988752013 8.9557059264e-02 1086.5705354315
0.5024631642 9.1166459915e-02 1132.1546715370
0.5060511272 9.2373903374e-02 1159.1169798894
0.5096390902 9.5469470937e-02 1204.8584835535
0.5132270531 9.6644767464e-02 1251.1770015985
0.5168150161 9.7986181127e-02 1299.1741069341
0.5204029791 1.0162230122e-01 1338.0438938779
0.5239909420 1.0270411820e-01 1385.3590731267
0.5275789050 1.0379168377e-01 1432.5168848170
0.5311668680 1.1128976162e-01 1478.4157560395
0.5347548309 1.1232544394e-01 1525.4686560241
0.5383427939 1.1331478162e-01 1572.5215560088
0.5419307569 1.1425199405e-01 1619.8367352576
0.5455187198 1.1510672243e-01 1666.8896352422
0.5491066828 1.1584609780e-01 1670.4041773815
0.5526946457 1.1654880437e-01 1697.6287649981
0.5562826087 1.1717023052e-01 1744.7341208355
0.5598705717 1.1777052037e-01 1790.8952713222
0.5634585346 1.1837285306e-01 1837.9481713068
0.5670464976 1.1896756398e-01 1885.0010712915
0.5706344606 1.1949562863e-01 1923.8184023825
0.5742224235 1.2005556594e-01 1926.3362833181
0.5778103865 1.2086030508e-01 1937.2471007059
0.5813983495 1.2138326797e-01 1940.4469077282
0.5849863124 1.2188307843e-01 1987.7620869770
0.5885742754 1.2237327439e-01 2034.8149869616
0.5921622384 1.2287244872e-01 2037.0181327803
0.5957502013 1.2348880869e-01 2085.0676939687
0.5993381643 1.2398597785e-01 2132.0156822477
0.6029261273 1.2457867071e-01 2179.2784056436
0.6065140902 1.2488973170e-01 2208.8110507845
0.6101020532 1.2532848717e-01 2254.5525544485
0.6136900162 1.2574923424e-01 2301.3956310218
0.6172779791 1.2614279153e-01 2328.0432042573
0.6208659421 1.2651826456e-01 2375.0961042420
0.6244539050 1.2688300525e-01 2378.8729256454
0.6280418680 1.2724182718e-01 2381.3383507282
0.6316298310 1.2752437044e-01 2420.4704169362
0.6352177939 1.2785733418e-01 2467.4184052152
0.6388057569 1.2817373407e-01 2515.2056871394
0.6423937199 1.2861971163e-01 2529.6835025193
0.6459816828 1.2891374973e-01 2533.4078680699
0.6495696458 1.2919331864e-01 2581.1426941413
0.6531576088 1.2948946330e-01 2586.0735443069
0.6567455717 1.3027745113e-01 2632.4445182048
0.6603335347 1.3050396312e-01 2673.9895536428
0.6639214977 1.3073777910e-01 2719.6261456011
0.6675094606 1.3419586073e-01 2743.3886469312
0.6710974236 1.3441718469e-01 2745.5917927499
0.6746853866 1.3459986444e-01 2793.3266188212
0.6782733495 1.3476170471e-01 2834.8716542592
0.6818613125 1.3491663971e-01 2881.9245542438
0.6854492755 1.3506491325e-01 2927.6136020550
0.6890372384 1.3520688469e-01 2969.1586374930
0.6926252014 1.3537119951e-01 3016.4213608889
0.6962131643 1.3551529669e-01 3019.0441535302
0.6998011273 1.3566868237e-01 3066.6740678960
0.7033890903 1.3578241708e-01 3102.3965036703
0.7069770532 1.3590628762e-01 3149.6592270662
0.7105650162 1.3602978804e-01 3196.7121270509
0.7141529792 1.3614932161e-01 3243.8699387412
0.7177409421 1.3626233832e-01 3289.7163541108
0.7213289051 1.3653776081e-01 3297.7420995932
0.7220233495 1.3653776081e-01 3297.7420995932
0.7256113125 1.3653776081e-01 3297.7420995932
