640 300.75680 26.15000 56183.11978 21.65000 299 0.04779 1.06728 g -1
768 312.24615 47.75000 56183.12336 21.65000 299 0.03661 1.13435 g -1
591 296.12691 18.95000 56183.12695 21.65000 299 0.03610 1.06147 g -1
729 304.26859 40.55000 56183.13054 21.65000 299 0.03571 1.05606 g -1
687 306.08789 33.35000 56183.13413 21.65000 299 0.03424 1.05490 g -1
802 324.38344 54.95000 56183.13772 21.65000 299 0.03266 1.21756 g -1
686 298.26936 33.35000 56183.14130 21.65000 299 0.03259 1.01512 g -1
730 312.82187 40.55000 56183.14489 21.65000 299 0.03258 1.07292 g -1
639 293.25314 26.15000 56183.14848 21.65000 299 0.02597 1.01000 g -1
801 313.28596 54.95000 56183.15207 21.65000 299 0.02154 1.12170 g -1
769 322.06455 47.75000 56183.15566 21.65000 299 0.02108 1.12252 g -1
592 303.37673 18.95000 56183.15924 21.65000 299 0.01765 1.04659 g -1
590 288.92157 18.95000 56183.16283 21.65000 299 0.01634 1.03586 g -1
540 291.93112 11.75000 56183.16642 21.65000 299 0.01390 1.07712 g -1
641 308.28240 26.15000 56183.17001 21.65000 299 0.01363 1.02345 g -1
830 326.66667 62.15000 56183.17360 21.65000 299 0.01352 1.20717 g -1
767 302.47146 47.75000 56183.17718 21.65000 299 0.01097 1.03348 g -1
541 298.91537 11.75000 56183.18077 21.65000 299 0.01090 1.07571 g -1
731 321.31160 40.55000 56183.18436 21.65000 299 0.01080 1.04591 g -1
688 313.87167 33.35000 56183.18795 21.65000 299 0.00991 1.01213 g -1
831 340.00000 62.15000 56183.19154 21.65000 299 0.00793 1.24449 g -1
803 335.18412 54.95000 56183.19512 21.65000 299 0.00699 1.15222 g -1
770 332.10164 47.75000 56183.19871 21.65000 299 0.00680 1.09189 g -1
728 295.65178 40.55000 56183.20230 21.65000 299 0.00562 1.02426 g -1
829 313.33333 62.15000 56183.20589 21.65000 299 0.00541 1.14266 g -1
852 334.28571 69.35000 56183.20948 21.65000 299 0.00467 1.27461 g -1
539 284.87644 11.75000 56183.21306 21.65000 299 0.00432 1.19318 g -1
542 305.89962 11.75000 56183.21665 21.65000 299 0.00391 1.08377 g -1
685 290.41607 33.35000 56183.22024 21.65000 299 0.00370 1.06694 g -1
853 351.42857 69.35000 56183.22383 21.65000 299 0.00368 1.32542 g -1
593 310.62655 18.95000 56183.22742 21.65000 299 0.00348 1.03826 g -1
689 321.65544 33.35000 56183.23100 21.65000 299 0.00337 1.00088 g -1
638 285.77143 26.15000 56183.23459 21.65000 299 0.00275 1.16041 g -1
489 295.13032 4.55000 56183.23818 21.65000 299 0.00267 1.26434 g -1
1684 299.48300 29.75000 56183.24177 21.65000 299 0.00259 1.06436 g -1
832 353.33333 62.15000 56183.24536 21.65000 299 0.00254 1.21122 g -1
732 329.74300 40.55000 56183.24894 21.65000 299 0.00247 1.01007 g -1
642 315.80800 26.15000 56183.25253 21.65000 299 0.00245 1.02133 g -1
833 8.57143 69.35000 56183.25612 21.65000 299 0.00231 1.35685 g -1
800 302.18847 54.95000 56183.25971 21.65000 299 0.00217 1.13986 g -1
804 345.77437 54.95000 56183.26329 21.65000 299 0.00197 1.09618 g -1
1636 294.67900 22.55000 56183.26688 21.65000 299 0.00192 1.20961 g -1
1768 312.46200 44.15000 56183.27047 21.65000 299 0.00187 1.05941 g -1
1728 305.19800 36.95000 56183.27406 21.65000 299 0.00181 1.09458 g -1
490 302.14120 4.55000 56183.27765 21.65000 299 0.00180 1.35367 g -1
589 281.65302 18.95000 56183.28123 21.65000 299 0.00165 1.58991 g -1
771 342.13873 47.75000 56183.28482 21.65000 299 0.00156 1.03416 g -1
1805 322.65300 51.35000 56183.28841 21.65000 299 0.00156 1.07718 g -1
1637 302.06671 22.55000 56183.29200 21.65000 299 0.00154 1.23017 g -1
851 317.14286 69.35000 56183.29559 21.65000 299 0.00151 1.28059 g -1
1685 307.14268 29.75000 56183.29917 21.65000 299 0.00123 1.16573 g -1
806 6.66667 62.15000 56183.30276 21.65000 299 0.00118 1.18022 g -1
1804 312.03909 51.35000 56183.30635 21.65000 299 0.00109 1.16026 g -1
1587 297.54478 15.35000 56183.30994 21.65000 299 0.00106 1.50006 g -1
1586 290.43000 15.35000 56183.31353 21.65000 299 0.00104 1.75095 g -1
854 12.00000 76.55000 56183.31711 21.65000 299 0.00101 1.40092 g -1
1767 303.21492 44.15000 56183.32070 21.65000 299 0.00096 1.27507 g -1
690 329.43922 33.35000 56183.32429 21.65000 299 0.00092 1.05869 g -1
543 312.88387 11.75000 56183.32788 21.65000 299 0.00089 1.36799 g -1
1729 313.57950 36.95000 56183.33147 21.65000 299 0.00088 1.20372 g -1
1835 318.98986 58.55000 56183.33505 21.65000 299 0.00087 1.22692 g -1
834 25.71429 69.35000 56183.33864 21.65000 299 0.00082 1.29273 g -1
766 292.69677 47.75000 56183.34223 21.65000 299 0.00078 1.57963 g -1
868 348.00000 76.55000 56183.34582 21.65000 299 0.00076 1.38160 g -1
491 309.15208 4.55000 56183.34941 21.65000 299 0.00072 1.80902 g -1
1836 330.98986 58.55000 56183.35299 21.65000 299 0.00071 1.19201 g -1
805 356.36462 54.95000 56183.35658 21.65000 299 0.00063 1.08106 g -1
828 300.00000 62.15000 56183.36017 21.65000 299 0.00060 1.54317 g -1
643 323.33360 26.15000 56183.36376 21.65000 299 0.00058 1.26943 g -1
1769 321.66015 44.15000 56183.36735 21.65000 299 0.00055 1.25515 g -1
733 338.17440 40.55000 56183.37093 21.65000 299 0.00052 1.11008 g -1
1727 296.83148 36.95000 56183.37452 21.65000 299 0.00048 1.93316 g -1
768 312.24615 47.75000 56183.37522 21.65000 299 0.03661 1.42951 r -1
729 304.26859 40.55000 56183.37880 21.65000 299 0.03571 1.67613 r -1
687 306.08789 33.35000 56183.38239 21.65000 299 0.03424 1.75047 r -1
802 324.38344 54.95000 56183.38598 21.65000 299 0.03266 1.32272 r -1
730 312.82187 40.55000 56183.38957 21.65000 299 0.03258 1.55347 r -1
801 313.28596 54.95000 56183.39316 21.65000 299 0.02154 1.51528 r -1
769 322.06455 47.75000 56183.39674 21.65000 299 0.02108 1.39557 r -1
830 326.66667 62.15000 56183.40033 21.65000 299 0.01352 1.39023 r -1
767 302.47146 47.75000 56183.40392 21.65000 299 0.01097 1.93546 r -1
731 321.31160 40.55000 56183.40751 21.65000 299 0.01080 1.50710 r -1
688 313.87167 33.35000 56183.41110 21.65000 299 0.00991 1.84450 r -1
831 340.00000 62.15000 56183.41468 21.65000 299 0.00793 1.31351 r -1
803 335.18412 54.95000 56183.41827 21.65000 299 0.00699 1.33231 r -1
770 332.10164 47.75000 56183.42186 21.65000 299 0.00680 1.38019 r -1
829 313.33333 62.15000 56183.42545 21.65000 299 0.00541 1.71635 r -1
852 334.28571 69.35000 56183.42904 21.65000 299 0.00467 1.47302 r -1
853 351.42857 69.35000 56183.43262 21.65000 299 0.00368 1.35266 r -1
689 321.65544 33.35000 56183.43621 21.65000 299 0.00337 1.89563 r -1
832 353.33333 62.15000 56183.43980 21.65000 299 0.00254 1.28009 r -1
732 329.74300 40.55000 56183.44339 21.65000 299 0.00247 1.61581 r -1
833 8.57143 69.35000 56183.44698 21.65000 299 0.00231 1.29239 r -1
804 345.77437 54.95000 56183.45056 21.65000 299 0.00197 1.34464 r -1
771 342.13873 47.75000 56183.45415 21.65000 299 0.00156 1.40558 r -1
1805 322.65300 51.35000 56183.45774 21.65000 299 0.00156 1.85810 r -1
851 317.14286 69.35000 56183.46133 21.65000 299 0.00151 1.84842 r -1
806 6.66667 62.15000 56183.46492 21.65000 299 0.00118 1.25088 r -1
854 12.00000 76.55000 56183.46850 21.65000 299 0.00101 1.43238 r -1
834 25.71429 69.35000 56183.47209 21.65000 299 0.00082 1.26456 r -1
868 348.00000 76.55000 56183.47568 21.65000 299 0.00076 1.57692 r -1
1836 330.98986 58.55000 56183.47927 21.65000 299 0.00071 1.77272 r -1
805 356.36462 54.95000 56183.48286 21.65000 299 0.00063 1.35737 r -1
733 338.17440 40.55000 56183.48644 21.65000 299 0.00052 1.83334 r -1
