851 317.14286 69.35000 55877.07287 21.65000 299 0.00561 1.23748 g -1
852 334.28571 69.35000 55877.07646 21.65000 299 0.00525 1.24838 g -1
771 342.13873 47.75000 55877.08004 21.65000 299 0.00414 1.06809 g -1
772 352.17582 47.75000 55877.08363 21.65000 299 0.00351 1.10910 g -1
804 345.77437 54.95000 55877.08722 21.65000 299 0.00315 1.11234 g -1
867 324.00000 76.55000 55877.09081 21.65000 299 0.00229 1.37344 g -1
803 335.18412 54.95000 55877.09440 21.65000 299 0.00223 1.08051 g -1
736 2.21291 47.75000 55877.09798 21.65000 299 0.00217 1.13982 g -1
554 30.37455 18.95000 55877.10157 21.65000 299 0.00216 1.74106 g -1
603 23.53840 26.15000 55877.10516 21.65000 299 0.00208 1.41660 g -1
694 3.46860 40.55000 55877.10875 21.65000 299 0.00194 1.10563 g -1
504 36.69487 11.75000 55877.11234 21.65000 299 0.00275 2.03536 g -1
831 340.00000 62.15000 55877.11592 21.65000 299 0.00189 1.14331 g -1
553 23.12473 18.95000 55877.11951 21.65000 299 0.00169 1.37865 g -1
650 16.14189 33.35000 55877.12310 21.65000 299 0.00160 1.17305 g -1
503 29.71062 11.75000 55877.12669 21.65000 299 0.00159 1.57346 g -1
604 31.06400 26.15000 55877.13028 21.65000 299 0.00156 1.38595 g -1
651 23.92567 33.35000 55877.13386 21.65000 299 0.00152 1.21655 g -1
452 40.29352 4.55000 55877.13745 21.65000 299 0.00419 2.00606 g -1
401 36.85096 -2.65000 55877.14104 21.65000 299 0.00341 2.05451 g -1
555 37.62436 18.95000 55877.14463 21.65000 299 0.00151 1.49527 g -1
451 33.28264 4.55000 55877.14822 21.65000 299 0.00146 1.60712 g -1
349 33.39756 -9.85000 55877.15180 21.65000 299 0.00180 2.04023 g -1
505 43.67912 11.75000 55877.15539 21.65000 299 0.00208 1.68107 g -1
453 47.30440 4.55000 55877.15898 21.65000 299 0.00175 1.96986 g -1
402 43.87981 -2.65000 55877.16257 21.65000 299 0.00228 2.01947 g -1
853 351.42857 69.35000 55877.16616 21.65000 299 0.00139 1.23747 g -1
735 355.03720 40.55000 55877.16974 21.65000 299 0.00138 1.00809 g -1
350 40.44674 -9.85000 55877.17333 21.65000 299 0.00331 2.01060 g -1
805 356.36462 54.95000 55877.17692 21.65000 299 0.00133 1.07615 g -1
403 50.90865 -2.65000 55877.18051 21.65000 299 0.00170 2.04582 g -1
830 326.66667 62.15000 55877.18410 21.65000 299 0.00132 1.23349 g -1
695 11.90000 40.40000 55877.18768 21.65000 299 0.00131 1.01849 g -1
299 37.03675 -17.05000 55877.19127 21.65000 299 0.00341 2.00097 g -1
351 47.49593 -9.85000 55877.19486 21.65000 299 0.00198 1.98224 g -1
770 332.10164 47.75000 55877.19845 21.65000 299 0.00131 1.14144 g -1
502 22.72637 11.75000 55877.20204 21.65000 299 0.00120 1.11322 g -1
744 81.85354 47.75000 55877.20562 21.65000 299 0.00118 1.77835 g -1
300 44.11868 -17.05000 55877.20921 21.65000 299 0.00257 2.02054 g -1
833 8.57143 69.35000 55877.21280 21.65000 299 0.00117 1.23735 g -1
703 80.23141 40.55000 55877.21639 21.65000 299 0.00115 1.69234 g -1
602 16.01280 26.15000 55877.21998 21.65000 299 0.00114 1.00876 g -1
450 26.27176 4.55000 55877.22356 21.65000 299 0.00114 1.16397 g -1
301 51.20061 -17.05000 55877.22715 21.65000 299 0.00159 2.04084 g -1
806 6.66667 62.15000 55877.23074 21.65000 299 0.00114 1.15020 g -1
696 20.38973 40.55000 55877.23433 21.65000 299 0.00112 1.00850 g -1
250 38.12575 -24.25000 55877.23792 21.65000 299 0.00212 2.01094 g -1
352 54.54511 -9.85000 55877.24150 21.65000 299 0.00111 1.68965 g -1
605 38.58960 26.15000 55877.24509 21.65000 299 0.00107 1.03973 g -1
552 15.87491 18.95000 55877.24868 21.65000 299 0.00105 1.03968 g -1
449 19.26088 4.55000 55877.25227 21.65000 299 0.00105 1.14562 g -1
702 71.61980 40.55000 55877.25585 21.65000 299 0.00105 1.24716 g -1
251 45.51882 -24.25000 55877.25944 21.65000 299 0.00176 2.00486 g -1
737 12.25000 47.75000 55877.26303 21.65000 299 0.00105 1.05777 g -1
832 353.33333 62.15000 55877.26662 21.65000 299 0.00104 1.25207 g -1
743 72.25385 47.75000 55877.27021 21.65000 299 0.00103 1.20393 g -1
501 15.74212 11.75000 55877.27379 21.65000 299 0.00100 1.11721 g -1
252 52.91189 -24.25000 55877.27738 21.65000 299 0.00101 2.02090 g -1
298 29.95482 -17.05000 55877.28097 21.65000 299 0.00100 1.57530 g -1
398 15.76442 -2.65000 55877.28456 21.65000 299 0.00099 1.32328 g -1
356 82.74185 -9.85000 55877.28815 21.65000 299 0.00098 2.04758 g -1
460 96.38056 4.55000 55877.29173 21.65000 299 0.00102 2.02777 g -1
748 119.55231 47.75000 55877.29532 21.65000 299 0.00099 1.95480 g -1
409 93.08173 -2.65000 55877.29891 21.65000 299 0.00110 2.02077 g -1
784 125.75146 54.95000 55877.30250 21.65000 299 0.00100 1.96289 g -1
734 346.60580 40.55000 55877.30609 21.65000 299 0.00097 1.43439 g -1
357 89.79104 -9.85000 55877.30967 21.65000 299 0.00113 2.01785 g -1
854 12.00000 76.55000 55877.31326 21.65000 299 0.00097 1.44152 g -1
410 100.11058 -2.65000 55877.31685 21.65000 299 0.00107 2.04723 g -1
749 128.97700 47.75000 55877.32044 21.65000 299 0.00097 1.96794 g -1
652 31.70944 33.35000 55877.32403 21.65000 299 0.00097 1.03944 g -1
649 8.35811 33.35000 55877.32761 21.65000 299 0.00097 1.23877 g -1
648 0.57433 33.35000 55877.33120 21.65000 299 0.00096 1.37944 g -1
400 29.82212 -2.65000 55877.33479 21.65000 299 0.00096 1.36484 g -1
461 103.30689 4.55000 55877.33838 21.65000 299 0.00094 1.64743 g -1
448 12.25000 4.55000 55877.34197 21.65000 299 0.00094 1.57854 g -1
305 79.52832 -17.05000 55877.34555 21.65000 299 0.00094 1.71112 g -1
399 22.79327 -2.65000 55877.34914 21.65000 299 0.00094 1.55860 g -1
513 99.62356 11.75000 55877.35273 21.65000 299 0.00092 1.33081 g -1
698 37.42753 40.55000 55877.35632 21.65000 299 0.00090 1.07182 g -1
653 39.49322 33.35000 55877.35991 21.65000 299 0.00090 1.06501 g -1
659 86.23064 33.35000 55877.36349 21.65000 299 0.00090 1.05007 g -1
708 123.31548 40.55000 55877.36708 21.65000 299 0.00090 1.42419 g -1
773 6.95487 54.95000 55877.37067 21.65000 299 0.00087 1.45847 g -1
564 102.73929 18.95000 55877.37426 21.65000 299 0.00087 1.19883 g -1
707 114.69867 40.55000 55877.37785 21.65000 299 0.00087 1.23555 g -1
807 20.00000 62.15000 55877.38143 21.65000 299 0.00087 1.37103 g -1
408 86.05288 -2.65000 55877.38502 21.65000 299 0.00086 1.27129 g -1
868 348.00000 76.55000 55877.38861 21.65000 299 0.00085 1.82445 g -1
704 88.84822 40.55000 55877.39220 21.65000 299 0.00085 1.02627 g -1
514 106.74867 11.75000 55877.39579 21.65000 299 0.00084 1.22087 g -1
811 73.33333 62.15000 55877.39937 21.65000 299 0.00084 1.14282 g -1
454 54.31528 4.55000 55877.40296 21.65000 299 0.00126 1.25123 g -1
816 140.00000 62.15000 55877.40655 21.65000 299 0.00084 1.46211 g -1
740 42.36127 47.75000 55877.41014 21.65000 299 0.00082 1.18917 g -1
404 57.93750 -2.65000 55877.41373 21.65000 299 0.00081 1.36965 g -1
739 32.32418 47.75000 55877.41731 21.65000 299 0.00080 1.32888 g -1
877 340.00000 83.75000 55877.42090 21.65000 299 0.00080 1.91561 g -1
745 91.27823 47.75000 55877.42449 21.65000 299 0.00079 1.03413 g -1
812 86.66667 62.15000 55877.42808 21.65000 299 0.00078 1.14127 g -1
780 82.05244 54.95000 55877.43167 21.65000 299 0.00078 1.08021 g -1
459 89.36968 4.55000 55877.43525 21.65000 299 0.00077 1.14158 g -1
699 45.97560 40.55000 55877.43884 21.65000 299 0.00076 1.25442 g -1
407 79.02404 -2.65000 55877.44243 21.65000 299 0.00076 1.27760 g -1
358 96.84022 -9.85000 55877.44602 21.65000 299 0.00076 1.37310 g -1
775 28.13537 54.95000 55877.44960 21.65000 299 0.00076 1.58504 g -1
738 22.28709 47.75000 55877.45319 21.65000 299 0.00075 1.81063 g -1
306 86.61025 -17.05000 55877.45678 21.65000 299 0.00075 1.61343 g -1
662 109.79050 33.35000 55877.46037 21.65000 299 0.00075 1.01048 g -1
697 28.87947 40.55000 55877.46396 21.65000 299 0.00075 1.81682 g -1
869 20.00000 83.75000 55877.46754 21.65000 299 0.00075 1.78973 g -1
815 126.66667 62.15000 55877.47113 21.65000 299 0.00074 1.18227 g -1
565 109.79245 18.95000 55877.47472 21.65000 299 0.00074 1.03540 g -1
512 92.56888 11.75000 55877.47831 21.65000 299 0.00073 1.10376 g -1
457 75.34792 4.55000 55877.48190 21.65000 299 0.00073 1.33850 g -1
458 82.35880 4.55000 55877.48548 21.65000 299 0.00073 1.26916 g -1
810 60.00000 62.15000 55877.48907 21.65000 299 0.00072 1.35890 g -1
355 75.69267 -9.85000 55877.49266 21.65000 299 0.00071 1.74632 g -1
614 106.21029 26.15000 55877.49625 21.65000 299 0.00071 1.01316 g -1
779 71.12768 54.95000 55877.49984 21.65000 299 0.00071 1.24830 g -1
563 95.57843 18.95000 55877.50342 21.65000 299 0.00070 1.08527 g -1
785 136.67622 54.95000 55877.50701 21.65000 299 0.00070 1.10950 g -1
663 117.64379 33.35000 55877.51060 21.65000 299 0.00070 1.00002 g -1
747 110.12762 47.75000 55877.51419 21.65000 299 0.00070 1.04000 g -1
838 94.28571 69.35000 55877.51778 21.65000 299 0.00068 1.28384 g -1
615 113.69200 26.15000 55877.52136 21.65000 299 0.00068 1.01595 g -1
705 97.46504 40.55000 55877.52495 21.65000 299 0.00068 1.07619 g -1
837 77.14286 69.35000 55877.52854 21.65000 299 0.00067 1.39958 g -1
660 94.08393 33.35000 55877.53213 21.65000 299 0.00067 1.11633 g -1
706 106.08185 40.55000 55877.53572 21.65000 299 0.00066 1.05264 g -1
836 60.00000 69.35000 55877.53930 21.65000 299 0.00066 1.60377 g -1
746 100.70292 47.75000 55877.54289 21.65000 299 0.00065 1.11301 g -1
783 114.82671 54.95000 55877.54648 21.65000 299 0.00065 1.09749 g -1
872 140.00000 83.75000 55877.55007 21.65000 299 0.00064 1.56892 g -1
511 85.58463 11.75000 55877.55366 21.65000 299 0.00064 1.51742 g -1
