0.2066356422 5.8279090286e-03 46.7381648677
0.2102236051 1.1580975031e-02 94.5254467919
0.2138115681 1.5160219186e-02 140.2669504559
0.2173995311 1.8893081822e-02 186.1133658256
0.2209874940 2.2334771040e-02 233.6908243385
0.2245754570 2.5321100718e-02 280.9535477344
0.2281634199 2.8093935292e-02 326.5376838400
0.2317513829 3.0875232347e-02 374.0102306472
0.2353393459 3.5380856921e-02 421.7450567186
0.2389273088 3.8345321401e-02 467.5390162354
0.2425152718 4.0919213768e-02 513.3329757523
0.2461032348 4.3207042196e-02 560.3858757369
0.2496911977 4.5238997476e-02 603.0849399370
0.2532791607 4.7246523495e-02 650.3476633330
0.2568671237 5.0789258890e-02 697.1382840535
0.2604550866 5.3534842055e-02 744.4010074495
0.2640430496 5.5356695623e-02 789.5130408796
0.2676310126 5.7036579482e-02 834.6775301625
0.2712189755 5.8383579638e-02 879.9469311511
0.2748069385 6.0374130188e-02 927.2096545470
0.2783949015 6.1491718388e-02 972.8462465054
0.2819828644 6.2434506300e-02 1018.6926618751
0.2855708274 6.3340505323e-02 1063.9096070108
0.2891587904 6.4212790311e-02 1109.0216404409
0.2927467533 6.5093797950e-02 1156.3368196897
0.2963347163 6.5839807075e-02 1201.5537648254
0.2999226792 6.6499993596e-02 1247.2428126366
0.3035106422 6.7161144688e-02 1291.0959055989
0.3070986052 6.7705078179e-02 1334.9489985612
0.3106865681 6.8244345568e-02 1380.6380463724
0.3142745311 6.8736709049e-02 1425.6976239496
0.3178624941 6.9249314554e-02 1472.4882446702
0.3214504570 6.9742646616e-02 1518.1248366285
0.3250384200 7.0223142439e-02 1562.9745907945
0.3286263830 7.0692407550e-02 1610.4995934546
0.3322143459 7.1190021992e-02 1657.8147727034
0.3358023089 7.1640742407e-02 1703.5038205145
0.3393902719 7.2111242776e-02 1751.3435582916
0.3429782348 7.2526043322e-02 1791.7345649674
0.3465661978 7.3009995308e-02 1839.1546559218
0.3501541608 7.3425384928e-02 1884.3716010575
0.3537421237 7.3850246107e-02 1929.5885461933
0.3573300867 7.4268571864e-02 1975.3300498573
0.3609180496 7.4655596630e-02 2018.3963050272
0.3645060126 7.5050174780e-02 2063.5607943101
0.3680939756 7.5442773478e-02 2108.7777394459
0.3716819385 7.5822643239e-02 2154.4143314042
0.3752699015 7.6174721973e-02 2197.9002333967
0.3788578645 7.6546283216e-02 2245.4776919097
0.3824458274 7.6931215392e-02 2247.8906611396
0.3860337904 7.7294963154e-02 2295.2058403884
0.3896217534 7.7658812701e-02 2340.3178738185
0.3932097163 7.8019738888e-02 2387.7904206258
0.3967976793 7.8365725130e-02 2434.3187620822
0.4003856423 7.8749927948e-02 2479.9028981877
0.4039736052 7.9087219593e-02 2525.7493135574
0.4075615682 7.9463771938e-02 2573.0120369533
0.4111495312 7.9792676273e-02 2620.3272162021
0.4147374941 8.0119186708e-02 2664.1278533115
0.4183254571 8.0427089359e-02 2707.9809462738
0.4219134201 8.0737663776e-02 2754.8240228472
0.4255013830 8.1049389728e-02 2796.2641465795
0.4290893460 8.1345979896e-02 2839.3828576022
0.4326773089 8.1628918997e-02 2884.5998027380
0.4362652719 8.1910582495e-02 2931.8100702811
0.4398532349 8.2181048745e-02 2979.4399846468
0.4434411978 8.2439475742e-02 3020.9850200848
0.4470291608 8.2701527039e-02 3067.7756408053
0.4506171238 8.2953553208e-02 3110.8418959752
0.4542050867 8.3190390494e-02 3157.2128698731
0.4577930497 8.3412952310e-02 3200.2266691902
0.4613810127 8.3642191499e-02 3202.3773591560
0.4649689756 8.3868389875e-02 3204.5805049747
0.4685569386 8.4092914138e-02 3251.6334049594
0.4721449016 8.4417967781e-02 3297.2175410649
0.4757328645 8.4630625288e-02 3344.4278086080
0.4793208275 8.4840321795e-02 3347.0506012493
0.4829087905 8.5035174711e-02 3392.3200022379
0.4864967534 8.5231892533e-02 3394.5231480566
0.4900847164 8.5426044925e-02 3441.5760480412
0.4936726794 8.5603835767e-02 3488.6289480259
0.4972606423 8.5770530518e-02 3490.5698145804
0.5008486053 8.5926027625e-02 3492.9303279576
0.5044365682 8.6072462278e-02 3495.1859296291
0.5080245312 8.6217136439e-02 3536.7834209199
0.5116124942 8.8264832636e-02 3583.8887767573
0.5152004571 8.8390968366e-02 3586.0394667232
