662 109.79050 33.35000 55882.35770 21.65000 299 0.05168 1.21870 g -1
615 113.69200 26.15000 55882.36129 21.65000 299 0.05125 1.28881 g -1
663 117.64379 33.35000 55882.36488 21.65000 299 0.03816 1.28947 g -1
657 70.62833 33.35000 55882.36847 21.65000 299 0.03538 1.00011 g -1
614 106.21029 26.15000 55882.37206 21.65000 299 0.02599 1.15039 g -1
661 101.93721 33.35000 55882.37564 21.65000 299 0.02573 1.08690 g -1
610 76.21760 26.15000 55882.37923 21.65000 299 0.01966 1.00798 g -1
613 98.72857 26.15000 55882.38282 21.65000 299 0.01723 1.06606 g -1
702 71.61980 40.55000 55882.38641 21.65000 299 0.01304 1.01213 g -1
609 68.69200 26.15000 55882.39000 21.65000 299 0.01275 1.02143 g -1
611 83.74320 26.15000 55882.39358 21.65000 299 0.01222 1.00900 g -1
706 106.08185 40.55000 55882.39717 21.65000 299 0.01214 1.06733 g -1
612 91.24686 26.15000 55882.40076 21.65000 299 0.01213 1.01530 g -1
658 78.41211 33.35000 55882.40435 21.65000 299 0.01137 1.00408 g -1
656 62.84456 33.35000 55882.40794 21.65000 299 0.01014 1.05899 g -1
562 88.37309 18.95000 55882.41152 21.65000 299 0.00863 1.03263 g -1
563 95.57843 18.95000 55882.41511 21.65000 299 0.00795 1.03894 g -1
707 114.69867 40.55000 55882.41870 21.65000 299 0.00574 1.07174 g -1
664 125.49707 33.35000 55882.42229 21.65000 299 0.00559 1.13913 g -1
660 94.08393 33.35000 55882.42588 21.65000 299 0.00533 1.00031 g -1
705 97.46504 40.55000 55882.42946 21.65000 299 0.00461 1.00934 g -1
564 102.73929 18.95000 55882.43305 21.65000 299 0.00423 1.04030 g -1
743 72.25385 47.75000 55882.43664 21.65000 299 0.00396 1.08685 g -1
1660 115.64660 29.75000 55882.44023 21.65000 299 0.00380 1.03933 g -1
780 82.05244 54.95000 55882.44382 21.65000 299 0.00368 1.09957 g -1
561 81.12327 18.95000 55882.44740 21.65000 299 0.00357 1.08064 g -1
565 109.79245 18.95000 55882.45099 21.65000 299 0.00324 1.04154 g -1
1659 107.99550 29.75000 55882.45458 21.65000 299 0.00291 1.00508 g -1
744 81.85354 47.75000 55882.45817 21.65000 299 0.00263 1.07856 g -1
703 80.23141 40.55000 55882.46176 21.65000 299 0.00219 1.07264 g -1
659 86.23064 33.35000 55882.46534 21.65000 299 0.00192 1.04571 g -1
701 63.07173 40.55000 55882.46893 21.65000 299 0.00164 1.23830 g -1
779 71.12768 54.95000 55882.47252 21.65000 299 0.00162 1.20789 g -1
745 91.27823 47.75000 55882.47611 21.65000 299 0.00152 1.06678 g -1
781 92.97719 54.95000 55882.47969 21.65000 299 0.00146 1.10577 g -1
560 73.87345 18.95000 55882.48328 21.65000 299 0.00142 1.26505 g -1
1658 100.33600 29.75000 55882.48687 21.65000 299 0.00140 1.02431 g -1
1700 70.92050 36.95000 55882.49046 21.65000 299 0.00140 1.24297 g -1
1654 69.69763 29.75000 55882.49405 21.65000 299 0.00133 1.30754 g -1
608 61.16640 26.15000 55882.49763 21.65000 299 0.00127 1.53968 g -1
1655 77.35732 29.75000 55882.50122 21.65000 299 0.00119 1.23468 g -1
1705 112.76807 36.95000 55882.50481 21.65000 299 0.00106 1.00867 g -1
1704 104.40156 36.95000 55882.50840 21.65000 299 0.00101 1.03493 g -1
746 100.70292 47.75000 55882.51199 21.65000 299 0.00094 1.08100 g -1
742 62.43545 47.75000 55882.51557 21.65000 299 0.00088 1.49661 g -1
513 99.62356 11.75000 55882.51916 21.65000 299 0.00078 1.18481 g -1
514 106.74867 11.75000 55882.52275 21.65000 299 0.00074 1.14002 g -1
1608 89.82100 22.55000 55882.52634 21.65000 299 0.00066 1.23189 g -1
559 66.62364 18.95000 55882.52993 21.65000 299 0.00065 1.87508 g -1
616 121.17371 26.15000 55883.30758 21.65000 299 0.06392 2.03102 g -1
566 116.84562 18.95000 55883.31117 21.65000 299 0.00912 1.94618 g -1
1612 118.99737 22.55000 55883.31475 21.65000 299 0.00212 1.89498 g -1
1661 123.13482 29.75000 55883.31834 21.65000 299 0.00153 1.86062 g -1
567 123.89878 18.95000 55883.32552 21.65000 299 0.04089 2.03978 g -1
617 128.65543 26.15000 55883.32911 21.65000 299 0.01793 2.01644 g -1
1613 126.40279 22.55000 55883.33269 21.65000 299 0.00251 1.93707 g -1
516 121.29889 11.75000 55883.33628 21.65000 299 0.00207 1.93234 g -1
616 121.17371 26.15000 55883.33698 21.65000 299 0.06392 1.61739 r -1
662 109.79050 33.35000 55883.34056 21.65000 299 0.05168 1.28857 r -1
615 113.69200 26.15000 55883.34415 21.65000 299 0.05125 1.37749 r -1
567 123.89878 18.95000 55883.34774 21.65000 299 0.04089 1.69922 r -1
663 117.64379 33.35000 55883.35133 21.65000 299 0.03816 1.35231 r -1
657 70.62833 33.35000 55883.35492 21.65000 299 0.03538 1.00088 r -1
