0.0000000000 3.4364700834e-01 47.5774585129
0.0035879630 6.6204722040e-01 94.4729909391
0.0071759259 7.4058183315e-01 140.7915089842
0.0107638889 7.7004702764e-01 186.4281009425
0.0143518519 7.9360732886e-01 232.7466189876
0.0179398148 8.1666499318e-01 278.4881226516
0.0215277778 8.3537548183e-01 280.7437243231
0.0251157408 8.5604867312e-01 291.6020858581
0.0287037037 8.7062698508e-01 338.6549858427
0.0322916667 8.8337555974e-01 385.9701650915
0.0358796296 8.9363836160e-01 434.1770938383
0.0394675926 9.0208806838e-01 481.2299938230
0.0430555556 9.1034209043e-01 528.4402613661
0.0466435185 9.1649391238e-01 575.6505289092
0.0473379630 9.1649391238e-01 575.6505289092
0.0509259260 9.1649391238e-01 575.6505289092
0.0545138889 9.1649391238e-01 575.6505289092
0.0581018519 9.1649391238e-01 575.6505289092
0.0616898149 9.1649391238e-01 575.6505289092
0.0652777778 9.1649391238e-01 575.6505289092
0.0688657408 9.1649391238e-01 575.6505289092
0.0724537037 9.1649391238e-01 575.6505289092
0.0760416667 9.1649391238e-01 575.6505289092
0.0796296297 9.1649391238e-01 575.6505289092
0.0832175926 9.1649391238e-01 575.6505289092
0.0868055556 9.1649391238e-01 575.6505289092
0.9638455580 9.1649391238e-01 575.6505289092
0.9674335209 9.1649391238e-01 575.6505289092
