651 23.92567 33.35000 55906.06929 21.65000 299 0.02097 1.15934 g -1
602 16.01280 26.15000 55906.07287 21.65000 299 0.02040 1.10093 g -1
601 8.48720 26.15000 55906.07646 21.65000 299 0.01579 1.04897 g -1
697 28.87947 40.55000 55906.08005 21.65000 299 0.01479 1.16308 g -1
650 16.14189 33.35000 55906.08364 21.65000 299 0.01444 1.06205 g -1
698 37.42753 40.55000 55906.08723 21.65000 299 0.01078 1.22431 g -1
740 42.36127 47.75000 55906.09081 21.65000 299 0.00393 1.26927 g -1
742 62.43545 47.75000 55906.09440 21.65000 299 0.00384 1.57559 g -1
741 52.39836 47.75000 55906.09799 21.65000 299 0.00331 1.36774 g -1
696 20.38973 40.55000 55906.10158 21.65000 299 0.00314 1.05457 g -1
699 45.97560 40.55000 55906.10517 21.65000 299 0.00233 1.24906 g -1
652 31.70944 33.35000 55906.10875 21.65000 299 0.00194 1.10406 g -1
552 15.87491 18.95000 55906.11234 21.65000 299 0.00162 1.05414 g -1
739 32.32418 47.75000 55906.11593 21.65000 299 0.00144 1.10882 g -1
1647 15.90016 29.75000 55906.11952 21.65000 299 0.00126 1.01407 g -1
649 8.35811 33.35000 55906.12311 21.65000 299 0.00100 1.00027 g -1
1695 29.04478 36.95000 55906.12669 21.65000 299 0.00093 1.04858 g -1
778 60.11656 54.95000 55906.13028 21.65000 299 0.00081 1.32806 g -1
603 23.53840 26.15000 55906.13387 21.65000 299 0.00076 1.02737 g -1
551 8.62509 18.95000 55906.13746 21.65000 299 0.00064 1.03357 g -1
1739 44.44354 44.15000 55906.14105 21.65000 299 0.00055 1.11692 g -1
1694 20.63150 36.95000 55906.14463 21.65000 299 0.00052 1.00585 g -1
743 72.25385 47.75000 55906.14822 21.65000 299 0.00052 1.39451 g -1
1738 35.24538 44.15000 55906.15181 21.65000 299 0.00045 1.05005 g -1
1597 8.72505 22.55000 55906.15540 21.65000 299 0.00043 1.02938 g -1
1598 15.77495 22.55000 55906.15899 21.65000 299 0.00037 1.01972 g -1
744 81.85354 47.75000 55906.16257 21.65000 299 0.00031 1.47042 g -1
1648 23.73953 29.75000 55906.16616 21.65000 299 0.00025 1.00214 g -1
1646 8.59984 29.75000 55906.16975 21.65000 299 0.00021 1.02736 g -1
651 23.92567 33.35000 55906.17044 21.65000 299 0.02097 1.00000 r -1
602 16.01280 26.15000 55906.17403 21.65000 299 0.02040 1.01757 r -1
601 8.48720 26.15000 55906.17762 21.65000 299 0.01579 1.04633 r -1
697 28.87947 40.55000 55906.18121 21.65000 299 0.01479 1.00820 r -1
650 16.14189 33.35000 55906.18480 21.65000 299 0.01444 1.01789 r -1
698 37.42753 40.55000 55906.18838 21.65000 299 0.01078 1.01306 r -1
740 42.36127 47.75000 55906.19197 21.65000 299 0.00393 1.04331 r -1
742 62.43545 47.75000 55906.19556 21.65000 299 0.00384 1.11689 r -1
741 52.39836 47.75000 55906.19915 21.65000 299 0.00331 1.06355 r -1
696 20.38973 40.55000 55906.20274 21.65000 299 0.00314 1.03087 r -1
699 45.97560 40.55000 55906.20632 21.65000 299 0.00233 1.01641 r -1
652 31.70944 33.35000 55906.20991 21.65000 299 0.00194 1.00434 r -1
552 15.87491 18.95000 55906.21350 21.65000 299 0.00162 1.10718 r -1
739 32.32418 47.75000 55906.21709 21.65000 299 0.00144 1.03905 r -1
1647 15.90016 29.75000 55906.22068 21.65000 299 0.00126 1.08194 r -1
649 8.35811 33.35000 55906.22426 21.65000 299 0.00100 1.14363 r -1
1695 29.04478 36.95000 55906.22785 21.65000 299 0.00093 1.02706 r -1
778 60.11656 54.95000 55906.23144 21.65000 299 0.00081 1.09326 r -1
603 23.53840 26.15000 55906.23503 21.65000 299 0.00076 1.07594 r -1
551 8.62509 18.95000 55906.23861 21.65000 299 0.00064 1.27315 r -1
1739 44.44354 44.15000 55906.24220 21.65000 299 0.00055 1.02082 r -1
1694 20.63150 36.95000 55906.24579 21.65000 299 0.00052 1.10354 r -1
743 72.25385 47.75000 55906.24938 21.65000 299 0.00052 1.06979 r -1
1738 35.24538 44.15000 55906.25297 21.65000 299 0.00045 1.05085 r -1
1597 8.72505 22.55000 55906.25655 21.65000 299 0.00043 1.34245 r -1
1598 15.77495 22.55000 55906.26014 21.65000 299 0.00037 1.25303 r -1
744 81.85354 47.75000 55906.26373 21.65000 299 0.00031 1.08879 r -1
1648 23.73953 29.75000 55906.26732 21.65000 299 0.00025 1.15415 r -1
1646 8.59984 29.75000 55906.27091 21.65000 299 0.00021 1.38069 r -1
