0.3687552985 2.1356746298e-03 47.5250026601
0.3723432615 5.6197157463e-03 94.7877260560
0.3759312244 6.5046586821e-03 137.6966136675
0.3795191874 7.3134524135e-03 185.0642487691
0.3831071504 7.8462057346e-03 226.8715634711
0.3866951133 8.2000614234e-03 273.8720076030
0.3902830763 8.5510284833e-03 315.3121313353
0.3938710393 8.8615366255e-03 361.6831052332
0.3974590022 9.1297783941e-03 408.7360052178
0.4010469652 9.3823022249e-03 456.0511844666
0.4046349282 9.6036413737e-03 503.8384663908
0.4082228911 9.8211368160e-03 550.9962780811
0.4118108541 1.0031548830e-02 598.4163690356
0.4153988171 1.0241442425e-02 645.9938275485
0.4189867800 1.0446127853e-02 693.2565509444
0.4225747430 1.0649911658e-02 740.3094509291
0.4261627059 1.0852891277e-02 787.4672626194
0.4297506689 1.1003091318e-02 829.3270331743
0.4333386319 1.1189462534e-02 876.3799331589
0.4369265948 1.1375093859e-02 923.0131863210
0.4405145578 1.1559062944e-02 970.2759097169
0.4441025208 1.1742869106e-02 1017.4861772601
0.4476904837 1.1926270419e-02 1064.5390772447
0.4512784467 1.2109568691e-02 1111.1198745539
0.4548664097 1.2326790042e-02 1158.3301420971
0.4584543726 1.2499317737e-02 1205.3830420817
0.4620423356 1.3427530719e-02 1253.5375149757
0.4656302986 1.3597991184e-02 1301.2723410471
0.4692182615 1.3761550230e-02 1348.2727851789
0.4728062245 1.3925214355e-02 1395.3781410164
0.4763941875 1.4098507478e-02 1439.7557925069
0.4799821504 1.4288115470e-02 1486.0743105520
0.4835701134 1.4526487644e-02 1490.2707787781
0.4871580764 1.4681257078e-02 1536.7466643816
0.4907460393 1.4835875562e-02 1584.0618436304
0.4943340023 1.4988621139e-02 1631.4819345849
0.4979219652 1.5138723046e-02 1679.2692165091
0.5015099282 1.5284698433e-02 1724.4861616448
0.5050978912 1.5430386637e-02 1771.3292382182
0.5086858541 1.5578400647e-02 1817.6477562633
0.5122738171 1.5722606003e-02 1864.1236418668
0.5158617801 1.5865746134e-02 1910.8618067345
0.5194497430 1.6009507672e-02 1958.9113679229
0.5230377060 1.6153777074e-02 2006.4888264358
0.5266256690 1.6294921762e-02 2054.3810200656
0.5302136319 1.6434374476e-02 2101.7486551672
0.5338015949 1.6580813701e-02 2148.5392758878
0.5373895579 1.6716088773e-02 2195.5921758724
0.5409775208 1.6847575406e-02 2242.8024434155
0.5445654838 1.6982110302e-02 2289.6455199889
0.5481534468 1.7114097988e-02 2337.4852577659
0.5517414097 1.7243528694e-02 2382.4399236375
0.5553293727 1.7377910031e-02 2429.7026470335
0.5589173356 1.7503900335e-02 2475.7588858145
0.5625052986 1.7635160156e-02 2523.4412560330
0.5660932616 1.7757711705e-02 2567.2943489953
0.5696812245 1.7882212752e-02 2615.0291750667
0.5732691875 1.8005768227e-02 2661.7673399344
0.5768571505 1.8131510923e-02 2709.5546218586
0.5804451134 1.8228071643e-02 2752.6208770285
0.5840330764 1.8346225502e-02 2800.0409679829
0.5876210394 1.8460823538e-02 2845.3103689715
0.5912090023 1.8568190205e-02 2888.1143448773
0.5947969653 1.8684196239e-02 2935.4819799789
0.5983849283 1.8802488984e-02 2983.2692619031
0.6019728912 1.8917352865e-02 3030.6368970047
0.6055608542 1.9024887355e-02 3075.4341953178
0.6091488172 1.9129173764e-02 3121.1232431290
0.6127367801 1.9239813636e-02 3168.4908782306
0.6163247431 1.9340635548e-02 3210.7178397553
0.6199127061 1.9453260202e-02 3258.2428424154
0.6235006690 1.9558822097e-02 3303.5646992568
0.6270886320 1.9663596354e-02 3351.7716280036
0.6306765949 1.9767682900e-02 3398.8245279883
0.6342645579 1.9870463281e-02 3444.7233992108
0.6378525209 1.9972516388e-02 3490.8320938445
0.6414404838 2.0073300188e-02 3538.4095523575
0.6450284468 2.0180775893e-02 3585.7771874591
0.6486164098 2.0313182142e-02 3628.7909867761
0.6522043727 2.0422523800e-02 3672.3293446215
0.6557923357 2.0518856560e-02 3717.2315546403
0.6593802987 2.0643621201e-02 3764.5467338890
0.6629682616 2.0742549529e-02 3808.4522827041
0.6665562246 2.0844779876e-02 3855.7150061001
0.6701441876 2.0941388915e-02 3902.7679060848
0.6737321505 2.1043858593e-02 3949.8208060694
0.6773201135 2.1145521213e-02 3996.8737060541
0.6809080765 2.1273745472e-02 4040.3596080466
0.6844960394 2.1379754108e-02 4087.5698755897
0.6880840024 2.1587047866e-02 4130.5836749068
0.6916719654 2.1741471307e-02 4175.8530758953
0.6952599283 2.1849836120e-02 4222.9059758800
0.6988478913 2.1956517021e-02 4270.0637875703
0.7024358542 2.2071089940e-02 4317.9035253473
0.7060238172 2.2594423305e-02 4359.3961049325
0.7096117802 2.3612988587e-02 4403.5114771589
0.7131997431 2.3945602497e-02 4450.8266564076
0.7167877061 2.4091682115e-02 4497.7221888338
0.7203756691 2.4912394859e-02 4543.1489573809
0.7239636320 2.6588026936e-02 4586.2152125508
0.7275515950 2.6855747569e-02 4634.0024944750
0.7311395580 2.6994477952e-02 4681.6848646935
0.7347275209 2.7480846575e-02 4726.7968981236
0.7383154839 2.7730258578e-02 4772.5384017876
0.7419034469 2.9139793816e-02 4816.0767596330
0.7454914098 3.0023430030e-02 4861.0838813574
0.7490793728 3.0305480941e-02 4906.7204733158
0.7526673358 3.2926667539e-02 4948.2130529009
0.7562552987 3.3539199549e-02 4996.2626140892
0.7598432617 3.5797547883e-02 5039.2239575535
0.7634312247 3.6336096288e-02 5084.4409026892
0.7670191876 3.6553855196e-02 5132.0708170550
0.7706071506 3.7378239916e-02 5175.9239100173
0.7741951135 3.7581458372e-02 5221.6654136813
0.7777830765 3.7809025851e-02 5269.1379604885
0.7813710395 3.7984030557e-02 5316.1908604732
0.7849590024 3.8151971322e-02 5364.2928775143
0.7885469654 3.8284683036e-02 5411.5556009103
0.7921349284 3.8413667041e-02 5457.7692072497
0.7957228913 3.8540153611e-02 5503.4582550609
0.7993108543 3.8679036360e-02 5550.5111550456
0.8028988173 3.8809033961e-02 5597.4591433246
0.8064867802 3.8943502453e-02 5644.6169550149
0.8100747432 3.9073661412e-02 5691.6698549995
0.8136627062 3.9203606998e-02 5739.4571369237
0.8172506691 3.9325948550e-02 5786.5100369084
0.8208386321 3.9441501254e-02 5832.4613639837
0.8244265951 3.9559060399e-02 5878.6225144703
0.8280145580 3.9669234281e-02 5925.8327820134
0.8316025210 3.9775894879e-02 5971.9939325001
0.8351904840 3.9882959330e-02 6019.3615676017
0.8387784469 3.9981910367e-02 6064.4736010318
0.8423664099 4.0081460100e-02 6111.4740451636
0.8459543728 4.0178543869e-02 6157.1106371219
0.8495423358 4.0280221863e-02 6204.4782722236
0.8531302988 4.0375268858e-02 6251.6360839139
0.8567182617 4.0468364309e-02 6290.7681501218
0.8603062247 4.0559415340e-02 6336.4571979330
0.8638941877 4.0649600979e-02 6382.6183484196
0.8674821506 4.0740578263e-02 6427.7828377025
