507 57.64762 11.75000 55914.07111 21.65000 299 0.00214 2.00353 g -1
454 54.31528 4.55000 55914.07470 21.65000 299 0.00664 2.01670 g -1
403 50.90865 -2.65000 55914.08188 21.65000 299 0.00241 2.00540 g -1
508 64.63187 11.75000 55914.08905 21.65000 299 0.00237 2.02988 g -1
455 61.32616 4.55000 55914.09264 21.65000 299 0.00808 2.04399 g -1
404 57.93750 -2.65000 55914.09982 21.65000 299 0.04135 2.03132 g -1
1397 57.15007 -6.25000 55914.10699 21.65000 299 0.00390 2.02888 g -1
352 54.54511 -9.85000 55914.11058 21.65000 299 0.07782 2.02264 g -1
1344 53.87329 -13.45000 55914.12135 21.65000 299 0.00374 2.01455 g -1
353 61.59430 -9.85000 55914.12852 21.65000 299 0.01262 2.04692 g -1
301 51.20061 -17.05000 55914.13211 21.65000 299 0.00697 1.97254 g -1
1345 60.81050 -13.45000 55914.13929 21.65000 299 0.00157 2.03209 g -1
302 58.28254 -17.05000 55914.14646 21.65000 299 0.13966 2.03261 g -1
1294 55.64929 -20.65000 55914.15723 21.65000 299 0.00579 2.03046 g -1
303 65.36446 -17.05000 55914.16799 21.65000 299 0.00697 2.01053 g -1
252 52.91189 -24.25000 55914.17875 21.65000 299 0.00658 2.00619 g -1
1295 62.88250 -20.65000 55914.18234 21.65000 299 0.00339 1.98394 g -1
253 60.30496 -24.25000 55914.19669 21.65000 299 0.13310 2.02235 g -1
254 67.69804 -24.25000 55914.21822 21.65000 299 0.01268 2.01615 g -1
361 118.01850 -9.85000 55914.28639 21.65000 299 0.00210 2.02623 g -1
311 121.94304 -17.05000 55914.32586 21.65000 299 0.00499 2.00083 g -1
261 119.39571 -24.25000 55914.36174 21.65000 299 0.00421 2.01764 g -1
404 57.93750 -2.65000 55914.36243 21.65000 299 0.04135 1.71245 r -1
353 61.59430 -9.85000 55914.36602 21.65000 299 0.01262 1.88829 r -1
455 61.32616 4.55000 55914.36961 21.65000 299 0.00808 1.51607 r -1
454 54.31528 4.55000 55914.37320 21.65000 299 0.00664 1.74757 r -1
311 121.94304 -17.05000 55914.37679 21.65000 299 0.00499 1.64715 r -1
261 119.39571 -24.25000 55914.38037 21.65000 299 0.00421 1.92658 r -1
508 64.63187 11.75000 55914.38396 21.65000 299 0.00237 1.43137 r -1
507 57.64762 11.75000 55914.38755 21.65000 299 0.00214 1.63800 r -1
361 118.01850 -9.85000 55914.39114 21.65000 299 0.00210 1.38300 r -1
