0.0000000000 4.4789770936e-02 47.3151792488
0.0035879630 7.3366314085e-02 95.1024611730
0.0071759259 9.8595354780e-02 141.5783467766
0.0107638889 1.0381590145e-01 189.3131728479
0.0143518519 1.0730206459e-01 236.3660728326
0.0179398148 1.1105726114e-01 283.6287962285
0.0215277778 1.1404275479e-01 290.3431453902
0.0251157408 1.1536306631e-01 297.3722296689
0.0287037037 1.1588259994e-01 340.5958523973
0.0322916667 1.1673207941e-01 387.1766497065
0.0358796296 1.1756941397e-01 434.4393731024
0.0394675926 1.1836141965e-01 481.4922730871
0.8566308148 1.2236400925e-01 506.0416122095
0.8889224815 1.2445362216e-01 536.2561834371
0.9104502593 1.2770718500e-01 581.5780402785
0.9111447038 1.2770718500e-01 581.5780402785
0.9147326667 1.2770718500e-01 581.5780402785
0.9183206297 1.2770718500e-01 581.5780402785
0.9219085927 1.2770718500e-01 581.5780402785
0.9254965556 1.2770718500e-01 581.5780402785
0.9290845186 1.2770718500e-01 581.5780402785
0.9326724815 1.2770718500e-01 581.5780402785
0.9362604445 1.2770718500e-01 581.5780402785
0.9398484075 1.2770718500e-01 581.5780402785
0.9434363704 1.2770718500e-01 581.5780402785
0.9470243334 1.2770718500e-01 581.5780402785
0.9506122964 1.2770718500e-01 581.5780402785
0.9542002593 1.2770718500e-01 581.5780402785
0.9577882223 1.2770718500e-01 581.5780402785
0.9613761853 1.2770718500e-01 581.5780402785
