0.2065889903 5.5884375041e-04 46.8430765733
0.2101769533 9.7382098157e-04 94.4205350863
0.2137649163 1.3727761162e-03 142.2078170105
0.2173528792 1.7225381952e-03 188.1066882330
0.2209408422 2.0199919678e-03 233.6908243385
0.2568204718 2.5670365261e-03 281.3731945570
0.3106399163 2.8550788774e-03 328.5310062473
0.3178158422 3.1886277788e-03 375.5839062320
0.3393436200 5.1519085885e-03 422.6368062166
0.3465195460 6.9915392040e-03 470.2667205824
0.3501075089 1.0182983735e-02 484.1150657284
0.3572834349 1.1415832290e-02 531.1679657130
0.3644593608 1.5847150436e-02 556.9237894504
0.3680473237 2.8025353042e-02 582.1025988068
0.3788112126 3.6788539005e-02 606.8093054877
0.3859871386 4.1255023585e-02 643.6333141713
0.3895751015 4.2584763557e-02 678.8311914174
0.3967510275 5.1665920086e-02 702.5412368946
0.4039269534 6.2152281517e-02 726.6709291944
0.4218667682 6.2460856664e-02 763.2851144667
0.4290426942 6.2857346984e-02 810.5478378627
0.4326306571 6.8060329353e-02 835.0971769851
0.4505704719 7.0797459991e-02 869.2459371746
0.4720982497 7.1469866092e-02 905.3355639187
0.4727926942 7.1469866092e-02 905.3355639187
0.4763806571 7.1469866092e-02 905.3355639187
0.4799686201 7.1469866092e-02 905.3355639187
0.4835565831 7.1469866092e-02 905.3355639187
0.4871445460 7.1469866092e-02 905.3355639187
0.4907325090 7.1469866092e-02 905.3355639187
0.4943204720 7.1469866092e-02 905.3355639187
0.4979084349 7.1469866092e-02 905.3355639187
0.5014963979 7.1469866092e-02 905.3355639187
0.5050843609 7.1469866092e-02 905.3355639187
0.5086723238 7.1469866092e-02 905.3355639187
0.5122602868 7.1469866092e-02 905.3355639187
0.5158482498 7.1469866092e-02 905.3355639187
0.5194362127 7.1469866092e-02 905.3355639187
0.5230241757 7.1469866092e-02 905.3355639187
0.5266121387 7.1469866092e-02 905.3355639187
0.5302001016 7.1469866092e-02 905.3355639187
0.5337880646 7.1469866092e-02 905.3355639187
0.5373760275 7.1469866092e-02 905.3355639187
