850 300.00000 69.35000 55878.07247 21.65000 299 0.00933 1.26739 g -1
831 340.00000 62.15000 55878.07606 21.65000 299 0.00755 1.16655 g -1
832 353.33333 62.15000 55878.07965 21.65000 299 0.00611 1.21333 g -1
694 3.46860 40.55000 55878.08324 21.65000 299 0.00509 1.17252 g -1
768 312.24615 47.75000 55878.08682 21.65000 299 0.00434 1.05046 g -1
851 317.14286 69.35000 55878.09041 21.65000 299 0.00409 1.24422 g -1
804 345.77437 54.95000 55878.09400 21.65000 299 0.00386 1.10102 g -1
805 356.36462 54.95000 55878.09759 21.65000 299 0.00380 1.13708 g -1
730 312.82187 40.55000 55878.10118 21.65000 299 0.00379 1.04245 g -1
399 22.79327 -2.65000 55878.10476 21.65000 299 0.00335 1.96491 g -1
736 2.21291 47.75000 55878.10835 21.65000 299 0.00327 1.10991 g -1
731 321.31160 40.55000 55878.11194 21.65000 299 0.00316 1.02723 g -1
347 19.29919 -9.85000 55878.11553 21.65000 299 0.00313 1.96080 g -1
450 26.27176 4.55000 55878.11912 21.65000 299 0.00303 1.67925 g -1
829 313.33333 62.15000 55878.12270 21.65000 299 0.00295 1.19462 g -1
689 321.65544 33.35000 55878.12629 21.65000 299 0.00282 1.03824 g -1
828 300.00000 62.15000 55878.12988 21.65000 299 0.00263 1.28685 g -1
348 26.34837 -9.85000 55878.13347 21.65000 299 0.00258 1.98280 g -1
449 19.26088 4.55000 55878.13706 21.65000 299 0.00258 1.37771 g -1
803 335.18412 54.95000 55878.14064 21.65000 299 0.00251 1.08511 g -1
852 334.28571 69.35000 55878.14423 21.65000 299 0.00249 1.24793 g -1
297 22.87289 -17.05000 55878.14782 21.65000 299 0.00250 2.01777 g -1
296 15.79096 -17.05000 55878.15141 21.65000 299 0.00247 1.80188 g -1
735 355.03720 40.55000 55878.15500 21.65000 299 0.00231 1.00995 g -1
400 29.82212 -2.65000 55878.15858 21.65000 299 0.00229 1.57689 g -1
502 22.72637 11.75000 55878.16217 21.65000 299 0.00224 1.21285 g -1
503 29.71062 11.75000 55878.16576 21.65000 299 0.00223 1.28024 g -1
830 326.66667 62.15000 55878.16935 21.65000 299 0.00223 1.21052 g -1
801 313.28596 54.95000 55878.17294 21.65000 299 0.00221 1.25743 g -1
769 322.06455 47.75000 55878.17652 21.65000 299 0.00219 1.16465 g -1
398 15.76442 -2.65000 55878.18011 21.65000 299 0.00218 1.28653 g -1
695 11.90000 40.40000 55878.18370 21.65000 299 0.00212 1.01945 g -1
734 346.60580 40.55000 55878.18729 21.65000 299 0.00206 1.03290 g -1
649 8.35811 33.35000 55878.19088 21.65000 299 0.00206 1.00237 g -1
451 33.28264 4.55000 55878.19446 21.65000 299 0.00188 1.28717 g -1
554 30.37455 18.95000 55878.19805 21.65000 299 0.00180 1.11151 g -1
644 330.85920 26.15000 55878.20164 21.65000 299 0.00179 1.18515 g -1
772 352.17582 47.75000 55878.20523 21.65000 299 0.00175 1.05847 g -1
346 12.25000 -9.85000 55878.20881 21.65000 299 0.00169 1.37151 g -1
802 324.38344 54.95000 55878.21240 21.65000 299 0.00166 1.28773 g -1
648 0.57433 33.35000 55878.21599 21.65000 299 0.00163 1.01583 g -1
806 6.66667 62.15000 55878.21958 21.65000 299 0.00162 1.14602 g -1
553 23.12473 18.95000 55878.22317 21.65000 299 0.00158 1.04008 g -1
773 6.95487 54.95000 55878.22675 21.65000 299 0.00158 1.08387 g -1
504 36.69487 11.75000 55878.23034 21.65000 299 0.00155 1.12815 g -1
690 329.43922 33.35000 55878.23393 21.65000 299 0.00151 1.32792 g -1
555 37.62436 18.95000 55878.23752 21.65000 299 0.00150 1.07107 g -1
501 15.74212 11.75000 55878.24111 21.65000 299 0.00149 1.08033 g -1
247 15.94654 -24.25000 55878.24469 21.65000 299 0.00147 1.88398 g -1
770 332.10164 47.75000 55878.24828 21.65000 299 0.00145 1.33260 g -1
295 8.70904 -17.05000 55878.25187 21.65000 299 0.00143 1.65697 g -1
643 323.33360 26.15000 55878.25546 21.65000 299 0.00141 1.73768 g -1
691 337.22300 33.35000 55878.25905 21.65000 299 0.00141 1.34934 g -1
771 342.13873 47.75000 55878.26263 21.65000 299 0.00140 1.27090 g -1
604 31.06400 26.15000 55878.26622 21.65000 299 0.00139 1.00784 g -1
853 351.42857 69.35000 55878.26981 21.65000 299 0.00135 1.35643 g -1
732 329.74300 40.55000 55878.27340 21.65000 299 0.00133 1.56584 g -1
605 38.58960 26.15000 55878.27699 21.65000 299 0.00132 1.00959 g -1
596 332.37600 18.95000 55878.28057 21.65000 299 0.00131 1.88859 g -1
248 23.33961 -24.25000 55878.28416 21.65000 299 0.00131 1.94536 g -1
552 15.87491 18.95000 55878.28775 21.65000 299 0.00127 1.10192 g -1
452 40.29352 4.55000 55878.29134 21.65000 299 0.00126 1.14067 g -1
692 345.00678 33.35000 55878.29493 21.65000 299 0.00125 1.44811 g -1
401 36.85096 -2.65000 55878.29851 21.65000 299 0.00124 1.24152 g -1
505 43.67912 11.75000 55878.30210 21.65000 299 0.00124 1.07520 g -1
653 39.49322 33.35000 55878.30569 21.65000 299 0.00123 1.00330 g -1
556 44.87418 18.95000 55878.30928 21.65000 299 0.00121 1.03252 g -1
601 8.48720 26.15000 55878.31287 21.65000 299 0.00121 1.21402 g -1
737 12.25000 47.75000 55878.31645 21.65000 299 0.00120 1.16674 g -1
448 12.25000 4.55000 55878.32004 21.65000 299 0.00119 1.42826 g -1
733 338.17440 40.55000 55878.32363 21.65000 299 0.00119 1.85555 g -1
349 33.39756 -9.85000 55878.32722 21.65000 299 0.00115 1.46518 g -1
650 16.14189 33.35000 55878.33081 21.65000 299 0.00113 1.17344 g -1
603 23.53840 26.15000 55878.33439 21.65000 299 0.00113 1.13756 g -1
652 31.70944 33.35000 55878.33798 21.65000 299 0.00113 1.06996 g -1
693 352.79056 33.35000 55878.34157 21.65000 299 0.00112 1.68172 g -1
298 29.95482 -17.05000 55878.34516 21.65000 299 0.00110 1.86808 g -1
606 46.11520 26.15000 55878.34875 21.65000 299 0.00110 1.03267 g -1
453 47.30440 4.55000 55878.35233 21.65000 299 0.00110 1.17689 g -1
551 8.62509 18.95000 55878.35592 21.65000 299 0.00109 1.57062 g -1
654 47.27700 33.35000 55878.35951 21.65000 299 0.00107 1.03221 g -1
402 43.87981 -2.65000 55878.36310 21.65000 299 0.00106 1.33501 g -1
602 16.01280 26.15000 55878.36669 21.65000 299 0.00106 1.40132 g -1
600 0.96160 26.15000 55878.37027 21.65000 299 0.00106 1.88540 g -1
506 50.66337 11.75000 55878.37386 21.65000 299 0.00102 1.12948 g -1
300 44.11868 -17.05000 55878.37745 21.65000 299 0.00099 1.81277 g -1
351 47.49593 -9.85000 55878.38104 21.65000 299 0.00096 1.53014 g -1
350 40.44674 -9.85000 55878.38463 21.65000 299 0.00093 1.67899 g -1
655 55.06078 33.35000 55878.38821 21.65000 299 0.00093 1.04291 g -1
557 52.12400 18.95000 55878.39180 21.65000 299 0.00093 1.11076 g -1
699 45.97560 40.55000 55878.39539 21.65000 299 0.00092 1.11252 g -1
651 23.92567 33.35000 55878.39898 21.65000 299 0.00090 1.41947 g -1
607 53.64080 26.15000 55878.40256 21.65000 299 0.00089 1.09400 g -1
403 50.90865 -2.65000 55878.40615 21.65000 299 0.00089 1.44026 g -1
696 20.38973 40.55000 55878.40974 21.65000 299 0.00087 1.53076 g -1
700 54.52367 40.55000 55878.41333 21.65000 299 0.00084 1.09829 g -1
454 54.31528 4.55000 55878.41692 21.65000 299 0.00084 1.31880 g -1
698 37.42753 40.55000 55878.42050 21.65000 299 0.00083 1.29315 g -1
404 57.93750 -2.65000 55878.42409 21.65000 299 0.00080 1.43206 g -1
740 42.36127 47.75000 55878.42768 21.65000 299 0.00079 1.26257 g -1
352 54.54511 -9.85000 55878.43127 21.65000 299 0.00078 1.74475 g -1
353 61.59430 -9.85000 55878.43486 21.65000 299 0.00078 1.61794 g -1
833 8.57143 69.35000 55878.43844 21.65000 299 0.00077 1.84034 g -1
776 38.72562 54.95000 55878.44203 21.65000 299 0.00075 1.38571 g -1
507 57.64762 11.75000 55878.44562 21.65000 299 0.00074 1.32075 g -1
455 61.32616 4.55000 55878.44921 21.65000 299 0.00071 1.38657 g -1
697 28.87947 40.55000 55878.45280 21.65000 299 0.00071 1.71758 g -1
303 65.36446 -17.05000 55878.45638 21.65000 299 0.00070 1.99969 g -1
741 52.39836 47.75000 55878.45997 21.65000 299 0.00069 1.28138 g -1
777 49.31587 54.95000 55878.46356 21.65000 299 0.00067 1.34981 g -1
405 64.96635 -2.65000 55878.46715 21.65000 299 0.00067 1.59063 g -1
862 204.00000 76.55000 55878.47074 21.65000 299 0.00066 1.98627 g -1
671 180.47007 33.35000 55878.47432 21.65000 299 0.00071 2.04760 g -1
739 32.32418 47.75000 55878.47791 21.65000 299 0.00063 1.80636 g -1
312 128.97374 -17.05000 55878.48150 21.65000 299 0.00063 1.70437 g -1
670 172.61679 33.35000 55878.48509 21.65000 299 0.00062 1.60954 g -1
624 181.02743 26.15000 55878.48868 21.65000 299 0.00083 2.00043 g -1
314 143.03513 -17.05000 55878.49226 21.65000 299 0.00062 1.90248 g -1
575 180.32410 18.95000 55878.49585 21.65000 299 0.00085 2.03223 g -1
672 188.32336 33.35000 55878.49944 21.65000 299 0.00070 1.98939 g -1
716 192.25000 40.55000 55878.50303 21.65000 299 0.00062 1.95415 g -1
625 188.50914 26.15000 55878.50662 21.65000 299 0.00090 2.05104 g -1
524 179.49978 11.75000 55878.51020 21.65000 299 0.00073 1.94860 g -1
576 187.38957 18.95000 55878.51379 21.65000 299 0.00112 2.06337 g -1
673 196.17664 33.35000 55878.51738 21.65000 299 0.00072 2.05497 g -1
821 206.66667 62.15000 55878.52097 21.65000 299 0.00065 1.89332 g -1
525 186.77489 11.57000 55878.52456 21.65000 299 0.00089 2.05986 g -1
472 178.56644 4.55000 55878.52814 21.65000 299 0.00064 1.84438 g -1
809 46.66667 62.15000 55878.53173 21.65000 299 0.00062 1.80323 g -1
313 136.00443 -17.05000 55878.53532 21.65000 299 0.00062 1.58998 g -1
845 214.28571 69.35000 55878.53891 21.65000 299 0.00062 1.84961 g -1
315 150.06583 -17.05000 55878.54250 21.65000 299 0.00062 1.69233 g -1
420 170.98000 -2.65000 55878.54608 21.65000 299 0.00061 1.60928 g -1
623 173.54571 26.15000 55878.54967 21.65000 299 0.00061 1.22964 g -1
367 160.43650 -9.85000 55878.55326 21.65000 299 0.00060 1.55018 g -1
