0.1332466201 8.8660500012e-03 47.3151792488
0.1368345831 1.7057950076e-02 93.4238738826
0.1404225461 2.5538556535e-02 140.6341414257
0.1440105090 3.3969248090e-02 188.0542323801
0.1475984720 4.1488600676e-02 235.8415143043
0.1511864349 4.8628542250e-02 279.3798721497
0.1547743979 5.5676980679e-02 324.2296263156
0.1583623609 6.2618821673e-02 370.4432326551
0.1619503238 6.9560764872e-02 417.2863092284
0.1655382868 7.6056908160e-02 462.5032543642
0.1691262498 8.2328011769e-02 505.0974068586
0.1727142127 8.8521655021e-02 552.7797770772
0.1763021757 9.4330770835e-02 598.1016339186
0.1798901387 1.0005816102e-01 641.2203449413
0.1834781016 1.0530686241e-01 688.2732449260
0.1870660646 1.1047671300e-01 732.7558081222
0.1906540276 1.1587391625e-01 780.2283549294
0.1942419905 1.2052401184e-01 825.0781090954
0.1978299535 1.2522102048e-01 870.9245244651
0.2014179165 1.2991431031e-01 915.6693669254
0.2050058794 1.3434148612e-01 961.8305174120
0.2085938424 1.3870505414e-01 1004.8443167291
0.2121818053 1.4312628840e-01 1047.8581160461
0.2157697683 1.4736516559e-01 1095.2257511477
0.2193577313 1.5154351930e-01 1141.2819899287
0.2229456942 1.5576353463e-01 1184.2433333930
0.2265336572 1.5993640974e-01 1232.2928945813
0.2301216202 1.6406240316e-01 1275.9361641323
0.2337095831 1.6832073716e-01 1323.1988875282
0.2372975461 1.7193716431e-01 1365.1111139360
0.2408855091 1.7558238684e-01 1410.3805149245
0.2444734720 1.7932421232e-01 1457.1186797922
0.2480614350 1.8322435306e-01 1504.4338590410
0.2516493980 1.8662675183e-01 1546.6608205657
0.2552373609 1.9022130674e-01 1591.9302215543
0.2588253239 1.9378529163e-01 1639.4552242144
0.2624132869 1.9732331635e-01 1682.5214793843
0.2660012498 2.0078187238e-01 1729.8366586330
0.2695892128 2.0413045537e-01 1776.8895586177
0.2731771758 2.0711171911e-01 1819.9033579348
0.2767651387 2.1020484115e-01 1863.1794365160
0.2803531017 2.1315658410e-01 1910.3897040591
0.2839410646 2.1589146515e-01 1956.9180455155
0.2875290276 2.1853777870e-01 2000.6662267721
0.2911169906 2.2118074497e-01 2043.7849377948
0.2947049535 2.2379587143e-01 2091.2050287493
0.2982929165 2.2632569945e-01 2138.2579287339
0.3018808795 2.2884928988e-01 2181.4815514623
0.3054688424 2.3165757744e-01 2228.7967307111
0.3090568054 2.3407068530e-01 2276.6889243409
0.3126447684 2.3642081024e-01 2323.7418243256
0.3162327313 2.3876065485e-01 2365.2868597635
0.3198206943 2.4086900875e-01 2406.8318952015
0.3234086573 2.4301961432e-01 2452.1012961901
0.3269966202 2.4499157255e-01 2496.5838593863
0.3305845832 2.4704882883e-01 2543.8990386350
0.3341725462 2.4910510850e-01 2591.2666737367
0.3377605091 2.5112391011e-01 2638.4769412798
0.3413484721 2.5315763688e-01 2685.6872088229
0.3449364351 2.5518179399e-01 2731.0090656643
0.3485243980 2.5703081015e-01 2772.8688362192
0.3521123610 2.5901419698e-01 2820.0791037623
0.3557003239 2.6099020719e-01 2863.1453589322
0.3592882869 2.6295656422e-01 2909.0442301547
0.3628762499 2.6490673082e-01 2955.8873067281
0.3664642128 2.6681237341e-01 3001.9960013619
0.3700521758 2.6872977999e-01 3043.4885809470
0.3736401388 2.7059153251e-01 3089.5972755808
0.3772281017 2.7245451147e-01 3134.8142207165
0.3808160647 2.7470492404e-01 3182.9686936105
0.3844040277 2.7656642850e-01 3224.4088173428
0.3879919906 2.7841411036e-01 3271.6715407388
0.3915799536 2.8024707128e-01 3318.6719848706
0.3951679166 2.8205824482e-01 3361.6857841877
0.3987558795 2.8376213107e-01 3404.8044952104
0.4023438425 2.8515401980e-01 3443.6742821542
0.4059318055 2.8691005620e-01 3482.4916132453
0.4095197684 2.8853105300e-01 3527.8134700867
0.4131077314 2.9019856016e-01 3566.7357128833
0.4166956944 2.9171624002e-01 3605.2907647102
0.4202836573 2.9308135602e-01 3641.0656563373
0.4238716203 2.9465996966e-01 3684.7613817412
0.4274595832 2.9615015932e-01 3723.5787128322
0.4310475462 2.9765082054e-01 3770.4742452583
0.4346355092 2.9912053147e-01 3818.2615271826
0.4382234721 3.0070929253e-01 3865.5767064313
0.4418114351 3.0199092096e-01 3905.5480662845
0.4453993981 3.0338146563e-01 3948.7192331601
0.4489873610 3.0487830301e-01 3996.5065150843
0.4525753240 3.0621892302e-01 4038.0515505222
0.4561632870 3.0747879546e-01 4081.7472759260
0.4597512499 3.0871036589e-01 4127.0166769146
0.4633392129 3.0995487925e-01 4174.5416795747
0.4669271759 3.1119845531e-01 4221.5945795593
0.4705151388 3.1244017802e-01 4269.1720380723
0.4741031018 3.1355653850e-01 4316.9068641436
0.4776910648 3.1462461298e-01 4363.5925731585
0.4812790277 3.1566118347e-01 4410.9602082601
0.4848669907 3.1662974585e-01 4454.0264634300
0.4884549537 3.1759128228e-01 4501.0793634147
0.4920429166 3.1876518507e-01 4548.1322633993
0.4956308796 3.1972622027e-01 4587.2643296073
0.4992188425 3.2071257840e-01 4634.3172295919
0.5028068055 3.2217358338e-01 4681.3701295766
0.5063947685 3.2566985963e-01 4728.8426763838
0.5099827314 3.2659932632e-01 4755.8049847363
0.5135706944 3.2748077250e-01 4800.9694740192
0.5171586574 3.2830410070e-01 4827.9317823716
0.5207466203 3.2909823667e-01 4875.0371382091
0.5243345833 3.3060102999e-01 4922.2474057522
0.5279225463 3.3137097728e-01 4949.2097141046
0.5315105092 3.3216611084e-01 4996.8396284703
0.5350984722 3.3291951380e-01 5044.5744545417
0.5386864352 3.3361107251e-01 5089.7389438246
0.5422743981 3.3428602720e-01 5136.1623735754
0.5458623611 3.3498599371e-01 5183.9496554996
0.5494503241 3.3565258759e-01 5225.9143377602
0.5530382870 3.3621131444e-01 5268.7183136659
0.5566262500 3.3678980690e-01 5315.6138460921
0.5602142130 3.3732333324e-01 5362.6667460768
0.5638021759 3.3784457030e-01 5408.9852641218
0.5673901389 3.3835072310e-01 5452.2088868502
0.5709781018 3.3885498498e-01 5495.8521564012
0.5745660648 3.3934542552e-01 5542.9050563858
0.5781540278 3.4006890678e-01 5589.9055005177
0.5817419907 3.4055352276e-01 5616.8678088701
0.5853299537 3.4102163047e-01 5664.0780764132
0.5889179167 3.4537833471e-01 5709.1901098433
0.5925058796 3.4584404144e-01 5747.9025292287
0.5960938426 3.4630061357e-01 5794.8505175077
0.5996818056 3.4673950929e-01 5839.9100950849
0.6032697685 3.4716627967e-01 5885.5466870433
0.6068577315 3.4757987529e-01 5931.2881907073
0.6104456945 3.4914407310e-01 5978.3410906920
0.6140336574 3.4951424680e-01 6024.6596087371
0.6176216204 3.4987048631e-01 6067.7258639070
0.6212095834 3.5019459482e-01 6115.3557782727
0.6247975463 3.5052157720e-01 6117.7162916498
0.6283855093 3.5080683209e-01 6163.4053394610
0.6319734722 3.5108865981e-01 6190.2102802550
