0.5238070400 5.0472641201e-05 47.3676351016
0.6350338919 1.1719368772e-04 95.1549170258
0.6457977808 2.3199430549e-04 142.3651845689
0.6493857438 3.4926763539e-04 189.9426430819
0.6529737067 5.5721182369e-04 236.8381755080
0.6565616697 9.1914921367e-04 284.1533547568
0.6601496327 1.0090840415e-03 331.9406366810
0.6637375956 1.5476279244e-03 378.8886249600
0.6673255586 1.6582712726e-03 426.0988925031
0.6709135216 2.1334469173e-03 472.6796898124
0.6745014845 3.0159664425e-03 518.2638259179
0.6780894475 4.3293881322e-03 565.9986519893
0.6816774105 5.9022340175e-03 612.2122583287
0.6852653734 6.3308847254e-03 657.3767476116
0.6888533364 7.6758837995e-03 704.3771917435
0.6924412994 9.8893214437e-03 750.2760629660
0.6960292623 1.2957629661e-02 797.5912422147
0.6996172253 1.4232160160e-02 845.3260682861
0.7032051883 1.7654574307e-02 892.3265124179
0.7067931512 2.0450190356e-02 939.3794124026
0.7103811142 2.1879708226e-02 986.4323123872
0.7139690772 2.5638193981e-02 1032.0689043456
0.7175570401 3.0408246524e-02 1079.3840835944
0.7211450031 3.4841466393e-02 1126.4894394319
0.7247329660 3.7120790105e-02 1172.2309430959
0.7283209290 4.0455386983e-02 1219.2838430805
0.7319088920 4.2604562751e-02 1266.3367430652
0.7354968549 4.6726239334e-02 1314.1240249894
0.7390848179 5.0771764662e-02 1359.9704403590
0.7426727809 5.3959928901e-02 1405.6594881702
0.7462607438 5.6889219003e-02 1451.9780062153
0.7498487068 5.8942793112e-02 1499.0309062000
0.7534366698 6.0742312809e-02 1546.5034530072
0.7570246327 6.3695714614e-02 1592.1925008184
0.7606125957 6.6914577099e-02 1637.7766369239
0.7642005587 6.8918933475e-02 1685.0393603199
0.7677885216 7.1647520772e-02 1730.2038496028
0.7713764846 7.3288384220e-02 1777.2567495875
0.7749644476 7.4320426121e-02 1819.9558137876
0.7785524105 7.5394999383e-02 1867.0611696251
0.7821403735 7.6600131204e-02 1914.0091579041
0.7857283365 7.7629755566e-02 1961.7439839755
0.7893162994 7.8298876419e-02 2009.0067073714
0.7929042624 7.8893434865e-02 2056.1120632089
0.7964922253 7.9877537475e-02 2101.3290083446
0.8000801883 8.0439076497e-02 2148.3819083293
0.8036681513 8.1262392130e-02 2195.4348083139
0.8072561142 8.1658123612e-02 2239.0256220121
0.8108440772 8.1986596721e-02 2284.1376554422
0.8144320402 8.2725054371e-02 2331.1905554268
0.8180200031 8.3117012526e-02 2378.3483671171
0.8216079661 8.3353636687e-02 2380.8137922000
0.8251959291 8.3577717467e-02 2383.0169380186
0.8287838920 8.3789770176e-02 2430.7517640900
0.8323718550 8.3985451463e-02 2432.8499982030
0.8359598180 8.4167346459e-02 2435.2105115802
0.8395477809 8.4348394322e-02 2437.4661132517
0.8431357439 8.4523389220e-02 2439.6692590704
0.8467237069 8.4694779263e-02 2441.7674931834
0.8503116698 8.4862303311e-02 2488.8203931681
0.8538996328 8.5021494943e-02 2534.9815436547
0.8574875957 8.5182774544e-02 2537.1846894734
0.8610755587 8.5342723261e-02 2539.3878352920
0.8646635217 8.5483701370e-02 2542.0106279333
0.8682514846 8.5622616363e-02 2544.6858764274
0.8718394476 8.5755936952e-02 2547.2037573631
0.8754274106 8.5879684430e-02 2549.7216382987
0.8790153735 8.6376703208e-02 2595.8827887853
0.8826033365 8.6497948236e-02 2597.9810228983
0.8861912995 8.6615825464e-02 2601.6004767433
0.8897792624 8.6735091237e-02 2603.9609901205
0.8933672254 8.6846181880e-02 2651.2761693693
0.8969551884 8.6953757667e-02 2654.8956232142
0.9005431513 8.7054232351e-02 2700.1650242028
0.9041311143 8.7150801202e-02 2702.2108024630
0.9077190773 8.7238708128e-02 2704.4139482817
0.9113070402 8.7326349994e-02 2707.6137553040
0.9148950032 8.7411726374e-02 2710.8135623264
0.9184829662 8.7492763417e-02 2712.8068847338
0.9220709291 8.7566634147e-02 2756.9747128130
0.9256588921 8.7637736718e-02 2759.0204910732
