484 260.66778 4.55000 56019.37172 21.65000 299 0.00390 1.82702 g -1
537 270.92622 11.75000 56019.37531 21.65000 299 0.00455 2.00222 g -1
485 267.50956 4.55000 56019.37889 21.65000 299 0.00461 2.01251 g -1
536 263.95111 11.75000 56019.38248 21.65000 299 0.00356 1.62958 g -1
432 256.06000 -2.65000 56019.38607 21.65000 299 0.00353 1.71004 g -1
433 263.15000 -2.65000 56019.38966 21.65000 299 0.00320 1.90724 g -1
483 253.82600 4.55000 56019.39325 21.65000 299 0.00303 1.43224 g -1
588 274.38447 18.95000 56019.39683 21.65000 299 0.00302 1.65488 g -1
380 252.34217 -9.85000 56019.40042 21.65000 299 0.00287 1.70302 g -1
535 256.97600 11.75000 56019.40401 21.65000 299 0.00277 1.31331 g -1
431 248.97000 -2.65000 56019.40760 21.65000 299 0.00273 1.40810 g -1
587 267.11592 18.95000 56019.41119 21.65000 299 0.00265 1.35562 g -1
379 245.27250 -9.85000 56019.41477 21.65000 299 0.00240 1.49375 g -1
482 246.98422 4.55000 56019.41836 21.65000 299 0.00238 1.22844 g -1
586 259.84737 18.95000 56019.42195 21.65000 299 0.00225 1.19758 g -1
534 250.00089 11.75000 56019.42554 21.65000 299 0.00223 1.15416 g -1
430 241.88000 -2.65000 56019.42913 21.65000 299 0.00215 1.27170 g -1
481 240.14244 4.55000 56019.43271 21.65000 299 0.00190 1.15911 g -1
378 238.20283 -9.85000 56019.43630 21.65000 299 0.00187 1.38446 g -1
585 252.57882 18.95000 56019.43989 21.65000 299 0.00181 1.08628 g -1
533 243.02578 11.75000 56019.44348 21.65000 299 0.00177 1.08817 g -1
328 241.46487 -17.05000 56019.44707 21.65000 299 0.00174 1.58245 g -1
429 234.79000 -2.65000 56019.45065 21.65000 299 0.00170 1.23732 g -1
480 233.30067 4.55000 56019.45424 21.65000 299 0.00152 1.14489 g -1
327 234.43417 -17.05000 56019.45783 21.65000 299 0.00149 1.57656 g -1
377 231.13317 -9.85000 56019.46142 21.65000 299 0.00148 1.39291 g -1
584 245.31027 18.95000 56019.46501 21.65000 299 0.00144 1.03439 g -1
635 263.32629 26.15000 56019.46859 21.65000 299 0.00144 1.05826 g -1
636 270.80800 26.15000 56019.47218 21.65000 299 0.00143 1.09567 g -1
532 236.05067 11.75000 56019.47577 21.65000 299 0.00139 1.08880 g -1
428 227.70000 -2.65000 56019.47936 21.65000 299 0.00135 1.31103 g -1
637 278.28971 26.15000 56019.48295 21.65000 299 0.00133 1.12318 g -1
634 255.84457 26.15000 56019.48653 21.65000 299 0.00125 1.01288 g -1
479 226.45889 4.55000 56019.49012 21.65000 299 0.00121 1.24571 g -1
376 224.06350 -9.85000 56019.49371 21.65000 299 0.00119 1.58003 g -1
326 227.40348 -17.05000 56019.49730 21.65000 299 0.00118 1.79515 g -1
583 238.04173 18.95000 56019.50089 21.65000 299 0.00115 1.06857 g -1
531 229.07556 11.75000 56019.50447 21.65000 299 0.00112 1.18784 g -1
427 220.61000 -2.65000 56019.50806 21.65000 299 0.00107 1.55105 g -1
633 248.36286 26.15000 56019.51165 21.65000 299 0.00103 1.01993 g -1
381 259.41183 -9.85000 56019.51524 21.65000 299 0.00101 1.37226 g -1
329 248.49557 -17.05000 56019.51883 21.65000 299 0.00101 1.61783 g -1
478 219.61711 4.55000 56019.52241 21.65000 299 0.00096 1.52618 g -1
709 131.93230 40.55000 56020.12840 21.65000 299 0.00062 1.01966 g -1
666 141.20364 33.35000 56020.13199 21.65000 299 0.00061 1.03906 g -1
749 128.97700 47.75000 56020.13558 21.65000 299 0.00053 1.03487 g -1
710 140.54911 40.55000 56020.13917 21.65000 299 0.00048 1.03232 g -1
750 138.40169 47.75000 56020.14275 21.65000 299 0.00041 1.04593 g -1
665 133.35036 33.35000 56020.14634 21.65000 299 0.00040 1.00366 g -1
784 125.75146 54.95000 56020.14993 21.65000 299 0.00038 1.07595 g -1
815 126.66667 62.15000 56020.15352 21.65000 299 0.00037 1.14152 g -1
785 136.67622 54.95000 56020.15711 21.65000 299 0.00035 1.07752 g -1
840 128.57143 69.35000 56020.16069 21.65000 299 0.00028 1.23642 g -1
526 193.90000 11.75000 56020.16428 21.65000 299 0.00026 1.91728 g -1
474 192.25000 4.55000 56020.16787 21.65000 299 0.00029 2.01194 g -1
578 201.71129 18.95000 56020.17146 21.65000 299 0.00025 1.95870 g -1
667 149.05693 33.35000 56020.17505 21.65000 299 0.00023 1.01346 g -1
527 201.02511 11.75000 56020.17863 21.65000 299 0.00036 2.01057 g -1
423 192.25000 -2.65000 56020.18222 21.65000 299 0.00029 2.04023 g -1
475 199.09178 4.55000 56020.18581 21.65000 299 0.00040 2.03006 g -1
579 208.96753 18.95000 56020.18940 21.65000 299 0.00036 1.99675 g -1
371 188.71517 -9.85000 56020.19299 21.65000 299 0.00022 2.02611 g -1
528 208.15022 11.75000 56020.19657 21.65000 299 0.00051 2.04404 g -1
859 132.00000 76.55000 56020.20016 21.65000 299 0.00022 1.38282 g -1
476 205.93356 4.55000 56020.20375 21.65000 299 0.00056 2.04855 g -1
580 216.23608 18.95000 56020.20734 21.65000 299 0.00050 2.03719 g -1
424 199.34000 -2.65000 56020.21093 21.65000 299 0.00042 1.89852 g -1
372 195.78483 -9.85000 56020.21451 21.65000 299 0.00033 1.99775 g -1
529 215.12533 11.75000 56020.21810 21.65000 299 0.00067 2.00270 g -1
425 206.43000 -2.65000 56020.22169 21.65000 299 0.00061 2.03682 g -1
477 212.77533 4.55000 56020.22528 21.65000 299 0.00075 2.00179 g -1
581 223.50463 18.95000 56020.22886 21.65000 299 0.00067 2.01086 g -1
373 202.85450 -9.85000 56020.23245 21.65000 299 0.00048 2.02156 g -1
530 222.10044 11.75000 56020.23604 21.65000 299 0.00088 2.02797 g -1
630 225.91771 26.15000 56020.23963 21.65000 299 0.00043 1.77771 g -1
426 213.52000 -2.65000 56020.24322 21.65000 299 0.00082 2.00500 g -1
582 230.77318 18.95000 56020.24680 21.65000 299 0.00088 2.05192 g -1
374 209.92417 -9.85000 56020.25039 21.65000 299 0.00069 2.04616 g -1
631 233.39943 26.15000 56020.25398 21.65000 299 0.00060 1.86874 g -1
678 235.44307 33.35000 56020.25757 21.65000 299 0.00036 1.76527 g -1
679 243.29636 33.35000 56020.26116 21.65000 299 0.00051 2.03638 g -1
632 240.88114 26.15000 56020.26474 21.65000 299 0.00080 2.03531 g -1
323 206.31139 -17.05000 56020.26833 21.65000 299 0.00051 2.02424 g -1
375 216.99383 -9.85000 56020.27192 21.65000 299 0.00092 2.01684 g -1
322 199.28070 -17.05000 56020.27551 21.65000 299 0.00035 1.78309 g -1
723 252.56770 40.55000 56020.27910 21.65000 299 0.00036 2.00231 g -1
680 251.14964 33.35000 56020.28268 21.65000 299 0.00065 2.04002 g -1
629 218.43600 26.15000 56020.28627 21.65000 299 0.00030 1.22959 g -1
324 213.34209 -17.05000 56020.28986 21.65000 299 0.00070 2.00047 g -1
722 243.95089 40.55000 56020.29345 21.65000 299 0.00028 1.55562 g -1
677 227.58979 33.35000 56020.29704 21.65000 299 0.00024 1.26576 g -1
724 261.18452 40.55000 56020.30062 21.65000 299 0.00040 2.03932 g -1
681 259.00293 33.35000 56020.30421 21.65000 299 0.00077 2.04370 g -1
325 220.37278 -17.05000 56020.30780 21.65000 299 0.00092 2.01783 g -1
272 199.53543 -24.25000 56020.31139 21.65000 299 0.00024 1.93477 g -1
273 206.82086 -24.25000 56020.31498 21.65000 299 0.00037 2.01726 g -1
321 192.25000 -17.05000 56020.31856 21.65000 299 0.00023 1.57333 g -1
618 136.13714 26.15000 56020.32215 21.65000 299 0.00023 1.48379 g -1
682 266.85621 33.35000 56020.32574 21.65000 299 0.00074 2.04742 g -1
725 269.80133 40.55000 56020.32933 21.65000 299 0.00039 1.96360 g -1
763 263.37269 47.75000 56020.33292 21.65000 299 0.00021 1.62990 g -1
274 214.10629 -24.25000 56020.33650 21.65000 299 0.00052 2.00886 g -1
628 210.95429 26.15000 56020.34009 21.65000 299 0.00021 1.02953 g -1
764 273.14738 47.75000 56020.34368 21.65000 299 0.00021 1.78921 g -1
683 274.70950 33.35000 56020.34727 21.65000 299 0.00069 2.05120 g -1
726 278.41815 40.55000 56020.35086 21.65000 299 0.00026 1.99915 g -1
275 221.39171 -24.25000 56020.35444 21.65000 299 0.00064 2.02233 g -1
1425 251.23728 -6.25000 56020.35803 21.65000 299 0.00024 1.98827 g -1
1477 254.89831 0.95000 56020.36162 21.65000 299 0.00022 1.81965 g -1
762 253.59800 47.75000 56020.36521 21.65000 299 0.00021 1.26566 g -1
1478 261.85923 0.95000 56020.36880 21.65000 299 0.00024 2.00176 g -1
