0.1995347912 3.4317517215e-03 47.6299143657
0.2031227541 5.9207619646e-03 94.8401819089
0.2067107171 8.4088987593e-03 141.6308026294
0.2102986801 1.0075924854e-02 188.5787909084
0.2138866430 1.1695818448e-02 236.2087052741
0.2174746060 1.3202517025e-02 283.2616052588
0.2210625690 1.4626448486e-02 330.3145052434
0.2246505319 1.5873549662e-02 378.5214339902
0.2282384949 1.7006565696e-02 425.5743339749
0.2318264578 1.9078265513e-02 472.7846015180
0.2354144208 2.0224927371e-02 519.9424132083
0.2390023838 2.1240049272e-02 567.7296951325
0.2425903467 2.2247302659e-02 615.5169770567
0.2461783097 2.3083340886e-02 661.8354951018
0.2497662727 2.4822092575e-02 709.4654094676
0.2533542356 2.5798245737e-02 756.7805887163
0.2569421986 2.7269742303e-02 804.3580472293
0.2605301616 2.8026408513e-02 850.5191977159
0.2641181245 2.8699457979e-02 896.2607013799
0.2677060875 2.9413866514e-02 942.5267635721
0.2712940505 3.0126213506e-02 989.6321194096
0.2748820134 3.1997302064e-02 1036.8423869527
0.2784699764 3.4683152040e-02 1080.3807447981
0.2820579394 3.5348232994e-02 1125.5976899338
0.2856459023 3.8191339125e-02 1170.6048116583
0.2892338653 3.9609947414e-02 1218.3920935825
0.2928218283 4.0754463549e-02 1259.8846731676
0.2964097912 4.4294814269e-02 1305.1016183034
0.2999977542 4.5073418139e-02 1352.5217092578
0.3035857171 4.5748986270e-02 1399.5746092424
0.3071736801 4.8371107406e-02 1445.3161129065
0.3107616431 5.2346689253e-02 1490.5855138950
0.3143496060 5.5426191886e-02 1534.4386068573
0.3179375690 5.6470940680e-02 1581.3341392835
0.3215255320 6.1206439871e-02 1626.3937168608
0.3251134949 6.1798652176e-02 1670.1943539702
0.3287014579 6.5360935437e-02 1715.8309459286
0.3322894209 6.6878369477e-02 1761.4150820341
0.3358773838 6.7972040228e-02 1804.5337930568
0.3394653468 7.1756497619e-02 1849.6982823398
0.3430533098 7.3893213468e-02 1893.5513753020
0.3466412727 7.8259074315e-02 1938.7158645850
0.3502292357 8.1696489059e-02 1984.4049123962
0.3538171987 8.3371477744e-02 2030.3037836186
0.3574051616 8.4246662942e-02 2071.7439073509
0.3609931246 8.4873600583e-02 2116.9608524867
0.3645810876 8.7440682087e-02 2162.1777976224
0.3681690505 9.0379751165e-02 2207.2373751997
0.3717570135 9.2871035140e-02 2252.9788788637
0.3753449764 9.4280537261e-02 2296.0451340336
0.3789329394 9.5671387201e-02 2341.6817259920
0.3825209024 9.6787176438e-02 2385.1151721317
0.3861088653 9.7386827717e-02 2426.6077517168
0.3896968283 9.7920551134e-02 2472.2443436751
0.3932847913 9.9504094355e-02 2517.3563771052
0.3968727542 1.0098839855e-01 2563.0454249164
0.4004607172 1.0236032996e-01 2607.3181647013
0.4040486802 1.0358379033e-01 2652.4301981314
0.4076366431 1.0455288813e-01 2698.2766135011
0.4112246061 1.0508411303e-01 2741.2904128181
0.4148125691 1.0587247830e-01 2786.8745489237
0.4184005320 1.0679009517e-01 2832.0914940594
0.4219884950 1.0749711684e-01 2877.2559833424
0.4255764580 1.0809760197e-01 2922.9450311535
0.4291644209 1.0864078755e-01 2966.0112863234
0.4327523839 1.0916969880e-01 3007.6087776142
0.4363403469 1.0968054277e-01 3053.4551929839
0.4399283098 1.1025405661e-01 3098.6196822668
0.4435162728 1.1075148709e-01 3142.4203193763
0.4471042357 1.1135771924e-01 3187.6372645120
0.4506921987 1.1185983753e-01 3235.3720905834
0.4542801617 1.1234767107e-01 3282.6872698322
0.4578681246 1.1290067898e-01 3330.7368310205
0.4614560876 1.1331855471e-01 3369.8688972285
0.4650440506 1.1374612244e-01 3411.4139326664
0.4686320135 1.1415623461e-01 3459.2012145906
0.4722199765 1.1455924441e-01 3506.5163938394
0.4758079395 1.1495939266e-01 3551.6284272695
0.4793959024 1.1531628578e-01 3593.2259185603
0.4829838654 1.1579069619e-01 3640.6460095147
0.4865718284 1.1612001661e-01 3679.2535171945
0.4901597913 1.1647771311e-01 3718.2282158439
0.4937477543 1.1694061002e-01 3765.5433950927
0.4973357173 1.1729412125e-01 3811.3898104624
0.5009236802 1.1765864222e-01 3859.1770923866
0.5045116432 1.1798812765e-01 3902.8203619376
0.5080996062 1.1830810995e-01 3947.9848512205
0.5116875691 1.1861431335e-01 3995.2475746165
0.5152755321 1.1890740255e-01 4042.7725772765
0.5188634950 1.1915417842e-01 4083.2684956580
0.5224514580 1.1941731965e-01 4130.8984100237
0.5260394210 1.1970629990e-01 4178.3185009781
0.5296273839 1.1991299099e-01 4217.1882879220
0.5332153469 1.2013184021e-01 4260.2545430919
0.5368033099 1.2034520290e-01 4305.3665765220
0.5403912728 1.2056967036e-01 4352.7342116236
0.5439792358 1.2079015701e-01 4398.3183477291
0.5475671988 1.2101352221e-01 4445.1089684496
0.5511551617 1.2122629719e-01 4490.7455604080
0.5547431247 1.2144349153e-01 4492.8437945210
0.5583310877 1.2164739964e-01 4494.8895727812
0.5619190506 1.2183269329e-01 4540.5786205924
0.5655070136 1.2202689942e-01 4579.2910399778
0.5690949766 1.2220588723e-01 4621.5180015025
0.5726829395 1.2238636332e-01 4623.5637797627
0.5762709025 1.2256268729e-01 4625.6620138757
0.5798588655 1.2271985385e-01 4668.7282690456
0.5834468284 1.2287361966e-01 4707.2833208725
0.5870347914 1.2303181655e-01 4751.8707957743
0.5906227543 1.2319307227e-01 4753.8116623289
0.5942107173 1.2335937522e-01 4755.8574405891
